0 0.05275
3e-05 0.05675
6e-05 0.059875
9e-05 0.062375
0.00012 0.0645
0.00015 0.0665
0.00018 0.06825
0.00021 0.069875
0.00024 0.0715
0.00027 0.072875
0.0003 0.07425
0.00033 0.0755
0.00036 0.076625
0.00039 0.07775
0.00042 0.078875
0.00045 0.079875
0.00048 0.080875
0.00051 0.081875
0.00054 0.08275
0.00057 0.083625
0.0006 0.0845
0.00063 0.08525
0.00066 0.086
0.00069 0.086875
0.00072 0.087625
0.00075 0.08825
0.00078 0.089
0.00081 0.089625
0.00084 0.090375
0.00087 0.091
0.0009 0.091625
0.00093 0.09225
0.00096 0.092875
0.00099 0.0935
0.00102 0.094
0.00105 0.094625
0.00108 0.095125
0.00111 0.095625
0.00114 0.096125
0.00117 0.096625
0.0012 0.097125
0.00123 0.097625
0.00126 0.098125
0.00129 0.0985
0.00132 0.099
0.00135 0.0995
0.00138 0.099875
0.00141 0.10025
0.00144 0.10075
0.00147 0.101125
0.0015 0.1015
0.00153 0.101875
0.00156 0.10225
0.00159 0.102625
0.00162 0.103
0.00165 0.10325
0.00168 0.103625
0.00171 0.104
0.00174 0.104375
0.00177 0.104625
0.0018 0.105
0.00183 0.10525
0.00186 0.105625
0.00189 0.105875
0.00192 0.106125
0.00195 0.106375
0.00198 0.10675
0.00201 0.107
0.00204 0.10725
0.00207 0.1075
0.0021 0.10775
0.00213 0.108
0.00216 0.10825
0.00219 0.1085
0.00222 0.10875
0.00225 0.109
0.00228 0.109125
0.00231 0.109375
0.00234 0.109625
0.00237 0.10975
0.0024 0.11
0.00243 0.11025
0.00246 0.110375
0.00249 0.110625
0.00252 0.11075
0.00255 0.111
0.00258 0.111125
0.00261 0.11125
0.00264 0.1115
0.00267 0.111625
0.0027 0.11175
0.00273 0.112
0.00276 0.112125
0.00279 0.11225
0.00282 0.112375
0.00285 0.1125
0.00288 0.112625
0.00291 0.11275
0.00294 0.113
0.00297 0.113125
0.003 0.11325
0.00303 0.11325
0.00306 0.113375
0.00309 0.1135
0.00312 0.113625
0.00315 0.11375
0.00318 0.113875
0.00321 0.114
0.00324 0.114
0.00327 0.114125
0.0033 0.11425
0.00333 0.114375
0.00336 0.114375
0.00339 0.1145
0.00342 0.114625
0.00345 0.114625
0.00348 0.11475
0.00351 0.11475
0.00354 0.114875
0.00357 0.114875
0.0036 0.115
0.00363 0.115
0.00366 0.115125
0.00369 0.115125
0.00372 0.11525
0.00375 0.11525
0.00378 0.11525
0.00381 0.115375
0.00384 0.115375
0.00387 0.115375
0.0039 0.1155
0.00393 0.1155
0.00396 0.1155
0.00399 0.1155
0.00402 0.115625
0.00405 0.115625
0.00408 0.115625
0.00411 0.115625
0.00414 0.115625
0.00417 0.115625
0.0042 0.11575
0.00423 0.11575
0.00426 0.11575
0.00429 0.11575
0.00432 0.11575
0.00435 0.11575
0.00438 0.11575
0.00441 0.11575
0.00444 0.11575
0.00447 0.11575
0.0045 0.11575
0.00453 0.11575
0.00456 0.11575
0.00459 0.115625
0.00462 0.115625
0.00465 0.115625
0.00468 0.1155
0.00471 0.1155
0.00474 0.1155
0.00477 0.115375
0.0048 0.115375
0.00483 0.115375
0.00486 0.11525
0.00489 0.11525
0.00492 0.115125
0.00495 0.115125
0.00498 0.115
0.00501 0.115
0.00504 0.114875
0.00507 0.114875
0.0051 0.11475
0.00513 0.11475
0.00516 0.114625
0.00519 0.114625
0.00522 0.1145
0.00525 0.114375
0.00528 0.114375
0.00531 0.11425
0.00534 0.114125
0.00537 0.114125
0.0054 0.114
0.00543 0.113875
0.00546 0.11375
0.00549 0.11375
0.00552 0.113625
0.00555 0.1135
0.00558 0.113375
0.00561 0.11325
0.00564 0.11325
0.00567 0.113125
0.0057 0.113
0.00573 0.112875
0.00576 0.11275
0.00579 0.112625
0.00582 0.1125
0.00585 0.112375
0.00588 0.11225
0.00591 0.112125
0.00594 0.112
0.00597 0.111875
0.006 0.11175
0.00603 0.111625
0.00606 0.1115
0.00609 0.111375
0.00612 0.11125
0.00615 0.111125
0.00618 0.111
0.00621 0.11075
0.00624 0.110625
0.00627 0.1105
0.0063 0.110375
0.00633 0.11025
0.00636 0.11
0.00639 0.109875
0.00642 0.10975
0.00645 0.109625
0.00648 0.109375
0.00651 0.10925
0.00654 0.109125
0.00657 0.108875
0.0066 0.10875
0.00663 0.108625
0.00666 0.108375
0.00669 0.10825
0.00672 0.108125
0.00675 0.107875
0.00678 0.10775
0.00681 0.1075
0.00684 0.107375
0.00687 0.107125
0.0069 0.107
0.00693 0.10675
0.00696 0.106625
0.00699 0.106375
0.00702 0.10625
0.00705 0.106
0.00708 0.10575
0.00711 0.105625
0.00714 0.105375
0.00717 0.10525
0.0072 0.105
0.00723 0.10475
0.00726 0.104625
0.00729 0.104375
0.00732 0.104125
0.00735 0.103875
0.00738 0.10375
0.00741 0.1035
0.00744 0.10325
0.00747 0.103
0.0075 0.10275
0.00753 0.102625
0.00756 0.102375
0.00759 0.102125
0.00762 0.101875
0.00765 0.101625
0.00768 0.101375
0.00771 0.101125
0.00774 0.100875
0.00777 0.100625
0.0078 0.100375
0.00783 0.100125
0.00786 0.099875
0.00789 0.099625
0.00792 0.099375
0.00795 0.099125
0.00798 0.098875
0.00801 0.098625
0.00804 0.098375
0.00807 0.098125
0.0081 0.097875
0.00813 0.0975
0.00816 0.09725
0.00819 0.097
0.00822 0.09675
0.00825 0.0965
0.00828 0.096125
0.00831 0.095875
0.00834 0.095625
0.00837 0.09525
0.0084 0.095
0.00843 0.09475
0.00846 0.094375
0.00849 0.094125
0.00852 0.093875
0.00855 0.0935
0.00858 0.09325
0.00861 0.092875
0.00864 0.092625
0.00867 0.09225
0.0087 0.092
0.00873 0.091625
0.00876 0.091375
0.00879 0.091
0.00882 0.090625
0.00885 0.090375
0.00888 0.09
0.00891 0.08975
0.00894 0.089375
0.00897 0.089
0.009 0.088625
0.00903 0.088375
0.00906 0.088
0.00909 0.087625
0.00912 0.08725
0.00915 0.087
0.00918 0.086625
0.00921 0.08625
0.00924 0.085875
0.00927 0.0855
0.0093 0.085125
0.00933 0.08475
0.00936 0.084375
0.00939 0.084
0.00942 0.083625
0.00945 0.08325
0.00948 0.082875
0.00951 0.0825
0.00954 0.082125
0.00957 0.08175
0.0096 0.08125
0.00963 0.080875
0.00966 0.0805
0.00969 0.080125
0.00972 0.079625
0.00975 0.07925
0.00978 0.078875
0.00981 0.078375
0.00984 0.078
0.00987 0.077625
0.0099 0.077125
0.00993 0.07675
0.00996 0.07625
0.00999 0.075875
0.01002 0.075375
0.01005 0.075
0.01008 0.0745
0.01011 0.074
0.01014 0.073625
0.01017 0.073125
0.0102 0.072625
0.01023 0.072125
0.01026 0.07175
0.01029 0.07125
0.01032 0.07075
0.01035 0.07025
0.01038 0.06975
0.01041 0.06925
0.01044 0.06875
0.01047 0.06825
0.0105 0.06775
0.01053 0.06725
0.01056 0.06675
0.01059 0.066125
0.01062 0.065625
0.01065 0.065125
0.01068 0.064625
0.01071 0.064
0.01074 0.0635
0.01077 0.062875
0.0108 0.062375
0.01083 0.06175
0.01086 0.06125
0.01089 0.060625
0.01092 0.06
0.01095 0.0595
0.01098 0.058875
0.01101 0.05825
0.01104 0.057625
0.01107 0.057
0.0111 0.056375
0.01113 0.05575
0.01116 0.055125
0.01119 0.0545
0.01122 0.05375
0.01125 0.053125
0.01128 0.0525
0.01131 0.05175
0.01134 0.051125
0.01137 0.050375
0.0114 0.049625
0.01143 0.048875
0.01146 0.04825
0.01149 0.0475
0.01152 0.04675
0.01155 0.045875
0.01158 0.045125
0.01161 0.044375
0.01164 0.0435
0.01167 0.04275
0.0117 0.041875
0.01173 0.041
0.01176 0.04025
0.01179 0.03925
0.01182 0.038375
0.01185 0.0375
0.01188 0.0365
0.01191 0.035625
0.01194 0.034625
0.01197 0.033625
0.012 0.0325
0.01203 0.0315
0.01206 0.030375
0.01209 0.02925
0.01212 0.028
0.01215 0.026875
0.01218 0.0255
0.01221 0.024125
0.01224 0.02275
0.01227 0.02125
0.0123 0.019625
0.01233 0.017875
0.01236 0.015875
0.01239 0.013625
0.01242 0.010875
0.01245 0.007
0.01248 0
0.01251 0
0.01254 0
0.01257 0
0.0126 0
0.01263 0
0.01266 0
0.01269 0
0.01272 0
0.01275 0
0.01278 0
0.01281 0
0.01284 0
0.01287 0
0.0129 0
0.01293 0
