0 952.942870961 
0.000125 952.942871287 
0.00025 952.942871985 
0.000375 952.942873099 
0.0005 952.942874639 
0.000625 952.942876609 
0.00075 952.942879011 
0.000875 952.942881844 
0.001 952.942885111 
0.001125 952.94288881 
0.00125 952.942892943 
0.001375 952.94289751 
0.0015 952.94290251 
0.001625 952.942907944 
0.00175 952.942913811 
0.001875 952.942920112 
0.002 952.942926848 
0.002125 952.942934017 
0.00225 952.94294162 
0.002375 952.942949657 
0.0025 952.942958129 
0.002625 952.942967034 
0.00275 952.942976373 
0.002875 952.942986146 
0.003 952.942996354 
0.003125 952.943006995 
0.00325 952.943018071 
0.003375 952.94302958 
0.0035 952.943041524 
0.003625 952.943053902 
0.00375 952.943066714 
0.003875 952.943079959 
0.004 952.943093639 
0.004125 952.943107754 
0.00425 952.943122302 
0.004375 952.943137284 
0.0045 952.9431527 
0.004625 952.943168551 
0.00475 952.943184835 
0.004875 952.943201553 
0.005 952.943218706 
0.005125 952.943236293 
0.00525 952.943254313 
0.005375 952.943272768 
0.0055 952.943291657 
0.005625 952.94331098 
0.00575 952.943330736 
0.005875 952.943350927 
0.006 952.943371552 
0.006125 952.943392611 
0.00625 952.943414104 
0.006375 952.94343603 
0.0065 952.943458391 
0.006625 952.943481186 
0.00675 952.943504415 
0.006875 952.943528077 
0.007 952.943552174 
0.007125 952.943576705 
0.00725 952.943601669 
0.007375 952.943627068 
0.0075 952.9436529 
0.007625 952.943679166 
0.00775 952.943705866 
0.007875 952.943733 
0.008 952.943760568 
0.008125 952.94378857 
0.00825 952.943817006 
0.008375 952.943845875 
0.0085 952.943875178 
0.008625 952.943904916 
0.00875 952.943935086 
0.008875 952.943965691 
0.009 952.94399673 
0.009125 952.944028202 
0.00925 952.944060108 
0.009375 952.944092447 
0.0095 952.944125221 
0.009625 952.944158428 
0.00975 952.944192069 
0.009875 952.944226143 
0.01 952.944260652 
0.010125 952.944295594 
0.01025 952.944330969 
0.010375 952.944366778 
0.0105 952.944403021 
0.010625 952.944439697 
0.01075 952.944476807 
0.010875 952.944514351 
0.011 952.944552328 
0.011125 952.944590739 
0.01125 952.944629583 
0.011375 952.944668861 
0.0115 952.944708572 
0.011625 952.944748717 
0.01175 952.944789295 
0.011875 952.944830306 
0.012 952.944871751 
0.012125 952.94491363 
0.01225 952.944955942 
0.012375 952.944998687 
0.0125 952.945041865 
0.012625 952.945085477 
0.01275 952.945129522 
0.012875 952.945174001 
0.013 952.945218913 
0.013125 952.945264258 
0.01325 952.945310036 
0.013375 952.945356248 
0.0135 952.945402893 
0.013625 952.945449971 
0.01375 952.945497482 
0.013875 952.945545426 
0.014 952.945593804 
0.014125 952.945642614 
0.01425 952.945691858 
0.014375 952.945741535 
0.0145 952.945791645 
0.014625 952.945842188 
0.01475 952.945893164 
0.014875 952.945944573 
0.015 952.945996415 
0.015125 952.946048689 
0.01525 952.946101397 
0.015375 952.946154538 
0.0155 952.946208111 
0.015625 952.946262118 
0.01575 952.946316557 
0.015875 952.946371429 
0.016 952.946426734 
0.016125 952.946482472 
0.01625 952.946538643 
0.016375 952.946595246 
0.0165 952.946652282 
0.016625 952.94670975 
0.01675 952.946767652 
0.016875 952.946825985 
0.017 952.946884752 
0.017125 952.946943951 
0.01725 952.947003583 
0.017375 952.947063647 
0.0175 952.947124144 
0.017625 952.947185073 
0.01775 952.947246435 
0.017875 952.947308229 
0.018 952.947370456 
0.018125 952.947433115 
0.01825 952.947496206 
0.018375 952.94755973 
0.0185 952.947623686 
0.018625 952.947688074 
0.01875 952.947752895 
0.018875 952.947818147 
0.019 952.947883833 
0.019125 952.94794995 
0.01925 952.948016499 
0.019375 952.948083481 
0.0195 952.948150894 
0.019625 952.94821874 
0.01975 952.948287018 
0.019875 952.948355727 
0.02 952.948424869 
0.020125 952.948494443 
0.02025 952.948564449 
0.020375 952.948634886 
0.0205 952.948705756 
0.020625 952.948777057 
0.02075 952.94884879 
0.020875 952.948920955 
0.021 952.948993551 
0.021125 952.94906658 
0.02125 952.94914004 
0.021375 952.949213932 
0.0215 952.949288255 
0.021625 952.94936301 
0.02175 952.949438197 
0.021875 952.949513815 
0.022 952.949589864 
0.022125 952.949666346 
0.02225 952.949743258 
0.022375 952.949820602 
0.0225 952.949898378 
0.022625 952.949976584 
0.02275 952.950055223 
0.022875 952.950134292 
0.023 952.950213793 
0.023125 952.950293725 
0.02325 952.950374088 
0.023375 952.950454882 
0.0235 952.950536107 
0.023625 952.950617764 
0.02375 952.950699851 
0.023875 952.95078237 
0.024 952.95086532 
0.024125 952.9509487 
0.02425 952.951032512 
0.024375 952.951116754 
0.0245 952.951201427 
0.024625 952.951286531 
0.02475 952.951372066 
0.024875 952.951458032 
0.025 952.951544428 
0.025125 952.951631255 
0.02525 952.951718513 
0.025375 952.951806201 
0.0255 952.95189432 
0.025625 952.95198287 
0.02575 952.95207185 
0.025875 952.95216126 
0.026 952.952251101 
0.026125 952.952341372 
0.02625 952.952432074 
0.026375 952.952523206 
0.0265 952.952614768 
0.026625 952.952706761 
0.02675 952.952799183 
0.026875 952.952892036 
0.027 952.952985319 
0.027125 952.953079032 
0.02725 952.953173176 
0.027375 952.953267749 
0.0275 952.953362752 
0.027625 952.953458185 
0.02775 952.953554048 
0.027875 952.953650341 
0.028 952.953747064 
0.028125 952.953844216 
0.02825 952.953941798 
0.028375 952.95403981 
0.0285 952.954138252 
0.028625 952.954237123 
0.02875 952.954336424 
0.028875 952.954436155 
0.029 952.954536314 
0.029125 952.954636904 
0.02925 952.954737923 
0.029375 952.954839371 
0.0295 952.954941248 
0.029625 952.955043555 
0.02975 952.955146291 
0.029875 952.955249456 
0.03 952.955353051 
0.030125 952.955457074 
0.03025 952.955561527 
0.030375 952.955666409 
0.0305 952.95577172 
0.030625 952.955877459 
0.03075 952.955983628 
0.030875 952.956090225 
0.031 952.956197252 
0.031125 952.956304707 
0.03125 952.95641259 
0.031375 952.956520903 
0.0315 952.956629644 
0.031625 952.956738814 
0.03175 952.956848412 
0.031875 952.956958439 
0.032 952.957068894 
0.032125 952.957179778 
0.03225 952.95729109 
0.032375 952.957402831 
0.0325 952.957515 
0.032625 952.957627597 
0.03275 952.957740622 
0.032875 952.957854075 
0.033 952.957967957 
0.033125 952.958082266 
0.03325 952.958197004 
0.033375 952.958312169 
0.0335 952.958427763 
0.033625 952.958543784 
0.03375 952.958660233 
0.033875 952.95877711 
0.034 952.958894415 
0.034125 952.959012147 
0.03425 952.959130307 
0.034375 952.959248895 
0.0345 952.95936791 
0.034625 952.959487352 
0.03475 952.959607222 
0.034875 952.95972752 
0.035 952.959848245 
0.035125 952.959969397 
0.03525 952.960090976 
0.035375 952.960212982 
0.0355 952.960335416 
0.035625 952.960458277 
0.03575 952.960581565 
0.035875 952.960705279 
0.036 952.960829421 
0.036125 952.96095399 
0.03625 952.961078985 
0.036375 952.961204407 
0.0365 952.961330256 
0.036625 952.961456532 
0.03675 952.961583234 
0.036875 952.961710363 
0.037 952.961837919 
0.037125 952.9619659 
0.03725 952.962094309 
0.037375 952.962223143 
0.0375 952.962352404 
0.037625 952.962482092 
0.03775 952.962612205 
0.037875 952.962742745 
0.038 952.962873711 
0.038125 952.963005103 
0.03825 952.96313692 
0.038375 952.963269164 
0.0385 952.963401834 
0.038625 952.963534929 
0.03875 952.963668451 
0.038875 952.963802398 
0.039 952.96393677 
0.039125 952.964071569 
0.03925 952.964206793 
0.039375 952.964342442 
0.0395 952.964478517 
0.039625 952.964615017 
0.03975 952.964751943 
0.039875 952.964889294 
0.04 952.96502707 
0.040125 952.965165271 
0.04025 952.965303898 
0.040375 952.965442949 
0.0405 952.965582426 
0.040625 952.965722327 
0.04075 952.965862654 
0.040875 952.966003405 
0.041 952.966144581 
0.041125 952.966286182 
0.04125 952.966428207 
0.041375 952.966570657 
0.0415 952.966713531 
0.041625 952.96685683 
0.04175 952.967000554 
0.041875 952.967144702 
0.042 952.967289274 
0.042125 952.96743427 
0.04225 952.967579691 
0.042375 952.967725535 
0.0425 952.967871804 
0.042625 952.968018497 
0.04275 952.968165614 
0.042875 952.968313154 
0.043 952.968461119 
0.043125 952.968609507 
0.04325 952.968758319 
0.043375 952.968907555 
0.0435 952.969057214 
0.043625 952.969207297 
0.04375 952.969357803 
0.043875 952.969508733 
0.044 952.969660086 
0.044125 952.969811862 
0.04425 952.969964061 
0.044375 952.970116684 
0.0445 952.97026973 
0.044625 952.970423199 
0.04475 952.97057709 
0.044875 952.970731405 
0.045 952.970886143 
0.045125 952.971041303 
0.04525 952.971196886 
0.045375 952.971352892 
0.0455 952.97150932 
0.045625 952.971666171 
0.04575 952.971823444 
0.045875 952.97198114 
0.046 952.972139258 
0.046125 952.972297798 
0.04625 952.972456761 
0.046375 952.972616145 
0.0465 952.972775952 
0.046625 952.972936181 
0.04675 952.973096832 
0.046875 952.973257904 
0.047 952.973419399 
0.047125 952.973581315 
0.04725 952.973743653 
0.047375 952.973906412 
0.0475 952.974069593 
0.047625 952.974233196 
0.04775 952.97439722 
0.047875 952.974561665 
0.048 952.974726532 
0.048125 952.974891819 
0.04825 952.975057528 
0.048375 952.975223658 
0.0485 952.97539021 
0.048625 952.975557182 
0.04875 952.975724574 
0.048875 952.975892388 
0.049 952.976060623 
0.049125 952.976229278 
0.04925 952.976398354 
0.049375 952.97656785 
0.0495 952.976737767 
0.049625 952.976908104 
0.04975 952.977078861 
0.049875 952.977250039 
0.05 952.977421637 
0.050125 952.977593655 
0.05025 952.977766093 
0.050375 952.977938951 
0.0505 952.978112229 
0.050625 952.978285927 
0.05075 952.978460045 
0.050875 952.978634582 
0.051 952.978809539 
0.051125 952.978984915 
0.05125 952.979160711 
0.051375 952.979336927 
0.0515 952.979513561 
0.051625 952.979690615 
0.05175 952.979868089 
0.051875 952.980045981 
0.052 952.980224292 
0.052125 952.980403023 
0.05225 952.980582172 
0.052375 952.98076174 
0.0525 952.980941727 
0.052625 952.981122132 
0.05275 952.981302957 
0.052875 952.981484199 
0.053 952.981665861 
0.053125 952.98184794 
0.05325 952.982030438 
0.053375 952.982213354 
0.0535 952.982396688 
0.053625 952.982580441 
0.05375 952.982764611 
0.053875 952.9829492 
0.054 952.983134206 
0.054125 952.98331963 
0.05425 952.983505472 
0.054375 952.983691731 
0.0545 952.983878408 
0.054625 952.984065502 
0.05475 952.984253014 
0.054875 952.984440943 
0.055 952.98462929 
0.055125 952.984818053 
0.05525 952.985007234 
0.055375 952.985196832 
0.0555 952.985386847 
0.055625 952.985577278 
0.05575 952.985768127 
0.055875 952.985959392 
0.056 952.986151074 
0.056125 952.986343172 
0.05625 952.986535687 
0.056375 952.986728618 
0.0565 952.986921966 
0.056625 952.98711573 
0.05675 952.98730991 
0.056875 952.987504506 
0.057 952.987699518 
0.057125 952.987894946 
0.05725 952.98809079 
0.057375 952.98828705 
0.0575 952.988483725 
0.057625 952.988680816 
0.05775 952.988878323 
0.057875 952.989076245 
0.058 952.989274582 
0.058125 952.989473335 
0.05825 952.989672503 
0.058375 952.989872086 
0.0585 952.990072084 
0.058625 952.990272497 
0.05875 952.990473325 
0.058875 952.990674568 
0.059 952.990876225 
0.059125 952.991078297 
0.05925 952.991280784 
0.059375 952.991483685 
0.0595 952.991687001 
0.059625 952.991890731 
0.05975 952.992094875 
0.059875 952.992299433 
0.06 952.992504405 
0.060125 952.992709792 
0.06025 952.992915592 
0.060375 952.993121806 
0.0605 952.993328434 
0.060625 952.993535475 
0.06075 952.99374293 
0.060875 952.993950799 
0.061 952.994159081 
0.061125 952.994367776 
0.06125 952.994576884 
0.061375 952.994786406 
0.0615 952.99499634 
0.061625 952.995206688 
0.06175 952.995417448 
0.061875 952.995628622 
0.062 952.995840208 
0.062125 952.996052206 
0.06225 952.996264617 
0.062375 952.996477441 
0.0625 952.996690677 
0.062625 952.996904325 
0.06275 952.997118386 
0.062875 952.997332858 
0.063 952.997547743 
0.063125 952.997763039 
0.06325 952.997978748 
0.063375 952.998194868 
0.0635 952.9984114 
0.063625 952.998628343 
0.06375 952.998845698 
0.063875 952.999063464 
0.064 952.999281642 
0.064125 952.99950023 
0.06425 952.99971923 
0.064375 952.999938641 
0.0645 953.000158463 
0.064625 953.000378696 
0.06475 953.00059934 
0.064875 953.000820394 
0.065 953.001041859 
0.065125 953.001263735 
0.06525 953.00148602 
0.065375 953.001708717 
0.0655 953.001931823 
0.065625 953.00215534 
0.06575 953.002379266 
0.065875 953.002603603 
0.066 953.00282835 
0.066125 953.003053506 
0.06625 953.003279072 
0.066375 953.003505048 
0.0665 953.003731433 
0.066625 953.003958227 
0.06675 953.004185431 
0.066875 953.004413044 
0.067 953.004641067 
0.067125 953.004869498 
0.06725 953.005098338 
0.067375 953.005327588 
0.0675 953.005557245 
0.067625 953.005787312 
0.06775 953.006017787 
0.067875 953.006248671 
0.068 953.006479963 
0.068125 953.006711664 
0.06825 953.006943772 
0.068375 953.007176289 
0.0685 953.007409214 
0.068625 953.007642547 
0.06875 953.007876287 
0.068875 953.008110435 
0.069 953.008344991 
0.069125 953.008579955 
0.06925 953.008815326 
0.069375 953.009051104 
0.0695 953.00928729 
0.069625 953.009523883 
0.06975 953.009760882 
0.069875 953.009998289 
0.07 953.010236103 
0.070125 953.010474323 
0.07025 953.010712951 
0.070375 953.010951984 
0.0705 953.011191425 
0.070625 953.011431271 
0.07075 953.011671524 
0.070875 953.011912184 
0.071 953.012153249 
0.071125 953.01239472 
0.07125 953.012636597 
0.071375 953.01287888 
0.0715 953.013121569 
0.071625 953.013364663 
0.07175 953.013608163 
0.071875 953.013852069 
0.072 953.014096379 
0.072125 953.014341095 
0.07225 953.014586216 
0.072375 953.014831742 
0.0725 953.015077673 
0.072625 953.015324009 
0.07275 953.015570749 
0.072875 953.015817894 
0.073 953.016065444 
0.073125 953.016313398 
0.07325 953.016561756 
0.073375 953.016810519 
0.0735 953.017059685 
0.073625 953.017309256 
0.07375 953.017559231 
0.073875 953.017809609 
0.074 953.018060391 
0.074125 953.018311577 
0.07425 953.018563167 
0.074375 953.018815159 
0.0745 953.019067555 
0.074625 953.019320355 
0.07475 953.019573557 
0.074875 953.019827162 
0.075 953.020081171 
0.075125 953.020335582 
0.07525 953.020590395 
0.075375 953.020845612 
0.0755 953.021101231 
0.075625 953.021357252 
0.07575 953.021613675 
0.075875 953.021870501 
0.076 953.022127729 
0.076125 953.022385359 
0.07625 953.02264339 
0.076375 953.022901824 
0.0765 953.023160659 
0.076625 953.023419895 
0.07675 953.023679533 
0.076875 953.023939573 
0.077 953.024200013 
0.077125 953.024460855 
0.07725 953.024722098 
0.077375 953.024983742 
0.0775 953.025245786 
0.077625 953.025508231 
0.07775 953.025771077 
0.077875 953.026034324 
0.078 953.02629797 
0.078125 953.026562017 
0.07825 953.026826465 
0.078375 953.027091312 
0.0785 953.027356559 
0.078625 953.027622206 
0.07875 953.027888253 
0.078875 953.028154699 
0.079 953.028421545 
0.079125 953.028688791 
0.07925 953.028956436 
0.079375 953.02922448 
0.0795 953.029492923 
0.079625 953.029761765 
0.07975 953.030031006 
0.079875 953.030300645 
0.08 953.030570684 
0.080125 953.030841121 
0.08025 953.031111956 
0.080375 953.03138319 
0.0805 953.031654822 
0.080625 953.031926852 
0.08075 953.03219928 
0.080875 953.032472106 
0.081 953.03274533 
0.081125 953.033018952 
0.08125 953.033292971 
0.081375 953.033567387 
0.0815 953.033842201 
0.081625 953.034117412 
0.08175 953.03439302 
0.081875 953.034669026 
0.082 953.034945428 
0.082125 953.035222227 
0.08225 953.035499422 
0.082375 953.035777014 
0.0825 953.036055003 
0.082625 953.036333388 
0.08275 953.036612169 
0.082875 953.036891347 
0.083 953.03717092 
0.083125 953.037450889 
0.08325 953.037731254 
0.083375 953.038012015 
0.0835 953.038293171 
0.083625 953.038574723 
0.08375 953.03885667 
0.083875 953.039139012 
0.084 953.03942175 
0.084125 953.039704882 
0.08425 953.039988409 
0.084375 953.040272331 
0.0845 953.040556648 
0.084625 953.040841359 
0.08475 953.041126464 
0.084875 953.041411964 
0.085 953.041697858 
0.085125 953.041984146 
0.08525 953.042270828 
0.085375 953.042557904 
0.0855 953.042845374 
0.085625 953.043133237 
0.08575 953.043421494 
0.085875 953.043710144 
0.086 953.043999187 
0.086125 953.044288624 
0.08625 953.044578453 
0.086375 953.044868676 
0.0865 953.045159291 
0.086625 953.045450299 
0.08675 953.045741699 
0.086875 953.046033492 
0.087 953.046325677 
0.087125 953.046618255 
0.08725 953.046911224 
0.087375 953.047204586 
0.0875 953.047498339 
0.087625 953.047792484 
0.08775 953.048087021 
0.087875 953.048381949 
0.088 953.048677268 
0.088125 953.048972979 
0.08825 953.049269081 
0.088375 953.049565574 
0.0885 953.049862458 
0.088625 953.050159732 
0.08875 953.050457398 
0.088875 953.050755453 
0.089 953.0510539 
0.089125 953.051352736 
0.08925 953.051651963 
0.089375 953.05195158 
0.0895 953.052251586 
0.089625 953.052551983 
0.08975 953.052852769 
0.089875 953.053153945 
0.09 953.05345551 
0.090125 953.053757465 
0.09025 953.054059808 
0.090375 953.054362541 
0.0905 953.054665663 
0.090625 953.054969174 
0.09075 953.055273073 
0.090875 953.055577361 
0.091 953.055882038 
0.091125 953.056187103 
0.09125 953.056492556 
0.091375 953.056798397 
0.0915 953.057104626 
0.091625 953.057411243 
0.09175 953.057718248 
0.091875 953.05802564 
0.092 953.05833342 
0.092125 953.058641588 
0.09225 953.058950142 
0.092375 953.059259084 
0.0925 953.059568412 
0.092625 953.059878128 
0.09275 953.06018823 
0.092875 953.060498719 
0.093 953.060809595 
0.093125 953.061120856 
0.09325 953.061432504 
0.093375 953.061744539 
0.0935 953.062056959 
0.093625 953.062369765 
0.09375 953.062682957 
0.093875 953.062996534 
0.094 953.063310497 
0.094125 953.063624845 
0.09425 953.063939579 
0.094375 953.064254697 
0.0945 953.064570201 
0.094625 953.064886089 
0.09475 953.065202363 
0.094875 953.06551902 
0.095 953.065836063 
0.095125 953.066153489 
0.09525 953.0664713 
0.095375 953.066789495 
0.0955 953.067108074 
0.095625 953.067427037 
0.09575 953.067746384 
0.095875 953.068066114 
0.096 953.068386228 
0.096125 953.068706724 
0.09625 953.069027605 
0.096375 953.069348868 
0.0965 953.069670514 
0.096625 953.069992543 
0.09675 953.070314955 
0.096875 953.070637749 
0.097 953.070960925 
0.097125 953.071284484 
0.09725 953.071608426 
0.097375 953.071932749 
0.0975 953.072257454 
0.097625 953.072582541 
0.09775 953.072908009 
0.097875 953.073233859 
0.098 953.073560091 
0.098125 953.073886703 
0.09825 953.074213697 
0.098375 953.074541072 
0.0985 953.074868827 
0.098625 953.075196964 
0.09875 953.075525481 
0.098875 953.075854378 
0.099 953.076183656 
0.099125 953.076513314 
0.09925 953.076843352 
0.099375 953.07717377 
0.0995 953.077504568 
0.099625 953.077835745 
0.09975 953.078167303 
0.099875 953.078499239 
0.1 953.078831555 
0.100125 953.07916425 
0.10025 953.079497323 
0.100375 953.079830776 
0.1005 953.080164608 
0.100625 953.080498818 
0.10075 953.080833406 
0.100875 953.081168373 
0.101 953.081503718 
0.101125 953.081839442 
0.10125 953.082175543 
0.101375 953.082512022 
0.1015 953.082848878 
0.101625 953.083186113 
0.10175 953.083523724 
0.101875 953.083861713 
0.102 953.084200079 
0.102125 953.084538822 
0.10225 953.084877942 
0.102375 953.085217438 
0.1025 953.085557311 
0.102625 953.085897561 
0.10275 953.086238187 
0.102875 953.086579189 
0.103 953.086920567 
0.103125 953.087262321 
0.10325 953.087604451 
0.103375 953.087946956 
0.1035 953.088289837 
0.103625 953.088633093 
0.10375 953.088976725 
0.103875 953.089320731 
0.104 953.089665113 
0.104125 953.090009869 
0.10425 953.090355 
0.104375 953.090700506 
0.1045 953.091046386 
0.104625 953.09139264 
0.10475 953.091739268 
0.104875 953.09208627 
0.105 953.092433646 
0.105125 953.092781396 
0.10525 953.09312952 
0.105375 953.093478016 
0.1055 953.093826886 
0.105625 953.09417613 
0.10575 953.094525746 
0.105875 953.094875735 
0.106 953.095226097 
0.106125 953.095576831 
0.10625 953.095927938 
0.106375 953.096279417 
0.1065 953.096631268 
0.106625 953.096983492 
0.10675 953.097336087 
0.106875 953.097689054 
0.107 953.098042393 
0.107125 953.098396103 
0.10725 953.098750184 
0.107375 953.099104636 
0.1075 953.09945946 
0.107625 953.099814654 
0.10775 953.10017022 
0.107875 953.100526155 
0.108 953.100882462 
0.108125 953.101239138 
0.10825 953.101596185 
0.108375 953.101953602 
0.1085 953.102311388 
0.108625 953.102669545 
0.10875 953.103028071 
0.108875 953.103386967 
0.109 953.103746231 
0.109125 953.104105865 
0.10925 953.104465869 
0.109375 953.104826241 
0.1095 953.105186981 
0.109625 953.105548091 
0.10975 953.105909568 
0.109875 953.106271415 
0.11 953.106633629 
0.110125 953.106996211 
0.11025 953.107359161 
0.110375 953.107722479 
0.1105 953.108086165 
0.110625 953.108450218 
0.11075 953.108814638 
0.110875 953.109179426 
0.111 953.10954458 
0.111125 953.109910102 
0.11125 953.11027599 
0.111375 953.110642244 
0.1115 953.111008865 
0.111625 953.111375853 
0.11175 953.111743206 
0.111875 953.112110926 
0.112 953.112479011 
0.112125 953.112847462 
0.11225 953.113216279 
0.112375 953.113585461 
0.1125 953.113955008 
0.112625 953.114324921 
0.11275 953.114695198 
0.112875 953.11506584 
0.113 953.115436847 
0.113125 953.115808219 
0.11325 953.116179954 
0.113375 953.116552054 
0.1135 953.116924518 
0.113625 953.117297346 
0.11375 953.117670538 
0.113875 953.118044093 
0.114 953.118418012 
0.114125 953.118792295 
0.11425 953.11916694 
0.114375 953.119541948 
0.1145 953.11991732 
0.114625 953.120293054 
0.11475 953.120669151 
0.114875 953.12104561 
0.115 953.121422431 
0.115125 953.121799615 
0.11525 953.12217716 
0.115375 953.122555068 
0.1155 953.122933337 
0.115625 953.123311967 
0.11575 953.123690959 
0.115875 953.124070312 
0.116 953.124450027 
0.116125 953.124830102 
0.11625 953.125210538 
0.116375 953.125591335 
0.1165 953.125972492 
0.116625 953.126354009 
0.11675 953.126735887 
0.116875 953.127118125 
0.117 953.127500722 
0.117125 953.12788368 
0.11725 953.128266996 
0.117375 953.128650673 
0.1175 953.129034708 
0.117625 953.129419103 
0.11775 953.129803857 
0.117875 953.130188969 
0.118 953.13057444 
0.118125 953.13096027 
0.11825 953.131346458 
0.118375 953.131733004 
0.1185 953.132119908 
0.118625 953.13250717 
0.11875 953.13289479 
0.118875 953.133282767 
0.119 953.133671102 
0.119125 953.134059794 
0.11925 953.134448843 
0.119375 953.134838249 
0.1195 953.135228012 
0.119625 953.135618132 
0.11975 953.136008608 
0.119875 953.136399441 
0.12 953.136790629 
0.120125 953.137182174 
0.12025 953.137574075 
0.120375 953.137966331 
0.1205 953.138358943 
0.120625 953.13875191 
0.12075 953.139145233 
0.120875 953.13953891 
0.121 953.139932943 
0.121125 953.14032733 
0.12125 953.140722072 
0.121375 953.141117169 
0.1215 953.14151262 
0.121625 953.141908424 
0.12175 953.142304583 
0.121875 953.142701096 
0.122 953.143097963 
0.122125 953.143495183 
0.12225 953.143892756 
0.122375 953.144290683 
0.1225 953.144688963 
0.122625 953.145087595 
0.12275 953.145486581 
0.122875 953.145885918 
0.123 953.146285609 
0.123125 953.146685651 
0.12325 953.147086046 
0.123375 953.147486793 
0.1235 953.147887891 
0.123625 953.148289342 
0.12375 953.148691143 
0.123875 953.149093296 
0.124 953.1494958 
0.124125 953.149898655 
0.12425 953.150301861 
0.124375 953.150705418 
0.1245 953.151109325 
0.124625 953.151513582 
0.12475 953.15191819 
0.124875 953.152323148 
0.125 953.152728455 
0.125125 953.153134113 
0.12525 953.15354012 
0.125375 953.153946476 
0.1255 953.154353181 
0.125625 953.154760236 
0.12575 953.15516764 
0.125875 953.155575392 
0.126 953.155983493 
0.126125 953.156391942 
0.12625 953.15680074 
0.126375 953.157209885 
0.1265 953.157619379 
0.126625 953.15802922 
0.12675 953.158439409 
0.126875 953.158849946 
0.127 953.15926083 
0.127125 953.159672061 
0.12725 953.160083638 
0.127375 953.160495563 
0.1275 953.160907835 
0.127625 953.161320452 
0.12775 953.161733417 
0.127875 953.162146727 
0.128 953.162560383 
0.128125 953.162974385 
0.12825 953.163388733 
0.128375 953.163803427 
0.1285 953.164218465 
0.128625 953.164633849 
0.12875 953.165049578 
0.128875 953.165465652 
0.129 953.16588207 
0.129125 953.166298833 
0.12925 953.16671594 
0.129375 953.167133392 
0.1295 953.167551187 
0.129625 953.167969327 
0.12975 953.16838781 
0.129875 953.168806636 
0.13 953.169225806 
0.130125 953.169645319 
0.13025 953.170065176 
0.130375 953.170485375 
0.1305 953.170905916 
0.130625 953.171326801 
0.13075 953.171748027 
0.130875 953.172169596 
0.131 953.172591507 
0.131125 953.17301376 
0.13125 953.173436354 
0.131375 953.17385929 
0.1315 953.174282568 
0.131625 953.174706187 
0.13175 953.175130146 
0.131875 953.175554447 
0.132 953.175979088 
0.132125 953.17640407 
0.13225 953.176829392 
0.132375 953.177255054 
0.1325 953.177681057 
0.132625 953.178107399 
0.13275 953.178534081 
0.132875 953.178961102 
0.133 953.179388463 
0.133125 953.179816163 
0.13325 953.180244202 
0.133375 953.18067258 
0.1335 953.181101297 
0.133625 953.181530352 
0.13375 953.181959745 
0.133875 953.182389477 
0.134 953.182819547 
0.134125 953.183249954 
0.13425 953.183680699 
0.134375 953.184111782 
0.1345 953.184543202 
0.134625 953.184974959 
0.13475 953.185407054 
0.134875 953.185839485 
0.135 953.186272252 
0.135125 953.186705356 
0.13525 953.187138797 
0.135375 953.187572574 
0.1355 953.188006686 
0.135625 953.188441135 
0.13575 953.188875919 
0.135875 953.189311038 
0.136 953.189746493 
0.136125 953.190182283 
0.13625 953.190618408 
0.136375 953.191054867 
0.1365 953.191491661 
0.136625 953.19192879 
0.13675 953.192366253 
0.136875 953.19280405 
0.137 953.193242181 
0.137125 953.193680645 
0.13725 953.194119444 
0.137375 953.194558575 
0.1375 953.19499804 
0.137625 953.195437838 
0.13775 953.195877969 
0.137875 953.196318432 
0.138 953.196759228 
0.138125 953.197200357 
0.13825 953.197641817 
0.138375 953.19808361 
0.1385 953.198525734 
0.138625 953.198968191 
0.13875 953.199410978 
0.138875 953.199854097 
0.139 953.200297547 
0.139125 953.200741328 
0.13925 953.20118544 
0.139375 953.201629883 
0.1395 953.202074655 
0.139625 953.202519759 
0.13975 953.202965192 
0.139875 953.203410955 
0.14 953.203857048 
0.140125 953.204303471 
0.14025 953.204750223 
0.140375 953.205197304 
0.1405 953.205644714 
0.140625 953.206092453 
0.14075 953.206540521 
0.140875 953.206988917 
0.141 953.207437642 
0.141125 953.207886695 
0.14125 953.208336076 
0.141375 953.208785784 
0.1415 953.209235821 
0.141625 953.209686184 
0.14175 953.210136875 
0.141875 953.210587894 
0.142 953.211039239 
0.142125 953.211490911 
0.14225 953.211942909 
0.142375 953.212395234 
0.1425 953.212847885 
0.142625 953.213300862 
0.14275 953.213754165 
0.142875 953.214207794 
0.143 953.214661748 
0.143125 953.215116028 
0.14325 953.215570633 
0.143375 953.216025562 
0.1435 953.216480817 
0.143625 953.216936396 
0.14375 953.2173923 
0.143875 953.217848528 
0.144 953.21830508 
0.144125 953.218761955 
0.14425 953.219219155 
0.144375 953.219676678 
0.1445 953.220134525 
0.144625 953.220592695 
0.14475 953.221051187 
0.144875 953.221510003 
0.145 953.221969141 
0.145125 953.222428602 
0.14525 953.222888385 
0.145375 953.223348491 
0.1455 953.223808918 
0.145625 953.224269667 
0.14575 953.224730737 
0.145875 953.225192129 
0.146 953.225653842 
0.146125 953.226115876 
0.14625 953.226578231 
0.146375 953.227040907 
0.1465 953.227503903 
0.146625 953.22796722 
0.14675 953.228430857 
0.146875 953.228894813 
0.147 953.22935909 
0.147125 953.229823686 
0.14725 953.230288601 
0.147375 953.230753836 
0.1475 953.23121939 
0.147625 953.231685262 
0.14775 953.232151453 
0.147875 953.232617963 
0.148 953.233084791 
0.148125 953.233551937 
0.14825 953.234019402 
0.148375 953.234487184 
0.1485 953.234955283 
0.148625 953.2354237 
0.14875 953.235892434 
0.148875 953.236361486 
0.149 953.236830854 
0.149125 953.237300538 
0.14925 953.23777054 
0.149375 953.238240857 
0.1495 953.238711491 
0.149625 953.239182441 
0.14975 953.239653706 
0.149875 953.240125287 
0.15 953.240597184 
0.150125 953.241069395 
0.15025 953.241541922 
0.150375 953.242014763 
0.1505 953.242487919 
0.150625 953.24296139 
0.15075 953.243435175 
0.150875 953.243909274 
0.151 953.244383687 
0.151125 953.244858413 
0.15125 953.245333454 
0.151375 953.245808807 
0.1515 953.246284474 
0.151625 953.246760454 
0.15175 953.247236746 
0.151875 953.247713351 
0.152 953.248190269 
0.152125 953.248667499 
0.15225 953.249145041 
0.152375 953.249622895 
0.1525 953.25010106 
0.152625 953.250579537 
0.15275 953.251058326 
0.152875 953.251537425 
0.153 953.252016836 
0.153125 953.252496557 
0.15325 953.252976589 
0.153375 953.253456931 
0.1535 953.253937583 
0.153625 953.254418545 
0.15375 953.254899818 
0.153875 953.255381399 
0.154 953.255863291 
0.154125 953.256345491 
0.15425 953.256828001 
0.154375 953.25731082 
0.1545 953.257793947 
0.154625 953.258277383 
0.15475 953.258761127 
0.154875 953.259245179 
0.155 953.259729539 
0.155125 953.260214207 
0.15525 953.260699183 
0.155375 953.261184466 
0.1555 953.261670056 
0.155625 953.262155953 
0.15575 953.262642157 
0.155875 953.263128667 
0.156 953.263615484 
0.156125 953.264102608 
0.15625 953.264590037 
0.156375 953.265077772 
0.1565 953.265565813 
0.156625 953.26605416 
0.15675 953.266542811 
0.156875 953.267031768 
0.157 953.26752103 
0.157125 953.268010597 
0.15725 953.268500468 
0.157375 953.268990643 
0.1575 953.269481123 
0.157625 953.269971906 
0.15775 953.270462994 
0.157875 953.270954385 
0.158 953.271446079 
0.158125 953.271938077 
0.15825 953.272430377 
0.158375 953.272922981 
0.1585 953.273415887 
0.158625 953.273909095 
0.15875 953.274402606 
0.158875 953.274896419 
0.159 953.275390534 
0.159125 953.27588495 
0.15925 953.276379668 
0.159375 953.276874688 
0.1595 953.277370008 
0.159625 953.277865629 
0.15975 953.278361551 
0.159875 953.278857774 
0.16 953.279354297 
0.160125 953.27985112 
0.16025 953.280348243 
0.160375 953.280845666 
0.1605 953.281343388 
0.160625 953.28184141 
0.16075 953.282339731 
0.160875 953.282838351 
0.161 953.28333727 
0.161125 953.283836487 
0.16125 953.284336003 
0.161375 953.284835817 
0.1615 953.285335929 
0.161625 953.285836339 
0.16175 953.286337046 
0.161875 953.286838051 
0.162 953.287339353 
0.162125 953.287840953 
0.16225 953.288342849 
0.162375 953.288845042 
0.1625 953.289347531 
0.162625 953.289850317 
0.16275 953.290353399 
0.162875 953.290856776 
0.163 953.291360449 
0.163125 953.291864418 
0.16325 953.292368682 
0.163375 953.292873242 
0.1635 953.293378096 
0.163625 953.293883245 
0.16375 953.294388688 
0.163875 953.294894426 
0.164 953.295400458 
0.164125 953.295906784 
0.16425 953.296413404 
0.164375 953.296920317 
0.1645 953.297427523 
0.164625 953.297935023 
0.16475 953.298442816 
0.164875 953.298950901 
0.165 953.29945928 
0.165125 953.29996795 
0.16525 953.300476913 
0.165375 953.300986167 
0.1655 953.301495714 
0.165625 953.302005552 
0.16575 953.302515681 
0.165875 953.303026102 
0.166 953.303536813 
0.166125 953.304047816 
0.16625 953.304559109 
0.166375 953.305070692 
0.1665 953.305582566 
0.166625 953.30609473 
0.16675 953.306607183 
0.166875 953.307119927 
0.167 953.307632959 
0.167125 953.308146281 
0.16725 953.308659892 
0.167375 953.309173792 
0.1675 953.30968798 
0.167625 953.310202457 
0.16775 953.310717222 
0.167875 953.311232275 
0.168 953.311747616 
0.168125 953.312263244 
0.16825 953.31277916 
0.168375 953.313295364 
0.1685 953.313811854 
0.168625 953.314328631 
0.16875 953.314845695 
0.168875 953.315363045 
0.169 953.315880682 
0.169125 953.316398604 
0.16925 953.316916813 
0.169375 953.317435307 
0.1695 953.317954086 
0.169625 953.318473151 
0.16975 953.318992501 
0.169875 953.319512136 
0.17 953.320032055 
0.170125 953.320552259 
0.17025 953.321072747 
0.170375 953.321593519 
0.1705 953.322114575 
0.170625 953.322635915 
0.17075 953.323157538 
0.170875 953.323679445 
0.171 953.324201634 
0.171125 953.324724107 
0.17125 953.325246862 
0.171375 953.325769899 
0.1715 953.326293219 
0.171625 953.32681682 
0.17175 953.327340704 
0.171875 953.327864869 
0.172 953.328389316 
0.172125 953.328914044 
0.17225 953.329439053 
0.172375 953.329964343 
0.1725 953.330489913 
0.172625 953.331015764 
0.17275 953.331541896 
0.172875 953.332068307 
0.173 953.332594998 
0.173125 953.333121969 
0.17325 953.333649219 
0.173375 953.334176748 
0.1735 953.334704556 
0.173625 953.335232644 
0.17375 953.33576101 
0.173875 953.336289654 
0.174 953.336818576 
0.174125 953.337347777 
0.17425 953.337877255 
0.174375 953.338407011 
0.1745 953.338937044 
0.174625 953.339467355 
0.17475 953.339997943 
0.174875 953.340528807 
0.175 953.341059948 
0.175125 953.341591365 
0.17525 953.342123059 
0.175375 953.342655028 
0.1755 953.343187273 
0.175625 953.343719794 
0.17575 953.344252591 
0.175875 953.344785662 
0.176 953.345319008 
0.176125 953.345852629 
0.17625 953.346386525 
0.176375 953.346920695 
0.1765 953.347455139 
0.176625 953.347989857 
0.17675 953.348524849 
0.176875 953.349060115 
0.177 953.349595653 
0.177125 953.350131465 
0.17725 953.35066755 
0.177375 953.351203908 
0.1775 953.351740538 
0.177625 953.35227744 
0.17775 953.352814614 
0.177875 953.353352061 
0.178 953.353889779 
0.178125 953.354427768 
0.17825 953.354966029 
0.178375 953.355504561 
0.1785 953.356043363 
0.178625 953.356582437 
0.17875 953.35712178 
0.178875 953.357661394 
0.179 953.358201278 
0.179125 953.358741432 
0.17925 953.359281856 
0.179375 953.359822549 
0.1795 953.360363511 
0.179625 953.360904742 
0.17975 953.361446242 
0.179875 953.361988011 
0.18 953.362530048 
0.180125 953.363072353 
0.18025 953.363614926 
0.180375 953.364157767 
0.1805 953.364700876 
0.180625 953.365244251 
0.18075 953.365787894 
0.180875 953.366331804 
0.181 953.366875981 
0.181125 953.367420424 
0.18125 953.367965134 
0.181375 953.368510109 
0.1815 953.369055351 
0.181625 953.369600858 
0.18175 953.370146631 
0.181875 953.370692669 
0.182 953.371238972 
0.182125 953.371785539 
0.18225 953.372332372 
0.182375 953.372879469 
0.1825 953.37342683 
0.182625 953.373974456 
0.18275 953.374522345 
0.182875 953.375070497 
0.183 953.375618913 
0.183125 953.376167593 
0.18325 953.376716535 
0.183375 953.37726574 
0.1835 953.377815208 
0.183625 953.378364938 
0.18375 953.37891493 
0.183875 953.379465184 
0.184 953.3800157 
0.184125 953.380566477 
0.18425 953.381117516 
0.184375 953.381668815 
0.1845 953.382220376 
0.184625 953.382772197 
0.18475 953.383324279 
0.184875 953.383876621 
0.185 953.384429223 
0.185125 953.384982085 
0.18525 953.385535207 
0.185375 953.386088588 
0.1855 953.386642228 
0.185625 953.387196127 
0.18575 953.387750285 
0.185875 953.388304702 
0.186 953.388859377 
0.186125 953.38941431 
0.18625 953.389969501 
0.186375 953.39052495 
0.1865 953.391080656 
0.186625 953.39163662 
0.18675 953.392192841 
0.186875 953.392749318 
0.187 953.393306053 
0.187125 953.393863044 
0.18725 953.394420291 
0.187375 953.394977794 
0.1875 953.395535553 
0.187625 953.396093567 
0.18775 953.396651837 
0.187875 953.397210363 
0.188 953.397769143 
0.188125 953.398328178 
0.18825 953.398887467 
0.188375 953.399447011 
0.1885 953.400006809 
0.188625 953.400566861 
0.18875 953.401127167 
0.188875 953.401687726 
0.189 953.402248539 
0.189125 953.402809604 
0.18925 953.403370923 
0.189375 953.403932494 
0.1895 953.404494317 
0.189625 953.405056393 
0.18975 953.405618721 
0.189875 953.4061813 
0.19 953.406744132 
0.190125 953.407307214 
0.19025 953.407870548 
0.190375 953.408434132 
0.1905 953.408997968 
0.190625 953.409562054 
0.19075 953.41012639 
0.190875 953.410690976 
0.191 953.411255813 
0.191125 953.411820899 
0.19125 953.412386234 
0.191375 953.412951819 
0.1915 953.413517652 
0.191625 953.414083735 
0.19175 953.414650066 
0.191875 953.415216645 
0.192 953.415783473 
0.192125 953.416350548 
0.19225 953.416917872 
0.192375 953.417485442 
0.1925 953.418053261 
0.192625 953.418621326 
0.19275 953.419189638 
0.192875 953.419758197 
0.193 953.420327002 
0.193125 953.420896054 
0.19325 953.421465351 
0.193375 953.422034895 
0.1935 953.422604684 
0.193625 953.423174718 
0.19375 953.423744997 
0.193875 953.424315522 
0.194 953.424886291 
0.194125 953.425457305 
0.19425 953.426028563 
0.194375 953.426600065 
0.1945 953.427171811 
0.194625 953.427743801 
0.19475 953.428316034 
0.194875 953.42888851 
0.195 953.429461229 
0.195125 953.430034191 
0.19525 953.430607396 
0.195375 953.431180843 
0.1955 953.431754532 
0.195625 953.432328464 
0.19575 953.432902636 
0.195875 953.433477051 
0.196 953.434051706 
0.196125 953.434626603 
0.19625 953.435201741 
0.196375 953.435777119 
0.1965 953.436352737 
0.196625 953.436928596 
0.19675 953.437504695 
0.196875 953.438081034 
0.197 953.438657612 
0.197125 953.439234429 
0.19725 953.439811486 
0.197375 953.440388781 
0.1975 953.440966315 
0.197625 953.441544088 
0.19775 953.442122099 
0.197875 953.442700347 
0.198 953.443278834 
0.198125 953.443857558 
0.19825 953.44443652 
0.198375 953.445015719 
0.1985 953.445595155 
0.198625 953.446174827 
0.19875 953.446754736 
0.198875 953.447334881 
0.199 953.447915262 
0.199125 953.44849588 
0.19925 953.449076732 
0.199375 953.449657821 
0.1995 953.450239144 
0.199625 953.450820702 
0.19975 953.451402495 
0.199875 953.451984523 
0.2 953.452566785 
0.200125 953.453149281 
0.20025 953.453732011 
0.200375 953.454314975 
0.2005 953.454898172 
0.200625 953.455481602 
0.20075 953.456065265 
0.200875 953.456649162 
0.201 953.45723329 
0.201125 953.457817651 
0.20125 953.458402244 
0.201375 953.458987069 
0.2015 953.459572126 
0.201625 953.460157414 
0.20175 953.460742934 
0.201875 953.461328684 
0.202 953.461914666 
0.202125 953.462500878 
0.20225 953.46308732 
0.202375 953.463673992 
0.2025 953.464260895 
0.202625 953.464848027 
0.20275 953.465435388 
0.202875 953.466022979 
0.203 953.466610799 
0.203125 953.467198848 
0.20325 953.467787125 
0.203375 953.468375631 
0.2035 953.468964365 
0.203625 953.469553327 
0.20375 953.470142517 
0.203875 953.470731934 
0.204 953.471321578 
0.204125 953.47191145 
0.20425 953.472501548 
0.204375 953.473091873 
0.2045 953.473682425 
0.204625 953.474273202 
0.20475 953.474864206 
0.204875 953.475455435 
0.205 953.47604689 
0.205125 953.47663857 
0.20525 953.477230475 
0.205375 953.477822605 
0.2055 953.47841496 
0.205625 953.479007539 
0.20575 953.479600342 
0.205875 953.48019337 
0.206 953.480786621 
0.206125 953.481380095 
0.20625 953.481973793 
0.206375 953.482567714 
0.2065 953.483161858 
0.206625 953.483756225 
0.20675 953.484350814 
0.206875 953.484945625 
0.207 953.485540658 
0.207125 953.486135913 
0.20725 953.486731389 
0.207375 953.487327087 
0.2075 953.487923006 
0.207625 953.488519145 
0.20775 953.489115506 
0.207875 953.489712086 
0.208 953.490308887 
0.208125 953.490905908 
0.20825 953.491503149 
0.208375 953.492100609 
0.2085 953.492698289 
0.208625 953.493296187 
0.20875 953.493894305 
0.208875 953.494492641 
0.209 953.495091195 
0.209125 953.495689968 
0.20925 953.496288959 
0.209375 953.496888167 
0.2095 953.497487593 
0.209625 953.498087236 
0.20975 953.498687097 
0.209875 953.499287174 
0.21 953.499887468 
0.210125 953.500487978 
0.21025 953.501088705 
0.210375 953.501689647 
0.2105 953.502290805 
0.210625 953.502892179 
0.21075 953.503493768 
0.210875 953.504095572 
0.211 953.504697591 
0.211125 953.505299824 
0.21125 953.505902272 
0.211375 953.506504934 
0.2115 953.50710781 
0.211625 953.5077109 
0.21175 953.508314203 
0.211875 953.508917719 
0.212 953.509521449 
0.212125 953.510125391 
0.21225 953.510729546 
0.212375 953.511333914 
0.2125 953.511938493 
0.212625 953.512543285 
0.21275 953.513148288 
0.212875 953.513753502 
0.213 953.514358928 
0.213125 953.514964565 
0.21325 953.515570413 
0.213375 953.516176471 
0.2135 953.51678274 
0.213625 953.517389219 
0.21375 953.517995907 
0.213875 953.518602806 
0.214 953.519209913 
0.214125 953.51981723 
0.21425 953.520424756 
0.214375 953.521032491 
0.2145 953.521640435 
0.214625 953.522248586 
0.21475 953.522856946 
0.214875 953.523465514 
0.215 953.524074289 
0.215125 953.524683272 
0.21525 953.525292462 
0.215375 953.525901859 
0.2155 953.526511462 
0.215625 953.527121273 
0.21575 953.527731289 
0.215875 953.528341512 
0.216 953.52895194 
0.216125 953.529562574 
0.21625 953.530173413 
0.216375 953.530784458 
0.2165 953.531395708 
0.216625 953.532007162 
0.21675 953.53261882 
0.216875 953.533230683 
0.217 953.53384275 
0.217125 953.534455021 
0.21725 953.535067496 
0.217375 953.535680173 
0.2175 953.536293054 
0.217625 953.536906138 
0.21775 953.537519425 
0.217875 953.538132913 
0.218 953.538746605 
0.218125 953.539360498 
0.21825 953.539974593 
0.218375 953.540588889 
0.2185 953.541203387 
0.218625 953.541818086 
0.21875 953.542432985 
0.218875 953.543048086 
0.219 953.543663386 
0.219125 953.544278887 
0.21925 953.544894588 
0.219375 953.545510489 
0.2195 953.546126589 
0.219625 953.546742888 
0.21975 953.547359387 
0.219875 953.547976084 
0.22 953.548592979 
0.220125 953.549210074 
0.22025 953.549827366 
0.220375 953.550444856 
0.2205 953.551062544 
0.220625 953.551680429 
0.22075 953.552298512 
0.220875 953.552916791 
0.221 953.553535268 
0.221125 953.55415394 
0.22125 953.554772809 
0.221375 953.555391875 
0.2215 953.556011136 
0.221625 953.556630592 
0.22175 953.557250244 
0.221875 953.557870092 
0.222 953.558490134 
0.222125 953.559110371 
0.22225 953.559730802 
0.222375 953.560351428 
0.2225 953.560972247 
0.222625 953.561593261 
0.22275 953.562214468 
0.222875 953.562835868 
0.223 953.563457462 
0.223125 953.564079248 
0.22325 953.564701227 
0.223375 953.565323398 
0.2235 953.565945762 
0.223625 953.566568317 
0.22375 953.567191065 
0.223875 953.567814004 
0.224 953.568437134 
0.224125 953.569060455 
0.22425 953.569683967 
0.224375 953.570307669 
0.2245 953.570931562 
0.224625 953.571555645 
0.22475 953.572179918 
0.224875 953.572804381 
0.225 953.573429033 
0.225125 953.574053874 
0.22525 953.574678905 
0.225375 953.575304124 
0.2255 953.575929531 
0.225625 953.576555127 
0.22575 953.577180911 
0.225875 953.577806883 
0.226 953.578433042 
0.226125 953.579059389 
0.22625 953.579685923 
0.226375 953.580312644 
0.2265 953.580939551 
0.226625 953.581566645 
0.22675 953.582193925 
0.226875 953.582821391 
0.227 953.583449043 
0.227125 953.584076881 
0.22725 953.584704904 
0.227375 953.585333112 
0.2275 953.585961504 
0.227625 953.586590082 
0.22775 953.587218844 
0.227875 953.587847789 
0.228 953.588476919 
0.228125 953.589106233 
0.22825 953.58973573 
0.228375 953.59036541 
0.2285 953.590995273 
0.228625 953.591625319 
0.22875 953.592255548 
0.228875 953.592885959 
0.229 953.593516552 
0.229125 953.594147327 
0.22925 953.594778283 
0.229375 953.595409421 
0.2295 953.59604074 
0.229625 953.59667224 
0.22975 953.59730392 
0.229875 953.597935781 
0.23 953.598567823 
0.230125 953.599200044 
0.23025 953.599832445 
0.230375 953.600465026 
0.2305 953.601097786 
0.230625 953.601730725 
0.23075 953.602363843 
0.230875 953.602997139 
0.231 953.603630614 
0.231125 953.604264267 
0.23125 953.604898098 
0.231375 953.605532107 
0.2315 953.606166293 
0.231625 953.606800656 
0.23175 953.607435196 
0.231875 953.608069913 
0.232 953.608704807 
0.232125 953.609339877 
0.23225 953.609975123 
0.232375 953.610610545 
0.2325 953.611246142 
0.232625 953.611881915 
0.23275 953.612517863 
0.232875 953.613153986 
0.233 953.613790284 
0.233125 953.614426756 
0.23325 953.615063402 
0.233375 953.615700222 
0.2335 953.616337216 
0.233625 953.616974384 
0.23375 953.617611724 
0.233875 953.618249238 
0.234 953.618886925 
0.234125 953.619524784 
0.23425 953.620162816 
0.234375 953.620801019 
0.2345 953.621439395 
0.234625 953.622077942 
0.23475 953.622716661 
0.234875 953.623355551 
0.235 953.623994612 
0.235125 953.624633843 
0.23525 953.625273246 
0.235375 953.625912818 
0.2355 953.62655256 
0.235625 953.627192473 
0.23575 953.627832554 
0.235875 953.628472806 
0.236 953.629113226 
0.236125 953.629753815 
0.23625 953.630394573 
0.236375 953.631035499 
0.2365 953.631676593 
0.236625 953.632317855 
0.23675 953.632959285 
0.236875 953.633600883 
0.237 953.634242647 
0.237125 953.634884579 
0.23725 953.635526678 
0.237375 953.636168943 
0.2375 953.636811374 
0.237625 953.637453971 
0.23775 953.638096735 
0.237875 953.638739663 
0.238 953.639382758 
0.238125 953.640026017 
0.23825 953.640669441 
0.238375 953.64131303 
0.2385 953.641956784 
0.238625 953.642600701 
0.23875 953.643244783 
0.238875 953.643889028 
0.239 953.644533437 
0.239125 953.645178009 
0.23925 953.645822744 
0.239375 953.646467642 
0.2395 953.647112703 
0.239625 953.647757925 
0.23975 953.64840331 
0.239875 953.649048857 
0.24 953.649694566 
0.240125 953.650340436 
0.24025 953.650986467 
0.240375 953.651632659 
0.2405 953.652279011 
0.240625 953.652925525 
0.24075 953.653572198 
0.240875 953.654219031 
0.241 953.654866025 
0.241125 953.655513177 
0.24125 953.656160489 
0.241375 953.65680796 
0.2415 953.65745559 
0.241625 953.658103379 
0.24175 953.658751326 
0.241875 953.659399431 
0.242 953.660047693 
0.242125 953.660696114 
0.24225 953.661344692 
0.242375 953.661993427 
0.2425 953.662642319 
0.242625 953.663291368 
0.24275 953.663940574 
0.242875 953.664589935 
0.243 953.665239453 
0.243125 953.665889126 
0.24325 953.666538955 
0.243375 953.667188939 
0.2435 953.667839079 
0.243625 953.668489373 
0.24375 953.669139822 
0.243875 953.669790425 
0.244 953.670441182 
0.244125 953.671092094 
0.24425 953.671743158 
0.244375 953.672394377 
0.2445 953.673045748 
0.244625 953.673697273 
0.24475 953.67434895 
0.244875 953.67500078 
0.245 953.675652762 
0.245125 953.676304896 
0.24525 953.676957182 
0.245375 953.677609619 
0.2455 953.678262208 
0.245625 953.678914948 
0.24575 953.679567839 
0.245875 953.68022088 
0.246 953.680874072 
0.246125 953.681527414 
0.24625 953.682180905 
0.246375 953.682834547 
0.2465 953.683488338 
0.246625 953.684142278 
0.24675 953.684796367 
0.246875 953.685450605 
0.247 953.686104991 
0.247125 953.686759526 
0.24725 953.687414208 
0.247375 953.688069039 
0.2475 953.688724017 
0.247625 953.689379142 
0.24775 953.690034415 
0.247875 953.690689834 
0.248 953.6913454 
0.248125 953.692001112 
0.24825 953.692656971 
0.248375 953.693312975 
0.2485 953.693969125 
0.248625 953.69462542 
0.24875 953.695281861 
0.248875 953.695938447 
0.249 953.696595177 
0.249125 953.697252052 
0.24925 953.697909071 
0.249375 953.698566235 
0.2495 953.699223542 
0.249625 953.699880992 
0.24975 953.700538586 
0.249875 953.701196323 
0.25 953.701854203 
0.250125 953.702512225 
0.25025 953.70317039 
0.250375 953.703828697 
0.2505 953.704487146 
0.250625 953.705145736 
0.25075 953.705804468 
0.250875 953.706463341 
0.251 953.707122356 
0.251125 953.707781511 
0.25125 953.708440806 
0.251375 953.709100241 
0.2515 953.709759817 
0.251625 953.710419533 
0.25175 953.711079388 
0.251875 953.711739382 
0.252 953.712399515 
0.252125 953.713059787 
0.25225 953.713720198 
0.252375 953.714380747 
0.2525 953.715041435 
0.252625 953.71570226 
0.25275 953.716363223 
0.252875 953.717024323 
0.253 953.71768556 
0.253125 953.718346935 
0.25325 953.719008446 
0.253375 953.719670094 
0.2535 953.720331878 
0.253625 953.720993797 
0.25375 953.721655853 
0.253875 953.722318044 
0.254 953.722980371 
0.254125 953.723642832 
0.25425 953.724305428 
0.254375 953.724968159 
0.2545 953.725631025 
0.254625 953.726294024 
0.25475 953.726957157 
0.254875 953.727620424 
0.255 953.728283824 
0.255125 953.728947358 
0.25525 953.729611024 
0.255375 953.730274823 
0.2555 953.730938755 
0.255625 953.731602819 
0.25575 953.732267015 
0.255875 953.732931342 
0.256 953.733595801 
0.256125 953.734260391 
0.25625 953.734925113 
0.256375 953.735589965 
0.2565 953.736254948 
0.256625 953.736920061 
0.25675 953.737585304 
0.256875 953.738250677 
0.257 953.738916179 
0.257125 953.739581811 
0.25725 953.740247572 
0.257375 953.740913462 
0.2575 953.741579481 
0.257625 953.742245628 
0.25775 953.742911903 
0.257875 953.743578307 
0.258 953.744244838 
0.258125 953.744911496 
0.25825 953.745578282 
0.258375 953.746245195 
0.2585 953.746912234 
0.258625 953.7475794 
0.25875 953.748246692 
0.258875 953.748914111 
0.259 953.749581655 
0.259125 953.750249325 
0.25925 953.75091712 
0.259375 953.75158504 
0.2595 953.752253085 
0.259625 953.752921255 
0.25975 953.753589549 
0.259875 953.754257968 
0.26 953.75492651 
0.260125 953.755595176 
0.26025 953.756263966 
0.260375 953.756932878 
0.2605 953.757601914 
0.260625 953.758271072 
0.26075 953.758940353 
0.260875 953.759609756 
0.261 953.760279281 
0.261125 953.760948928 
0.26125 953.761618697 
0.261375 953.762288587 
0.2615 953.762958598 
0.261625 953.76362873 
0.26175 953.764298982 
0.261875 953.764969355 
0.262 953.765639848 
0.262125 953.76631046 
0.26225 953.766981193 
0.262375 953.767652045 
0.2625 953.768323016 
0.262625 953.768994106 
0.26275 953.769665314 
0.262875 953.770336642 
0.263 953.771008087 
0.263125 953.77167965 
0.26325 953.772351331 
0.263375 953.77302313 
0.2635 953.773695046 
0.263625 953.774367079 
0.26375 953.775039229 
0.263875 953.775711495 
0.264 953.776383878 
0.264125 953.777056377 
0.26425 953.777728992 
0.264375 953.778401722 
0.2645 953.779074567 
0.264625 953.779747528 
0.26475 953.780420604 
0.264875 953.781093794 
0.265 953.781767099 
0.265125 953.782440518 
0.26525 953.783114051 
0.265375 953.783787698 
0.2655 953.784461458 
0.265625 953.785135332 
0.26575 953.785809318 
0.265875 953.786483417 
0.266 953.787157629 
0.266125 953.787831953 
0.26625 953.788506389 
0.266375 953.789180937 
0.2665 953.789855597 
0.266625 953.790530367 
0.26675 953.791205249 
0.266875 953.791880242 
0.267 953.792555346 
0.267125 953.793230559 
0.26725 953.793905883 
0.267375 953.794581317 
0.2675 953.795256861 
0.267625 953.795932514 
0.26775 953.796608276 
0.267875 953.797284147 
0.268 953.797960127 
0.268125 953.798636216 
0.26825 953.799312412 
0.268375 953.799988717 
0.2685 953.80066513 
0.268625 953.80134165 
0.26875 953.802018277 
0.268875 953.802695011 
0.269 953.803371852 
0.269125 953.8040488 
0.26925 953.804725854 
0.269375 953.805403015 
0.2695 953.806080281 
0.269625 953.806757652 
0.26975 953.80743513 
0.269875 953.808112712 
0.27 953.808790399 
0.270125 953.809468191 
0.27025 953.810146088 
0.270375 953.810824088 
0.2705 953.811502193 
0.270625 953.812180401 
0.27075 953.812858713 
0.270875 953.813537128 
0.271 953.814215646 
0.271125 953.814894267 
0.27125 953.81557299 
0.271375 953.816251816 
0.2715 953.816930744 
0.271625 953.817609773 
0.27175 953.818288904 
0.271875 953.818968137 
0.272 953.819647471 
0.272125 953.820326905 
0.27225 953.82100644 
0.272375 953.821686076 
0.2725 953.822365812 
0.272625 953.823045648 
0.27275 953.823725583 
0.272875 953.824405618 
0.273 953.825085752 
0.273125 953.825765985 
0.27325 953.826446317 
0.273375 953.827126747 
0.2735 953.827807275 
0.273625 953.828487902 
0.27375 953.829168626 
0.273875 953.829849448 
0.274 953.830530367 
0.274125 953.831211384 
0.27425 953.831892497 
0.274375 953.832573706 
0.2745 953.833255013 
0.274625 953.833936415 
0.27475 953.834617913 
0.274875 953.835299507 
0.275 953.835981196 
0.275125 953.83666298 
0.27525 953.837344859 
0.275375 953.838026833 
0.2755 953.838708901 
0.275625 953.839391064 
0.27575 953.840073321 
0.275875 953.840755671 
0.276 953.841438115 
0.276125 953.842120652 
0.27625 953.842803282 
0.276375 953.843486005 
0.2765 953.84416882 
0.276625 953.844851728 
0.27675 953.845534728 
0.276875 953.84621782 
0.277 953.846901003 
0.277125 953.847584277 
0.27725 953.848267643 
0.277375 953.8489511 
0.2775 953.849634647 
0.277625 953.850318285 
0.27775 953.851002013 
0.277875 953.851685831 
0.278 953.852369738 
0.278125 953.853053735 
0.27825 953.853737821 
0.278375 953.854421996 
0.2785 953.85510626 
0.278625 953.855790613 
0.27875 953.856475054 
0.278875 953.857159582 
0.279 953.857844199 
0.279125 953.858528903 
0.27925 953.859213694 
0.279375 953.859898573 
0.2795 953.860583538 
0.279625 953.86126859 
0.27975 953.861953728 
0.279875 953.862638953 
0.28 953.863324263 
0.280125 953.864009659 
0.28025 953.86469514 
0.280375 953.865380707 
0.2805 953.866066358 
0.280625 953.866752095 
0.28075 953.867437915 
0.280875 953.86812382 
0.281 953.868809809 
0.281125 953.869495882 
0.28125 953.870182038 
0.281375 953.870868277 
0.2815 953.8715546 
0.281625 953.872241005 
0.28175 953.872927493 
0.281875 953.873614063 
0.282 953.874300715 
0.282125 953.874987449 
0.28225 953.875674265 
0.282375 953.876361162 
0.2825 953.87704814 
0.282625 953.877735199 
0.28275 953.878422339 
0.282875 953.879109559 
0.283 953.879796859 
0.283125 953.880484239 
0.28325 953.881171699 
0.283375 953.881859239 
0.2835 953.882546857 
0.283625 953.883234555 
0.28375 953.883922332 
0.283875 953.884610186 
0.284 953.88529812 
0.284125 953.885986131 
0.28425 953.88667422 
0.284375 953.887362387 
0.2845 953.888050631 
0.284625 953.888738952 
0.28475 953.88942735 
0.284875 953.890115824 
0.285 953.890804375 
0.285125 953.891493002 
0.28525 953.892181705 
0.285375 953.892870484 
0.2855 953.893559338 
0.285625 953.894248267 
0.28575 953.894937271 
0.285875 953.89562635 
0.286 953.896315504 
0.286125 953.897004731 
0.28625 953.897694033 
0.286375 953.898383408 
0.2865 953.899072857 
0.286625 953.899762379 
0.28675 953.900451975 
0.286875 953.901141643 
0.287 953.901831383 
0.287125 953.902521196 
0.28725 953.903211081 
0.287375 953.903901038 
0.2875 953.904591067 
0.287625 953.905281167 
0.28775 953.905971338 
0.287875 953.90666158 
0.288 953.907351893 
0.288125 953.908042276 
0.28825 953.90873273 
0.288375 953.909423253 
0.2885 953.910113846 
0.288625 953.910804509 
0.28875 953.91149524 
0.288875 953.912186041 
0.289 953.912876911 
0.289125 953.913567849 
0.28925 953.914258855 
0.289375 953.91494993 
0.2895 953.915641072 
0.289625 953.916332282 
0.28975 953.91702356 
0.289875 953.917714904 
0.29 953.918406315 
0.290125 953.919097793 
0.29025 953.919789338 
0.290375 953.920480948 
0.2905 953.921172625 
0.290625 953.921864367 
0.29075 953.922556174 
0.290875 953.923248047 
0.291 953.923939985 
0.291125 953.924631987 
0.29125 953.925324055 
0.291375 953.926016186 
0.2915 953.926708381 
0.291625 953.92740064 
0.29175 953.928092963 
0.291875 953.928785349 
0.292 953.929477798 
0.292125 953.93017031 
0.29225 953.930862885 
0.292375 953.931555522 
0.2925 953.932248221 
0.292625 953.932940982 
0.29275 953.933633805 
0.292875 953.934326689 
0.293 953.935019634 
0.293125 953.93571264 
0.29325 953.936405707 
0.293375 953.937098835 
0.2935 953.937792022 
0.293625 953.93848527 
0.29375 953.939178577 
0.293875 953.939871944 
0.294 953.940565371 
0.294125 953.941258856 
0.29425 953.9419524 
0.294375 953.942646003 
0.2945 953.943339664 
0.294625 953.944033383 
0.29475 953.94472716 
0.294875 953.945420995 
0.295 953.946114887 
0.295125 953.946808836 
0.29525 953.947502842 
0.295375 953.948196905 
0.2955 953.948891024 
0.295625 953.9495852 
0.29575 953.950279432 
0.295875 953.950973719 
0.296 953.951668062 
0.296125 953.95236246 
0.29625 953.953056913 
0.296375 953.953751421 
0.2965 953.954445983 
0.296625 953.9551406 
0.29675 953.955835271 
0.296875 953.956529995 
0.297 953.957224774 
0.297125 953.957919605 
0.29725 953.95861449 
0.297375 953.959309428 
0.2975 953.960004418 
0.297625 953.960699461 
0.29775 953.961394556 
0.297875 953.962089703 
0.298 953.962784902 
0.298125 953.963480152 
0.29825 953.964175453 
0.298375 953.964870806 
0.2985 953.965566209 
0.298625 953.966261663 
0.29875 953.966957167 
0.298875 953.967652721 
0.299 953.968348325 
0.299125 953.969043979 
0.29925 953.969739682 
0.299375 953.970435434 
0.2995 953.971131235 
0.299625 953.971827084 
0.29975 953.972522982 
0.299875 953.973218929 
0.3 953.973914923 
0.300125 953.974610965 
0.30025 953.975307054 
0.300375 953.97600319 
0.3005 953.976699374 
0.300625 953.977395604 
0.30075 953.978091881 
0.300875 953.978788204 
0.301 953.979484574 
0.301125 953.980180989 
0.30125 953.980877449 
0.301375 953.981573955 
0.3015 953.982270506 
0.301625 953.982967102 
0.30175 953.983663743 
0.301875 953.984360428 
0.302 953.985057157 
0.302125 953.98575393 
0.30225 953.986450747 
0.302375 953.987147607 
0.3025 953.987844511 
0.302625 953.988541457 
0.30275 953.989238446 
0.302875 953.989935478 
0.303 953.990632552 
0.303125 953.991329668 
0.30325 953.992026826 
0.303375 953.992724026 
0.3035 953.993421267 
0.303625 953.994118548 
0.30375 953.994815871 
0.303875 953.995513235 
0.304 953.996210639 
0.304125 953.996908083 
0.30425 953.997605567 
0.304375 953.99830309 
0.3045 953.999000653 
0.304625 953.999698256 
0.30475 954.000395897 
0.304875 954.001093577 
0.305 954.001791296 
0.305125 954.002489053 
0.30525 954.003186847 
0.305375 954.00388468 
0.3055 954.004582551 
0.305625 954.005280458 
0.30575 954.005978403 
0.305875 954.006676385 
0.306 954.007374403 
0.306125 954.008072458 
0.30625 954.008770548 
0.306375 954.009468675 
0.3065 954.010166838 
0.306625 954.010865036 
0.30675 954.011563269 
0.306875 954.012261537 
0.307 954.01295984 
0.307125 954.013658177 
0.30725 954.014356549 
0.307375 954.015054955 
0.3075 954.015753395 
0.307625 954.016451868 
0.30775 954.017150374 
0.307875 954.017848914 
0.308 954.018547486 
0.308125 954.019246092 
0.30825 954.019944729 
0.308375 954.020643399 
0.3085 954.021342101 
0.308625 954.022040834 
0.30875 954.022739599 
0.308875 954.023438395 
0.309 954.024137222 
0.309125 954.02483608 
0.30925 954.025534969 
0.309375 954.026233888 
0.3095 954.026932836 
0.309625 954.027631815 
0.30975 954.028330823 
0.309875 954.029029861 
0.31 954.029728928 
0.310125 954.030428023 
0.31025 954.031127148 
0.310375 954.031826301 
0.3105 954.032525481 
0.310625 954.03322469 
0.31075 954.033923927 
0.310875 954.034623191 
0.311 954.035322483 
0.311125 954.036021801 
0.31125 954.036721146 
0.311375 954.037420518 
0.3115 954.038119916 
0.311625 954.03881934 
0.31175 954.03951879 
0.311875 954.040218266 
0.312 954.040917767 
0.312125 954.041617293 
0.31225 954.042316844 
0.312375 954.04301642 
0.3125 954.04371602 
0.312625 954.044415645 
0.31275 954.045115293 
0.312875 954.045814965 
0.313 954.046514661 
0.313125 954.04721438 
0.31325 954.047914122 
0.313375 954.048613887 
0.3135 954.049313674 
0.313625 954.050013484 
0.31375 954.050713316 
0.313875 954.05141317 
0.314 954.052113045 
0.314125 954.052812942 
0.31425 954.05351286 
0.314375 954.054212799 
0.3145 954.054912759 
0.314625 954.055612739 
0.31475 954.056312739 
0.314875 954.05701276 
0.315 954.0577128 
0.315125 954.05841286 
0.31525 954.059112939 
0.315375 954.059813037 
0.3155 954.060513154 
0.315625 954.06121329 
0.31575 954.061913444 
0.315875 954.062613616 
0.316 954.063313806 
0.316125 954.064014014 
0.31625 954.06471424 
0.316375 954.065414482 
0.3165 954.066114742 
0.316625 954.066815018 
0.31675 954.067515311 
0.316875 954.06821562 
0.317 954.068915945 
0.317125 954.069616286 
0.31725 954.070316642 
0.317375 954.071017014 
0.3175 954.071717401 
0.317625 954.072417803 
0.31775 954.07311822 
0.317875 954.073818651 
0.318 954.074519096 
0.318125 954.075219555 
0.31825 954.075920028 
0.318375 954.076620515 
0.3185 954.077321015 
0.318625 954.078021527 
0.31875 954.078722053 
0.318875 954.079422591 
0.319 954.080123142 
0.319125 954.080823704 
0.31925 954.081524279 
0.319375 954.082224865 
0.3195 954.082925462 
0.319625 954.083626071 
0.31975 954.084326691 
0.319875 954.085027321 
0.32 954.085727962 
0.320125 954.086428613 
0.32025 954.087129274 
0.320375 954.087829945 
0.3205 954.088530626 
0.320625 954.089231316 
0.32075 954.089932015 
0.320875 954.090632723 
0.321 954.091333439 
0.321125 954.092034164 
0.32125 954.092734897 
0.321375 954.093435638 
0.3215 954.094136387 
0.321625 954.094837143 
0.32175 954.095537906 
0.321875 954.096238676 
0.322 954.096939454 
0.322125 954.097640237 
0.32225 954.098341027 
0.322375 954.099041824 
0.3225 954.099742626 
0.322625 954.100443433 
0.32275 954.101144246 
0.322875 954.101845065 
0.323 954.102545888 
0.323125 954.103246716 
0.32325 954.103947548 
0.323375 954.104648384 
0.3235 954.105349225 
0.323625 954.106050069 
0.32375 954.106750917 
0.323875 954.107451768 
0.324 954.108152623 
0.324125 954.10885348 
0.32425 954.10955434 
0.324375 954.110255202 
0.3245 954.110956066 
0.324625 954.111656933 
0.32475 954.112357801 
0.324875 954.11305867 
0.325 954.113759541 
0.325125 954.114460413 
0.32525 954.115161285 
0.325375 954.115862158 
0.3255 954.116563032 
0.325625 954.117263905 
0.32575 954.117964778 
0.325875 954.118665651 
0.326 954.119366524 
0.326125 954.120067395 
0.32625 954.120768266 
0.326375 954.121469135 
0.3265 954.122170003 
0.326625 954.122870869 
0.32675 954.123571733 
0.326875 954.124272594 
0.327 954.124973454 
0.327125 954.12567431 
0.32725 954.126375164 
0.327375 954.127076015 
0.3275 954.127776862 
0.327625 954.128477706 
0.32775 954.129178546 
0.327875 954.129879381 
0.328 954.130580213 
0.328125 954.13128104 
0.32825 954.131981862 
0.328375 954.13268268 
0.3285 954.133383492 
0.328625 954.134084299 
0.32875 954.1347851 
0.328875 954.135485895 
0.329 954.136186684 
0.329125 954.136887467 
0.32925 954.137588243 
0.329375 954.138289013 
0.3295 954.138989775 
0.329625 954.13969053 
0.32975 954.140391278 
0.329875 954.141092018 
0.33 954.14179275 
0.330125 954.142493474 
0.33025 954.143194189 
0.330375 954.143894896 
0.3305 954.144595594 
0.330625 954.145296283 
0.33075 954.145996962 
0.330875 954.146697633 
0.331 954.147398293 
0.331125 954.148098943 
0.33125 954.148799583 
0.331375 954.149500213 
0.3315 954.150200832 
0.331625 954.15090144 
0.33175 954.151602036 
0.331875 954.152302622 
0.332 954.153003196 
0.332125 954.153703758 
0.33225 954.154404308 
0.332375 954.155104846 
0.3325 954.155805371 
0.332625 954.156505884 
0.33275 954.157206383 
0.332875 954.157906869 
0.333 954.158607342 
0.333125 954.159307802 
0.33325 954.160008247 
0.333375 954.160708678 
0.3335 954.161409095 
0.333625 954.162109498 
0.33375 954.162809885 
0.333875 954.163510258 
0.334 954.164210615 
0.334125 954.164910957 
0.33425 954.165611284 
0.334375 954.166311594 
0.3345 954.167011888 
0.334625 954.167712166 
0.33475 954.168412427 
0.334875 954.169112671 
0.335 954.169812899 
0.335125 954.170513109 
0.33525 954.171213301 
0.335375 954.171913476 
0.3355 954.172613633 
0.335625 954.173313771 
0.33575 954.174013891 
0.335875 954.174713993 
0.336 954.175414076 
0.336125 954.176114139 
0.33625 954.176814183 
0.336375 954.177514208 
0.3365 954.178214213 
0.336625 954.178914198 
0.33675 954.179614162 
0.336875 954.180314107 
0.337 954.18101403 
0.337125 954.181713933 
0.33725 954.182413814 
0.337375 954.183113674 
0.3375 954.183813513 
0.337625 954.184513329 
0.33775 954.185213124 
0.337875 954.185912896 
0.338 954.186612646 
0.338125 954.187312373 
0.33825 954.188012078 
0.338375 954.188711759 
0.3385 954.189411416 
0.338625 954.19011105 
0.33875 954.19081066 
0.338875 954.191510247 
0.339 954.192209808 
0.339125 954.192909346 
0.33925 954.193608858 
0.339375 954.194308346 
0.3395 954.195007808 
0.339625 954.195707245 
0.33975 954.196406656 
0.339875 954.197106041 
0.34 954.1978054 
0.340125 954.198504733 
0.34025 954.19920404 
0.340375 954.199903319 
0.3405 954.200602572 
0.340625 954.201301797 
0.34075 954.202000995 
0.340875 954.202700165 
0.341 954.203399307 
0.341125 954.204098422 
0.34125 954.204797507 
0.341375 954.205496565 
0.3415 954.206195593 
0.341625 954.206894592 
0.34175 954.207593562 
0.341875 954.208292503 
0.342 954.208991414 
0.342125 954.209690295 
0.34225 954.210389146 
0.342375 954.211087966 
0.3425 954.211786756 
0.342625 954.212485515 
0.34275 954.213184243 
0.342875 954.21388294 
0.343 954.214581605 
0.343125 954.215280239 
0.34325 954.21597884 
0.343375 954.21667741 
0.3435 954.217375946 
0.343625 954.218074451 
0.34375 954.218772922 
0.343875 954.219471361 
0.344 954.220169766 
0.344125 954.220868138 
0.34425 954.221566475 
0.344375 954.222264779 
0.3445 954.222963049 
0.344625 954.223661285 
0.34475 954.224359485 
0.344875 954.225057651 
0.345 954.225755782 
0.345125 954.226453877 
0.34525 954.227151937 
0.345375 954.227849961 
0.3455 954.22854795 
0.345625 954.229245902 
0.34575 954.229943817 
0.345875 954.230641696 
0.346 954.231339538 
0.346125 954.232037343 
0.34625 954.232735111 
0.346375 954.233432841 
0.3465 954.234130534 
0.346625 954.234828188 
0.34675 954.235525804 
0.346875 954.236223382 
0.347 954.236920921 
0.347125 954.237618422 
0.34725 954.238315883 
0.347375 954.239013305 
0.3475 954.239710687 
0.347625 954.24040803 
0.34775 954.241105333 
0.347875 954.241802595 
0.348 954.242499817 
0.348125 954.243196998 
0.34825 954.243894139 
0.348375 954.244591238 
0.3485 954.245288296 
0.348625 954.245985313 
0.34875 954.246682288 
0.348875 954.24737922 
0.349 954.248076111 
0.349125 954.248772959 
0.34925 954.249469765 
0.349375 954.250166527 
0.3495 954.250863247 
0.349625 954.251559923 
0.34975 954.252256556 
0.349875 954.252953145 
0.35 954.25364969 
0.350125 954.254346191 
0.35025 954.255042648 
0.350375 954.255739059 
0.3505 954.256435426 
0.350625 954.257131748 
0.35075 954.257828025 
0.350875 954.258524256 
0.351 954.259220441 
0.351125 954.259916581 
0.35125 954.260612674 
0.351375 954.26130872 
0.3515 954.262004721 
0.351625 954.262700674 
0.35175 954.26339658 
0.351875 954.264092439 
0.352 954.264788251 
0.352125 954.265484014 
0.35225 954.26617973 
0.352375 954.266875398 
0.3525 954.267571017 
0.352625 954.268266588 
0.35275 954.268962109 
0.352875 954.269657582 
0.353 954.270353006 
0.353125 954.27104838 
0.35325 954.271743704 
0.353375 954.272438978 
0.3535 954.273134203 
0.353625 954.273829377 
0.35375 954.2745245 
0.353875 954.275219572 
0.354 954.275914594 
0.354125 954.276609564 
0.35425 954.277304483 
0.354375 954.27799935 
0.3545 954.278694165 
0.354625 954.279388928 
0.35475 954.280083639 
0.354875 954.280778297 
0.355 954.281472902 
0.355125 954.282167455 
0.35525 954.282861954 
0.355375 954.2835564 
0.3555 954.284250792 
0.355625 954.28494513 
0.35575 954.285639414 
0.355875 954.286333644 
0.356 954.287027819 
0.356125 954.28772194 
0.35625 954.288416005 
0.356375 954.289110016 
0.3565 954.289803971 
0.356625 954.29049787 
0.35675 954.291191714 
0.356875 954.291885501 
0.357 954.292579232 
0.357125 954.293272907 
0.35725 954.293966525 
0.357375 954.294660086 
0.3575 954.29535359 
0.357625 954.296047037 
0.35775 954.296740426 
0.357875 954.297433757 
0.358 954.29812703 
0.358125 954.298820245 
0.35825 954.299513401 
0.358375 954.300206499 
0.3585 954.300899538 
0.358625 954.301592518 
0.35875 954.302285438 
0.358875 954.302978299 
0.359 954.3036711 
0.359125 954.304363842 
0.35925 954.305056523 
0.359375 954.305749143 
0.3595 954.306441703 
0.359625 954.307134202 
0.35975 954.30782664 
0.359875 954.308519017 
0.36 954.309211332 
0.360125 954.309903586 
0.36025 954.310595778 
0.360375 954.311287907 
0.3605 954.311979974 
0.360625 954.312671979 
0.36075 954.313363921 
0.360875 954.3140558 
0.361 954.314747615 
0.361125 954.315439367 
0.36125 954.316131056 
0.361375 954.31682268 
0.3615 954.317514241 
0.361625 954.318205737 
0.36175 954.318897169 
0.361875 954.319588536 
0.362 954.320279838 
0.362125 954.320971075 
0.36225 954.321662246 
0.362375 954.322353352 
0.3625 954.323044392 
0.362625 954.323735366 
0.36275 954.324426274 
0.362875 954.325117115 
0.363 954.325807889 
0.363125 954.326498597 
0.36325 954.327189238 
0.363375 954.327879811 
0.3635 954.328570317 
0.363625 954.329260755 
0.36375 954.329951125 
0.363875 954.330641427 
0.364 954.33133166 
0.364125 954.332021825 
0.36425 954.332711921 
0.364375 954.333401948 
0.3645 954.334091906 
0.364625 954.334781794 
0.36475 954.335471612 
0.364875 954.336161361 
0.365 954.33685104 
0.365125 954.337540648 
0.36525 954.338230186 
0.365375 954.338919652 
0.3655 954.339609048 
0.365625 954.340298373 
0.36575 954.340987627 
0.365875 954.341676808 
0.366 954.342365918 
0.366125 954.343054956 
0.36625 954.343743922 
0.366375 954.344432815 
0.3665 954.345121635 
0.366625 954.345810383 
0.36675 954.346499057 
0.366875 954.347187659 
0.367 954.347876186 
0.367125 954.34856464 
0.36725 954.34925302 
0.367375 954.349941326 
0.3675 954.350629557 
0.367625 954.351317714 
0.36775 954.352005796 
0.367875 954.352693803 
0.368 954.353381735 
0.368125 954.354069591 
0.36825 954.354757371 
0.368375 954.355445076 
0.3685 954.356132705 
0.368625 954.356820257 
0.36875 954.357507733 
0.368875 954.358195132 
0.369 954.358882454 
0.369125 954.359569699 
0.36925 954.360256867 
0.369375 954.360943957 
0.3695 954.361630969 
0.369625 954.362317903 
0.36975 954.363004759 
0.369875 954.363691537 
0.37 954.364378236 
0.370125 954.365064856 
0.37025 954.365751397 
0.370375 954.366437859 
0.3705 954.367124241 
0.370625 954.367810544 
0.37075 954.368496767 
0.370875 954.369182909 
0.371 954.369868971 
0.371125 954.370554953 
0.37125 954.371240854 
0.371375 954.371926674 
0.3715 954.372612413 
0.371625 954.373298071 
0.37175 954.373983647 
0.371875 954.374669141 
0.372 954.375354553 
0.372125 954.376039883 
0.37225 954.37672513 
0.372375 954.377410295 
0.3725 954.378095377 
0.372625 954.378780376 
0.37275 954.379465291 
0.372875 954.380150124 
0.373 954.380834872 
0.373125 954.381519537 
0.37325 954.382204117 
0.373375 954.382888613 
0.3735 954.383573025 
0.373625 954.384257351 
0.37375 954.384941593 
0.373875 954.38562575 
0.374 954.386309821 
0.374125 954.386993807 
0.37425 954.387677707 
0.374375 954.388361521 
0.3745 954.389045248 
0.374625 954.38972889 
0.37475 954.390412444 
0.374875 954.391095912 
0.375 954.391779293 
0.375125 954.392462586 
0.37525 954.393145792 
0.375375 954.393828911 
0.3755 954.394511941 
0.375625 954.395194884 
0.37575 954.395877738 
0.375875 954.396560503 
0.376 954.39724318 
0.376125 954.397925768 
0.37625 954.398608267 
0.376375 954.399290676 
0.3765 954.399972996 
0.376625 954.400655226 
0.37675 954.401337366 
0.376875 954.402019416 
0.377 954.402701376 
0.377125 954.403383245 
0.37725 954.404065023 
0.377375 954.40474671 
0.3775 954.405428306 
0.377625 954.406109811 
0.37775 954.406791224 
0.377875 954.407472545 
0.378 954.408153774 
0.378125 954.408834911 
0.37825 954.409515955 
0.378375 954.410196906 
0.3785 954.410877765 
0.378625 954.411558531 
0.37875 954.412239203 
0.378875 954.412919782 
0.379 954.413600267 
0.379125 954.414280659 
0.37925 954.414960956 
0.379375 954.415641159 
0.3795 954.416321267 
0.379625 954.417001281 
0.37975 954.417681199 
0.379875 954.418361023 
0.38 954.419040751 
0.380125 954.419720383 
0.38025 954.42039992 
0.380375 954.421079361 
0.3805 954.421758705 
0.380625 954.422437954 
0.38075 954.423117105 
0.380875 954.42379616 
0.381 954.424475118 
0.381125 954.425153979 
0.38125 954.425832742 
0.381375 954.426511407 
0.3815 954.427189975 
0.381625 954.427868445 
0.38175 954.428546816 
0.381875 954.42922509 
0.382 954.429903264 
0.382125 954.430581339 
0.38225 954.431259316 
0.382375 954.431937193 
0.3825 954.432614971 
0.382625 954.433292649 
0.38275 954.433970227 
0.382875 954.434647705 
0.383 954.435325083 
0.383125 954.436002361 
0.38325 954.436679537 
0.383375 954.437356613 
0.3835 954.438033588 
0.383625 954.438710461 
0.38375 954.439387233 
0.383875 954.440063903 
0.384 954.440740471 
0.384125 954.441416937 
0.38425 954.442093301 
0.384375 954.442769562 
0.3845 954.443445721 
0.384625 954.444121776 
0.38475 954.444797729 
0.384875 954.445473578 
0.385 954.446149323 
0.385125 954.446824965 
0.38525 954.447500503 
0.385375 954.448175936 
0.3855 954.448851266 
0.385625 954.44952649 
0.38575 954.45020161 
0.385875 954.450876625 
0.386 954.451551535 
0.386125 954.452226339 
0.38625 954.452901038 
0.386375 954.453575631 
0.3865 954.454250118 
0.386625 954.454924499 
0.38675 954.455598774 
0.386875 954.456272941 
0.387 954.456947003 
0.387125 954.457620957 
0.38725 954.458294804 
0.387375 954.458968543 
0.3875 954.459642175 
0.387625 954.460315699 
0.38775 954.460989115 
0.387875 954.461662423 
0.388 954.462335622 
0.388125 954.463008713 
0.38825 954.463681695 
0.388375 954.464354568 
0.3885 954.465027332 
0.388625 954.465699986 
0.38875 954.466372531 
0.388875 954.467044966 
0.389 954.467717291 
0.389125 954.468389506 
0.38925 954.46906161 
0.389375 954.469733604 
0.3895 954.470405487 
0.389625 954.471077258 
0.38975 954.471748919 
0.389875 954.472420468 
0.39 954.473091906 
0.390125 954.473763231 
0.39025 954.474434445 
0.390375 954.475105546 
0.3905 954.475776535 
0.390625 954.476447412 
0.39075 954.477118175 
0.390875 954.477788826 
0.391 954.478459363 
0.391125 954.479129787 
0.39125 954.479800097 
0.391375 954.480470294 
0.3915 954.481140376 
0.391625 954.481810344 
0.39175 954.482480198 
0.391875 954.483149937 
0.392 954.483819562 
0.392125 954.484489071 
0.39225 954.485158465 
0.392375 954.485827743 
0.3925 954.486496907 
0.392625 954.487165954 
0.39275 954.487834885 
0.392875 954.4885037 
0.393 954.489172398 
0.393125 954.48984098 
0.39325 954.490509445 
0.393375 954.491177794 
0.3935 954.491846025 
0.393625 954.492514138 
0.39375 954.493182134 
0.393875 954.493850012 
0.394 954.494517772 
0.394125 954.495185414 
0.39425 954.495852938 
0.394375 954.496520342 
0.3945 954.497187629 
0.394625 954.497854796 
0.39475 954.498521844 
0.394875 954.499188772 
0.395 954.499855581 
0.395125 954.50052227 
0.39525 954.50118884 
0.395375 954.501855289 
0.3955 954.502521617 
0.395625 954.503187825 
0.39575 954.503853913 
0.395875 954.504519879 
0.396 954.505185724 
0.396125 954.505851448 
0.39625 954.506517051 
0.396375 954.507182531 
0.3965 954.50784789 
0.396625 954.508513126 
0.39675 954.509178241 
0.396875 954.509843232 
0.397 954.510508101 
0.397125 954.511172847 
0.39725 954.51183747 
0.397375 954.512501969 
0.3975 954.513166345 
0.397625 954.513830598 
0.39775 954.514494726 
0.397875 954.515158731 
0.398 954.515822611 
0.398125 954.516486366 
0.39825 954.517149997 
0.398375 954.517813503 
0.3985 954.518476884 
0.398625 954.519140139 
0.39875 954.51980327 
0.398875 954.520466274 
0.399 954.521129153 
0.399125 954.521791905 
0.39925 954.522454532 
0.399375 954.523117032 
0.3995 954.523779405 
0.399625 954.524441651 
0.39975 954.525103771 
0.399875 954.525765763 
0.4 954.526427628 
0.400125 954.527089365 
0.40025 954.527750974 
0.400375 954.528412456 
0.4005 954.529073809 
0.400625 954.529735034 
0.40075 954.53039613 
0.400875 954.531057098 
0.401 954.531717936 
0.401125 954.532378646 
0.40125 954.533039226 
0.401375 954.533699676 
0.4015 954.534359997 
0.401625 954.535020188 
0.40175 954.535680248 
0.401875 954.536340179 
0.402 954.536999979 
0.402125 954.537659648 
0.40225 954.538319186 
0.402375 954.538978593 
0.4025 954.539637869 
0.402625 954.540297014 
0.40275 954.540956027 
0.402875 954.541614908 
0.403 954.542273656 
0.403125 954.542932273 
0.40325 954.543590757 
0.403375 954.544249109 
0.4035 954.544907328 
0.403625 954.545565414 
0.40375 954.546223366 
0.403875 954.546881185 
0.404 954.547538871 
0.404125 954.548196423 
0.40425 954.548853841 
0.404375 954.549511124 
0.4045 954.550168274 
0.404625 954.550825289 
0.40475 954.551482169 
0.404875 954.552138914 
0.405 954.552795524 
0.405125 954.553451999 
0.40525 954.554108338 
0.405375 954.554764542 
0.4055 954.55542061 
0.405625 954.556076541 
0.40575 954.556732337 
0.405875 954.557387996 
0.406 954.558043518 
0.406125 954.558698903 
0.40625 954.559354152 
0.406375 954.560009263 
0.4065 954.560664237 
0.406625 954.561319073 
0.40675 954.561973772 
0.406875 954.562628333 
0.407 954.563282755 
0.407125 954.563937039 
0.40725 954.564591185 
0.407375 954.565245191 
0.4075 954.565899059 
0.407625 954.566552788 
0.40775 954.567206378 
0.407875 954.567859828 
0.408 954.568513138 
0.408125 954.569166309 
0.40825 954.569819339 
0.408375 954.570472229 
0.4085 954.571124979 
0.408625 954.571777588 
0.40875 954.572430057 
0.408875 954.573082384 
0.409 954.57373457 
0.409125 954.574386615 
0.40925 954.575038519 
0.409375 954.57569028 
0.4095 954.5763419 
0.409625 954.576993377 
0.40975 954.577644713 
0.409875 954.578295905 
0.41 954.578946955 
0.410125 954.579597863 
0.41025 954.580248627 
0.410375 954.580899248 
0.4105 954.581549725 
0.410625 954.582200059 
0.41075 954.582850249 
0.410875 954.583500295 
0.411 954.584150197 
0.411125 954.584799955 
0.41125 954.585449568 
0.411375 954.586099036 
0.4115 954.586748359 
0.411625 954.587397538 
0.41175 954.58804657 
0.411875 954.588695458 
0.412 954.5893442 
0.412125 954.589992796 
0.41225 954.590641246 
0.412375 954.591289549 
0.4125 954.591937707 
0.412625 954.592585717 
0.41275 954.593233581 
0.412875 954.593881298 
0.413 954.594528868 
0.413125 954.59517629 
0.41325 954.595823565 
0.413375 954.596470692 
0.4135 954.597117672 
0.413625 954.597764503 
0.41375 954.598411186 
0.413875 954.59905772 
0.414 954.599704106 
0.414125 954.600350343 
0.41425 954.600996431 
0.414375 954.60164237 
0.4145 954.60228816 
0.414625 954.6029338 
0.41475 954.60357929 
0.414875 954.60422463 
0.415 954.60486982 
0.415125 954.60551486 
0.41525 954.606159749 
0.415375 954.606804488 
0.4155 954.607449076 
0.415625 954.608093513 
0.41575 954.608737799 
0.415875 954.609381933 
0.416 954.610025915 
0.416125 954.610669746 
0.41625 954.611313425 
0.416375 954.611956952 
0.4165 954.612600327 
0.416625 954.613243549 
0.41675 954.613886618 
0.416875 954.614529535 
0.417 954.615172298 
0.417125 954.615814908 
0.41725 954.616457365 
0.417375 954.617099668 
0.4175 954.617741818 
0.417625 954.618383813 
0.41775 954.619025655 
0.417875 954.619667342 
0.418 954.620308874 
0.418125 954.620950252 
0.41825 954.621591475 
0.418375 954.622232543 
0.4185 954.622873456 
0.418625 954.623514213 
0.41875 954.624154815 
0.418875 954.624795261 
0.419 954.625435551 
0.419125 954.626075685 
0.41925 954.626715663 
0.419375 954.627355484 
0.4195 954.627995148 
0.419625 954.628634656 
0.41975 954.629274006 
0.419875 954.629913199 
0.42 954.630552235 
0.420125 954.631191114 
0.42025 954.631829834 
0.420375 954.632468397 
0.4205 954.633106801 
0.420625 954.633745047 
0.42075 954.634383135 
0.420875 954.635021064 
0.421 954.635658834 
0.421125 954.636296445 
0.42125 954.636933897 
0.421375 954.63757119 
0.4215 954.638208323 
0.421625 954.638845296 
0.42175 954.63948211 
0.421875 954.640118763 
0.422 954.640755256 
0.422125 954.641391589 
0.42225 954.642027761 
0.422375 954.642663772 
0.4225 954.643299622 
0.422625 954.643935311 
0.42275 954.644570838 
0.422875 954.645206204 
0.423 954.645841409 
0.423125 954.646476451 
0.42325 954.647111332 
0.423375 954.64774605 
0.4235 954.648380606 
0.423625 954.649014999 
0.42375 954.649649229 
0.423875 954.650283297 
0.424 954.650917201 
0.424125 954.651550942 
0.42425 954.65218452 
0.424375 954.652817934 
0.4245 954.653451184 
0.424625 954.65408427 
0.42475 954.654717191 
0.424875 954.655349949 
0.425 954.655982542 
0.425125 954.65661497 
0.42525 954.657247233 
0.425375 954.657879331 
0.4255 954.658511264 
0.425625 954.659143032 
0.42575 954.659774634 
0.425875 954.66040607 
0.426 954.66103734 
0.426125 954.661668444 
0.42625 954.662299382 
0.426375 954.662930153 
0.4265 954.663560758 
0.426625 954.664191196 
0.42675 954.664821466 
0.426875 954.66545157 
0.427 954.666081506 
0.427125 954.666711275 
0.42725 954.667340876 
0.427375 954.667970309 
0.4275 954.668599574 
0.427625 954.66922867 
0.42775 954.669857599 
0.427875 954.670486358 
0.428 954.671114949 
0.428125 954.671743371 
0.42825 954.672371624 
0.428375 954.672999708 
0.4285 954.673627622 
0.428625 954.674255367 
0.42875 954.674882941 
0.428875 954.675510346 
0.429 954.676137581 
0.429125 954.676764645 
0.42925 954.677391539 
0.429375 954.678018262 
0.4295 954.678644814 
0.429625 954.679271195 
0.42975 954.679897405 
0.429875 954.680523443 
0.43 954.681149311 
0.430125 954.681775006 
0.43025 954.682400529 
0.430375 954.683025881 
0.4305 954.68365106 
0.430625 954.684276066 
0.43075 954.684900901 
0.430875 954.685525562 
0.431 954.68615005 
0.431125 954.686774366 
0.43125 954.687398508 
0.431375 954.688022476 
0.4315 954.688646271 
0.431625 954.689269893 
0.43175 954.68989334 
0.431875 954.690516613 
0.432 954.691139712 
0.432125 954.691762636 
0.43225 954.692385386 
0.432375 954.693007961 
0.4325 954.693630361 
0.432625 954.694252585 
0.43275 954.694874635 
0.432875 954.695496509 
0.433 954.696118207 
0.433125 954.696739729 
0.43325 954.697361076 
0.433375 954.697982246 
0.4335 954.698603239 
0.433625 954.699224057 
0.43375 954.699844697 
0.433875 954.700465161 
0.434 954.701085448 
0.434125 954.701705557 
0.43425 954.702325489 
0.434375 954.702945244 
0.4345 954.70356482 
0.434625 954.704184219 
0.43475 954.70480344 
0.434875 954.705422483 
0.435 954.706041347 
0.435125 954.706660033 
0.43525 954.70727854 
0.435375 954.707896868 
0.4355 954.708515017 
0.435625 954.709132986 
0.43575 954.709750777 
0.435875 954.710368387 
0.436 954.710985818 
0.436125 954.711603069 
0.43625 954.71222014 
0.436375 954.712837031 
0.4365 954.713453741 
0.436625 954.714070271 
0.43675 954.71468662 
0.436875 954.715302788 
0.437 954.715918775 
0.437125 954.71653458 
0.43725 954.717150204 
0.437375 954.717765647 
0.4375 954.718380908 
0.437625 954.718995987 
0.43775 954.719610884 
0.437875 954.720225598 
0.438 954.72084013 
0.438125 954.72145448 
0.43825 954.722068646 
0.438375 954.72268263 
0.4385 954.723296431 
0.438625 954.723910048 
0.43875 954.724523482 
0.438875 954.725136733 
0.439 954.725749799 
0.439125 954.726362682 
0.43925 954.726975381 
0.439375 954.727587895 
0.4395 954.728200225 
0.439625 954.72881237 
0.43975 954.729424331 
0.439875 954.730036106 
0.44 954.730647697 
0.440125 954.731259102 
0.44025 954.731870322 
0.440375 954.732481356 
0.4405 954.733092204 
0.440625 954.733702867 
0.44075 954.734313343 
0.440875 954.734923634 
0.441 954.735533737 
0.441125 954.736143654 
0.44125 954.736753385 
0.441375 954.737362928 
0.4415 954.737972285 
0.441625 954.738581454 
0.44175 954.739190436 
0.441875 954.73979923 
0.442 954.740407837 
0.442125 954.741016255 
0.44225 954.741624486 
0.442375 954.742232528 
0.4425 954.742840382 
0.442625 954.743448048 
0.44275 954.744055524 
0.442875 954.744662812 
0.443 954.745269911 
0.443125 954.745876821 
0.44325 954.746483541 
0.443375 954.747090071 
0.4435 954.747696412 
0.443625 954.748302564 
0.44375 954.748908525 
0.443875 954.749514296 
0.444 954.750119876 
0.444125 954.750725266 
0.44425 954.751330466 
0.444375 954.751935474 
0.4445 954.752540292 
0.444625 954.753144918 
0.44475 954.753749353 
0.444875 954.754353597 
0.445 954.754957649 
0.445125 954.755561509 
0.44525 954.756165178 
0.445375 954.756768654 
0.4455 954.757371938 
0.445625 954.757975029 
0.44575 954.758577928 
0.445875 954.759180634 
0.446 954.759783147 
0.446125 954.760385467 
0.44625 954.760987594 
0.446375 954.761589527 
0.4465 954.762191267 
0.446625 954.762792813 
0.44675 954.763394165 
0.446875 954.763995323 
0.447 954.764596287 
0.447125 954.765197057 
0.44725 954.765797632 
0.447375 954.766398012 
0.4475 954.766998198 
0.447625 954.767598188 
0.44775 954.768197984 
0.447875 954.768797584 
0.448 954.769396988 
0.448125 954.769996197 
0.44825 954.77059521 
0.448375 954.771194027 
0.4485 954.771792648 
0.448625 954.772391073 
0.44875 954.772989301 
0.448875 954.773587332 
0.449 954.774185167 
0.449125 954.774782805 
0.44925 954.775380246 
0.449375 954.77597749 
0.4495 954.776574536 
0.449625 954.777171385 
0.44975 954.777768036 
0.449875 954.778364489 
0.45 954.778960744 
0.450125 954.779556801 
0.45025 954.78015266 
0.450375 954.78074832 
0.4505 954.781343781 
0.450625 954.781939044 
0.45075 954.782534108 
0.450875 954.783128972 
0.451 954.783723637 
0.451125 954.784318103 
0.45125 954.78491237 
0.451375 954.785506436 
0.4515 954.786100303 
0.451625 954.786693969 
0.45175 954.787287436 
0.451875 954.787880702 
0.452 954.788473767 
0.452125 954.789066632 
0.45225 954.789659296 
0.452375 954.790251759 
0.4525 954.79084402 
0.452625 954.791436081 
0.45275 954.79202794 
0.452875 954.792619597 
0.453 954.793211053 
0.453125 954.793802306 
0.45325 954.794393358 
0.453375 954.794984207 
0.4535 954.795574854 
0.453625 954.796165299 
0.45375 954.79675554 
0.453875 954.797345579 
0.454 954.797935415 
0.454125 954.798525048 
0.45425 954.799114477 
0.454375 954.799703703 
0.4545 954.800292725 
0.454625 954.800881543 
0.45475 954.801470158 
0.454875 954.802058568 
0.455 954.802646775 
0.455125 954.803234776 
0.45525 954.803822574 
0.455375 954.804410166 
0.4555 954.804997554 
0.455625 954.805584737 
0.45575 954.806171714 
0.455875 954.806758486 
0.456 954.807345053 
0.456125 954.807931414 
0.45625 954.808517569 
0.456375 954.809103519 
0.4565 954.809689262 
0.456625 954.810274799 
0.45675 954.81086013 
0.456875 954.811445254 
0.457 954.812030172 
0.457125 954.812614882 
0.45725 954.813199386 
0.457375 954.813783682 
0.4575 954.814367772 
0.457625 954.814951653 
0.45775 954.815535328 
0.457875 954.816118794 
0.458 954.816702053 
0.458125 954.817285103 
0.45825 954.817867945 
0.458375 954.818450579 
0.4585 954.819033005 
0.458625 954.819615222 
0.45875 954.82019723 
0.458875 954.820779029 
0.459 954.821360619 
0.459125 954.821941999 
0.45925 954.82252317 
0.459375 954.823104132 
0.4595 954.823684884 
0.459625 954.824265426 
0.45975 954.824845759 
0.459875 954.825425881 
0.46 954.826005792 
0.460125 954.826585494 
0.46025 954.827164984 
0.460375 954.827744264 
0.4605 954.828323333 
0.460625 954.828902191 
0.46075 954.829480838 
0.460875 954.830059273 
0.461 954.830637497 
0.461125 954.83121551 
0.46125 954.83179331 
0.461375 954.832370899 
0.4615 954.832948275 
0.461625 954.833525439 
0.46175 954.834102391 
0.461875 954.834679131 
0.462 954.835255657 
0.462125 954.835831971 
0.46225 954.836408072 
0.462375 954.83698396 
0.4625 954.837559634 
0.462625 954.838135095 
0.46275 954.838710343 
0.462875 954.839285376 
0.463 954.839860196 
0.463125 954.840434802 
0.46325 954.841009194 
0.463375 954.841583371 
0.4635 954.842157334 
0.463625 954.842731083 
0.46375 954.843304617 
0.463875 954.843877935 
0.464 954.844451039 
0.464125 954.845023928 
0.46425 954.845596601 
0.464375 954.846169059 
0.4645 954.846741301 
0.464625 954.847313328 
0.46475 954.847885138 
0.464875 954.848456733 
0.465 954.849028111 
0.465125 954.849599273 
0.46525 954.850170218 
0.465375 954.850740947 
0.4655 954.851311459 
0.465625 954.851881755 
0.46575 954.852451833 
0.465875 954.853021694 
0.466 954.853591337 
0.466125 954.854160763 
0.46625 954.854729972 
0.466375 954.855298962 
0.4665 954.855867735 
0.466625 954.85643629 
0.46675 954.857004626 
0.466875 954.857572744 
0.467 954.858140644 
0.467125 954.858708325 
0.46725 954.859275787 
0.467375 954.85984303 
0.4675 954.860410054 
0.467625 954.860976859 
0.46775 954.861543444 
0.467875 954.86210981 
0.468 954.862675957 
0.468125 954.863241883 
0.46825 954.86380759 
0.468375 954.864373077 
0.4685 954.864938343 
0.468625 954.865503389 
0.46875 954.866068215 
0.468875 954.866632819 
0.469 954.867197203 
0.469125 954.867761367 
0.46925 954.868325309 
0.469375 954.86888903 
0.4695 954.869452529 
0.469625 954.870015807 
0.46975 954.870578864 
0.469875 954.871141698 
0.47 954.871704311 
0.470125 954.872266701 
0.47025 954.87282887 
0.470375 954.873390816 
0.4705 954.87395254 
0.470625 954.874514041 
0.47075 954.875075319 
0.470875 954.875636374 
0.471 954.876197207 
0.471125 954.876757816 
0.47125 954.877318202 
0.471375 954.877878364 
0.4715 954.878438303 
0.471625 954.878998018 
0.47175 954.879557509 
0.471875 954.880116776 
0.472 954.880675819 
0.472125 954.881234637 
0.47225 954.881793232 
0.472375 954.882351601 
0.4725 954.882909746 
0.472625 954.883467666 
0.47275 954.884025361 
0.472875 954.884582831 
0.473 954.885140076 
0.473125 954.885697095 
0.47325 954.886253889 
0.473375 954.886810457 
0.4735 954.887366799 
0.473625 954.887922916 
0.47375 954.888478806 
0.473875 954.88903447 
0.474 954.889589907 
0.474125 954.890145119 
0.47425 954.890700103 
0.474375 954.891254861 
0.4745 954.891809391 
0.474625 954.892363695 
0.47475 954.892917771 
0.474875 954.893471621 
0.475 954.894025242 
0.475125 954.894578636 
0.47525 954.895131803 
0.475375 954.895684741 
0.4755 954.896237452 
0.475625 954.896789934 
0.47575 954.897342188 
0.475875 954.897894213 
0.476 954.89844601 
0.476125 954.898997579 
0.47625 954.899548918 
0.476375 954.900100029 
0.4765 954.90065091 
0.476625 954.901201562 
0.47675 954.901751985 
0.476875 954.902302179 
0.477 954.902852142 
0.477125 954.903401876 
0.47725 954.90395138 
0.477375 954.904500654 
0.4775 954.905049698 
0.477625 954.905598511 
0.47775 954.906147094 
0.477875 954.906695447 
0.478 954.907243569 
0.478125 954.907791459 
0.47825 954.908339119 
0.478375 954.908886548 
0.4785 954.909433746 
0.478625 954.909980712 
0.47875 954.910527446 
0.478875 954.911073949 
0.479 954.91162022 
0.479125 954.91216626 
0.47925 954.912712067 
0.479375 954.913257642 
0.4795 954.913802985 
0.479625 954.914348095 
0.47975 954.914892973 
0.479875 954.915437618 
0.48 954.91598203 
0.480125 954.916526209 
0.48025 954.917070155 
0.480375 954.917613868 
0.4805 954.918157347 
0.480625 954.918700593 
0.48075 954.919243605 
0.480875 954.919786384 
0.481 954.920328928 
0.481125 954.920871239 
0.48125 954.921413315 
0.481375 954.921955157 
0.4815 954.922496765 
0.481625 954.923038138 
0.48175 954.923579277 
0.481875 954.92412018 
0.482 954.924660849 
0.482125 954.925201282 
0.48225 954.925741481 
0.482375 954.926281444 
0.4825 954.926821171 
0.482625 954.927360663 
0.48275 954.92789992 
0.482875 954.92843894 
0.483 954.928977724 
0.483125 954.929516273 
0.48325 954.930054585 
0.483375 954.93059266 
0.4835 954.931130499 
0.483625 954.931668102 
0.48375 954.932205468 
0.483875 954.932742596 
0.484 954.933279488 
0.484125 954.933816143 
0.48425 954.93435256 
0.484375 954.93488874 
0.4845 954.935424683 
0.484625 954.935960387 
0.48475 954.936495854 
0.484875 954.937031084 
0.485 954.937566075 
0.485125 954.938100827 
0.48525 954.938635342 
0.485375 954.939169618 
0.4855 954.939703655 
0.485625 954.940237454 
0.48575 954.940771014 
0.485875 954.941304335 
0.486 954.941837417 
0.486125 954.94237026 
0.48625 954.942902864 
0.486375 954.943435228 
0.4865 954.943967352 
0.486625 954.944499237 
0.48675 954.945030882 
0.486875 954.945562287 
0.487 954.946093452 
0.487125 954.946624377 
0.48725 954.947155061 
0.487375 954.947685505 
0.4875 954.948215708 
0.487625 954.948745671 
0.48775 954.949275393 
0.487875 954.949804873 
0.488 954.950334113 
0.488125 954.950863112 
0.48825 954.951391869 
0.488375 954.951920385 
0.4885 954.952448659 
0.488625 954.952976691 
0.48875 954.953504482 
0.488875 954.95403203 
0.489 954.954559337 
0.489125 954.955086401 
0.48925 954.955613223 
0.489375 954.956139803 
0.4895 954.95666614 
0.489625 954.957192234 
0.48975 954.957718085 
0.489875 954.958243694 
0.49 954.958769059 
0.490125 954.959294181 
0.49025 954.95981906 
0.490375 954.960343696 
0.4905 954.960868088 
0.490625 954.961392236 
0.49075 954.96191614 
0.490875 954.962439801 
0.491 954.962963217 
0.491125 954.963486389 
0.49125 954.964009317 
0.491375 954.964532 
0.4915 954.965054439 
0.491625 954.965576634 
0.49175 954.966098583 
0.491875 954.966620288 
0.492 954.967141747 
0.492125 954.967662961 
0.49225 954.96818393 
0.492375 954.968704654 
0.4925 954.969225132 
0.492625 954.969745365 
0.49275 954.970265352 
0.492875 954.970785092 
0.493 954.971304587 
0.493125 954.971823836 
0.49325 954.972342838 
0.493375 954.972861595 
0.4935 954.973380104 
0.493625 954.973898367 
0.49375 954.974416383 
0.493875 954.974934153 
0.494 954.975451675 
0.494125 954.975968951 
0.49425 954.976485979 
0.494375 954.97700276 
0.4945 954.977519293 
0.494625 954.978035579 
0.49475 954.978551617 
0.494875 954.979067408 
0.495 954.97958295 
0.495125 954.980098244 
0.49525 954.980613291 
0.495375 954.981128089 
0.4955 954.981642638 
0.495625 954.982156939 
0.49575 954.982670992 
0.495875 954.983184795 
0.496 954.98369835 
0.496125 954.984211656 
0.49625 954.984724713 
0.496375 954.98523752 
0.4965 954.985750078 
0.496625 954.986262387 
0.49675 954.986774446 
0.496875 954.987286255 
0.497 954.987797815 
0.497125 954.988309125 
0.49725 954.988820184 
0.497375 954.989330994 
0.4975 954.989841553 
0.497625 954.990351862 
0.49775 954.99086192 
0.497875 954.991371728 
0.498 954.991881285 
0.498125 954.992390591 
0.49825 954.992899646 
0.498375 954.99340845 
0.4985 954.993917003 
0.498625 954.994425304 
0.49875 954.994933354 
0.498875 954.995441153 
0.499 954.995948699 
0.499125 954.996455994 
0.49925 954.996963038 
0.499375 954.997469829 
0.4995 954.997976368 
0.499625 954.998482654 
0.49975 954.998988689 
0.499875 954.999494471 
0.5 955 
