0 0.06525
3e-05 0.069875
6e-05 0.07325
9e-05 0.076125
0.00012 0.07875
0.00015 0.081
0.00018 0.083
0.00021 0.085
0.00024 0.08675
0.00027 0.088375
0.0003 0.09
0.00033 0.0915
0.00036 0.093
0.00039 0.094375
0.00042 0.09575
0.00045 0.097
0.00048 0.098125
0.00051 0.099375
0.00054 0.1005
0.00057 0.101625
0.0006 0.10275
0.00063 0.10375
0.00066 0.104875
0.00069 0.105875
0.00072 0.106875
0.00075 0.10775
0.00078 0.10875
0.00081 0.109625
0.00084 0.1105
0.00087 0.111375
0.0009 0.11225
0.00093 0.113125
0.00096 0.113875
0.00099 0.11475
0.00102 0.1155
0.00105 0.11625
0.00108 0.117
0.00111 0.11775
0.00114 0.1185
0.00117 0.11925
0.0012 0.119875
0.00123 0.120625
0.00126 0.12125
0.00129 0.122
0.00132 0.122625
0.00135 0.12325
0.00138 0.123875
0.00141 0.1245
0.00144 0.125125
0.00147 0.12575
0.0015 0.126375
0.00153 0.127
0.00156 0.1275
0.00159 0.128125
0.00162 0.128625
0.00165 0.12925
0.00168 0.12975
0.00171 0.130375
0.00174 0.130875
0.00177 0.131375
0.0018 0.132
0.00183 0.1325
0.00186 0.133
0.00189 0.1335
0.00192 0.134
0.00195 0.1345
0.00198 0.135
0.00201 0.1355
0.00204 0.136
0.00207 0.136375
0.0021 0.136875
0.00213 0.137375
0.00216 0.13775
0.00219 0.13825
0.00222 0.138625
0.00225 0.139125
0.00228 0.1395
0.00231 0.14
0.00234 0.140375
0.00237 0.140875
0.0024 0.14125
0.00243 0.141625
0.00246 0.142
0.00249 0.1425
0.00252 0.142875
0.00255 0.14325
0.00258 0.143625
0.00261 0.144
0.00264 0.144375
0.00267 0.14475
0.0027 0.145125
0.00273 0.1455
0.00276 0.145875
0.00279 0.14625
0.00282 0.146625
0.00285 0.147
0.00288 0.147375
0.00291 0.14775
0.00294 0.148
0.00297 0.148375
0.003 0.14875
0.00303 0.149
0.00306 0.149375
0.00309 0.14975
0.00312 0.15
0.00315 0.150375
0.00318 0.150625
0.00321 0.151
0.00324 0.151375
0.00327 0.151625
0.0033 0.151875
0.00333 0.15225
0.00336 0.1525
0.00339 0.152875
0.00342 0.153125
0.00345 0.153375
0.00348 0.15375
0.00351 0.154
0.00354 0.15425
0.00357 0.154625
0.0036 0.154875
0.00363 0.155125
0.00366 0.155375
0.00369 0.155625
0.00372 0.156
0.00375 0.15625
0.00378 0.1565
0.00381 0.15675
0.00384 0.157
0.00387 0.15725
0.0039 0.1575
0.00393 0.15775
0.00396 0.158
0.00399 0.15825
0.00402 0.1585
0.00405 0.15875
0.00408 0.159
0.00411 0.15925
0.00414 0.1595
0.00417 0.15975
0.0042 0.16
0.00423 0.16025
0.00426 0.160375
0.00429 0.160625
0.00432 0.160875
0.00435 0.161125
0.00438 0.161375
0.00441 0.1615
0.00444 0.16175
0.00447 0.162
0.0045 0.16225
0.00453 0.162375
0.00456 0.162625
0.00459 0.162875
0.00462 0.163
0.00465 0.16325
0.00468 0.1635
0.00471 0.163625
0.00474 0.163875
0.00477 0.164125
0.0048 0.16425
0.00483 0.1645
0.00486 0.164625
0.00489 0.164875
0.00492 0.165
0.00495 0.16525
0.00498 0.165375
0.00501 0.165625
0.00504 0.16575
0.00507 0.166
0.0051 0.166125
0.00513 0.166375
0.00516 0.1665
0.00519 0.166625
0.00522 0.166875
0.00525 0.167
0.00528 0.167125
0.00531 0.167375
0.00534 0.1675
0.00537 0.16775
0.0054 0.167875
0.00543 0.168
0.00546 0.168125
0.00549 0.168375
0.00552 0.1685
0.00555 0.168625
0.00558 0.168875
0.00561 0.169
0.00564 0.169125
0.00567 0.16925
0.0057 0.169375
0.00573 0.169625
0.00576 0.16975
0.00579 0.169875
0.00582 0.17
0.00585 0.170125
0.00588 0.17025
0.00591 0.1705
0.00594 0.170625
0.00597 0.17075
0.006 0.170875
0.00603 0.171
0.00606 0.171125
0.00609 0.17125
0.00612 0.171375
0.00615 0.1715
0.00618 0.171625
0.00621 0.17175
0.00624 0.171875
0.00627 0.172
0.0063 0.172125
0.00633 0.17225
0.00636 0.172375
0.00639 0.1725
0.00642 0.172625
0.00645 0.17275
0.00648 0.172875
0.00651 0.173
0.00654 0.173125
0.00657 0.17325
0.0066 0.173375
0.00663 0.1735
0.00666 0.173625
0.00669 0.17375
0.00672 0.173875
0.00675 0.173875
0.00678 0.174
0.00681 0.174125
0.00684 0.17425
0.00687 0.174375
0.0069 0.1745
0.00693 0.1745
0.00696 0.174625
0.00699 0.17475
0.00702 0.174875
0.00705 0.175
0.00708 0.175
0.00711 0.175125
0.00714 0.17525
0.00717 0.175375
0.0072 0.1755
0.00723 0.1755
0.00726 0.175625
0.00729 0.17575
0.00732 0.17575
0.00735 0.175875
0.00738 0.176
0.00741 0.176125
0.00744 0.176125
0.00747 0.17625
0.0075 0.176375
0.00753 0.176375
0.00756 0.1765
0.00759 0.176625
0.00762 0.176625
0.00765 0.17675
0.00768 0.17675
0.00771 0.176875
0.00774 0.177
0.00777 0.177
0.0078 0.177125
0.00783 0.177125
0.00786 0.17725
0.00789 0.177375
0.00792 0.177375
0.00795 0.1775
0.00798 0.1775
0.00801 0.177625
0.00804 0.177625
0.00807 0.17775
0.0081 0.17775
0.00813 0.177875
0.00816 0.178
0.00819 0.178
0.00822 0.178125
0.00825 0.178125
0.00828 0.17825
0.00831 0.17825
0.00834 0.17825
0.00837 0.178375
0.0084 0.178375
0.00843 0.1785
0.00846 0.1785
0.00849 0.178625
0.00852 0.178625
0.00855 0.17875
0.00858 0.17875
0.00861 0.178875
0.00864 0.178875
0.00867 0.178875
0.0087 0.179
0.00873 0.179
0.00876 0.179125
0.00879 0.179125
0.00882 0.179125
0.00885 0.17925
0.00888 0.17925
0.00891 0.17925
0.00894 0.179375
0.00897 0.179375
0.009 0.179375
0.00903 0.1795
0.00906 0.1795
0.00909 0.1795
0.00912 0.179625
0.00915 0.179625
0.00918 0.179625
0.00921 0.17975
0.00924 0.17975
0.00927 0.17975
0.0093 0.179875
0.00933 0.179875
0.00936 0.179875
0.00939 0.179875
0.00942 0.18
0.00945 0.18
0.00948 0.18
0.00951 0.18
0.00954 0.180125
0.00957 0.180125
0.0096 0.180125
0.00963 0.180125
0.00966 0.18025
0.00969 0.18025
0.00972 0.18025
0.00975 0.18025
0.00978 0.18025
0.00981 0.180375
0.00984 0.180375
0.00987 0.180375
0.0099 0.180375
0.00993 0.180375
0.00996 0.1805
0.00999 0.1805
0.01002 0.1805
0.01005 0.1805
0.01008 0.1805
0.01011 0.1805
0.01014 0.180625
0.01017 0.180625
0.0102 0.180625
0.01023 0.180625
0.01026 0.180625
0.01029 0.180625
0.01032 0.180625
0.01035 0.180625
0.01038 0.18075
0.01041 0.18075
0.01044 0.18075
0.01047 0.18075
0.0105 0.18075
0.01053 0.18075
0.01056 0.18075
0.01059 0.18075
0.01062 0.18075
0.01065 0.18075
0.01068 0.18075
0.01071 0.18075
0.01074 0.180875
0.01077 0.180875
0.0108 0.180875
0.01083 0.180875
0.01086 0.180875
0.01089 0.180875
0.01092 0.180875
0.01095 0.180875
0.01098 0.180875
0.01101 0.180875
0.01104 0.180875
0.01107 0.180875
0.0111 0.180875
0.01113 0.180875
0.01116 0.180875
0.01119 0.180875
0.01122 0.180875
0.01125 0.180875
0.01128 0.180875
0.01131 0.180875
0.01134 0.180875
0.01137 0.180875
0.0114 0.180875
0.01143 0.180875
0.01146 0.180875
0.01149 0.180875
0.01152 0.18075
0.01155 0.18075
0.01158 0.18075
0.01161 0.18075
0.01164 0.18075
0.01167 0.18075
0.0117 0.180625
0.01173 0.180625
0.01176 0.180625
0.01179 0.180625
0.01182 0.180625
0.01185 0.180625
0.01188 0.1805
0.01191 0.1805
0.01194 0.1805
0.01197 0.1805
0.012 0.1805
0.01203 0.180375
0.01206 0.180375
0.01209 0.180375
0.01212 0.180375
0.01215 0.18025
0.01218 0.18025
0.01221 0.18025
0.01224 0.18025
0.01227 0.180125
0.0123 0.180125
0.01233 0.180125
0.01236 0.180125
0.01239 0.18
0.01242 0.18
0.01245 0.18
0.01248 0.18
0.01251 0.179875
0.01254 0.179875
0.01257 0.179875
0.0126 0.17975
0.01263 0.17975
0.01266 0.17975
0.01269 0.179625
0.01272 0.179625
0.01275 0.179625
0.01278 0.179625
0.01281 0.1795
0.01284 0.1795
0.01287 0.1795
0.0129 0.179375
0.01293 0.179375
0.01296 0.179375
0.01299 0.17925
0.01302 0.17925
0.01305 0.179125
0.01308 0.179125
0.01311 0.179125
0.01314 0.179
0.01317 0.179
0.0132 0.179
0.01323 0.178875
0.01326 0.178875
0.01329 0.17875
0.01332 0.17875
0.01335 0.17875
0.01338 0.178625
0.01341 0.178625
0.01344 0.1785
0.01347 0.1785
0.0135 0.1785
0.01353 0.178375
0.01356 0.178375
0.01359 0.17825
0.01362 0.17825
0.01365 0.178125
0.01368 0.178125
0.01371 0.178
0.01374 0.178
0.01377 0.178
0.0138 0.177875
0.01383 0.177875
0.01386 0.17775
0.01389 0.17775
0.01392 0.177625
0.01395 0.177625
0.01398 0.1775
0.01401 0.1775
0.01404 0.177375
0.01407 0.177375
0.0141 0.17725
0.01413 0.17725
0.01416 0.177125
0.01419 0.177125
0.01422 0.177
0.01425 0.177
0.01428 0.176875
0.01431 0.176875
0.01434 0.17675
0.01437 0.176625
0.0144 0.176625
0.01443 0.1765
0.01446 0.1765
0.01449 0.176375
0.01452 0.176375
0.01455 0.17625
0.01458 0.17625
0.01461 0.176125
0.01464 0.176
0.01467 0.176
0.0147 0.175875
0.01473 0.175875
0.01476 0.17575
0.01479 0.175625
0.01482 0.175625
0.01485 0.1755
0.01488 0.1755
0.01491 0.175375
0.01494 0.17525
0.01497 0.17525
0.015 0.175125
0.01503 0.175125
0.01506 0.175
0.01509 0.174875
0.01512 0.174875
0.01515 0.17475
0.01518 0.174625
0.01521 0.174625
0.01524 0.1745
0.01527 0.174375
0.0153 0.174375
0.01533 0.17425
0.01536 0.174125
0.01539 0.174125
0.01542 0.174
0.01545 0.173875
0.01548 0.173875
0.01551 0.17375
0.01554 0.173625
0.01557 0.173625
0.0156 0.1735
0.01563 0.173375
0.01566 0.173375
0.01569 0.17325
0.01572 0.173125
0.01575 0.173
0.01578 0.173
0.01581 0.172875
0.01584 0.17275
0.01587 0.172625
0.0159 0.172625
0.01593 0.1725
0.01596 0.172375
0.01599 0.172375
0.01602 0.17225
0.01605 0.172125
0.01608 0.172
0.01611 0.171875
0.01614 0.171875
0.01617 0.17175
0.0162 0.171625
0.01623 0.1715
0.01626 0.1715
0.01629 0.171375
0.01632 0.17125
0.01635 0.171125
0.01638 0.171
0.01641 0.171
0.01644 0.170875
0.01647 0.17075
0.0165 0.170625
0.01653 0.1705
0.01656 0.1705
0.01659 0.170375
0.01662 0.17025
0.01665 0.170125
0.01668 0.17
0.01671 0.169875
0.01674 0.169875
0.01677 0.16975
0.0168 0.169625
0.01683 0.1695
0.01686 0.169375
0.01689 0.16925
0.01692 0.169125
0.01695 0.169125
0.01698 0.169
0.01701 0.168875
0.01704 0.16875
0.01707 0.168625
0.0171 0.1685
0.01713 0.168375
0.01716 0.16825
0.01719 0.16825
0.01722 0.168125
0.01725 0.168
0.01728 0.167875
0.01731 0.16775
0.01734 0.167625
0.01737 0.1675
0.0174 0.167375
0.01743 0.16725
0.01746 0.167125
0.01749 0.167
0.01752 0.166875
0.01755 0.16675
0.01758 0.16675
0.01761 0.166625
0.01764 0.1665
0.01767 0.166375
0.0177 0.16625
0.01773 0.166125
0.01776 0.166
0.01779 0.165875
0.01782 0.16575
0.01785 0.165625
0.01788 0.1655
0.01791 0.165375
0.01794 0.16525
0.01797 0.165125
0.018 0.165
0.01803 0.164875
0.01806 0.16475
0.01809 0.164625
0.01812 0.1645
0.01815 0.164375
0.01818 0.16425
0.01821 0.164125
0.01824 0.164
0.01827 0.163875
0.0183 0.16375
0.01833 0.163625
0.01836 0.1635
0.01839 0.163375
0.01842 0.16325
0.01845 0.163125
0.01848 0.162875
0.01851 0.16275
0.01854 0.162625
0.01857 0.1625
0.0186 0.162375
0.01863 0.16225
0.01866 0.162125
0.01869 0.162
0.01872 0.161875
0.01875 0.16175
0.01878 0.161625
0.01881 0.1615
0.01884 0.161375
0.01887 0.161125
0.0189 0.161
0.01893 0.160875
0.01896 0.16075
0.01899 0.160625
0.01902 0.1605
0.01905 0.160375
0.01908 0.16025
0.01911 0.16
0.01914 0.159875
0.01917 0.15975
0.0192 0.159625
0.01923 0.1595
0.01926 0.159375
0.01929 0.15925
0.01932 0.159
0.01935 0.158875
0.01938 0.15875
0.01941 0.158625
0.01944 0.1585
0.01947 0.158375
0.0195 0.158125
0.01953 0.158
0.01956 0.157875
0.01959 0.15775
0.01962 0.157625
0.01965 0.157375
0.01968 0.15725
0.01971 0.157125
0.01974 0.157
0.01977 0.156875
0.0198 0.156625
0.01983 0.1565
0.01986 0.156375
0.01989 0.15625
0.01992 0.156
0.01995 0.155875
0.01998 0.15575
0.02001 0.155625
0.02004 0.155375
0.02007 0.15525
0.0201 0.155125
0.02013 0.155
0.02016 0.15475
0.02019 0.154625
0.02022 0.1545
0.02025 0.15425
0.02028 0.154125
0.02031 0.154
0.02034 0.153875
0.02037 0.153625
0.0204 0.1535
0.02043 0.153375
0.02046 0.153125
0.02049 0.153
0.02052 0.152875
0.02055 0.152625
0.02058 0.1525
0.02061 0.152375
0.02064 0.15225
0.02067 0.152
0.0207 0.151875
0.02073 0.151625
0.02076 0.1515
0.02079 0.151375
0.02082 0.151125
0.02085 0.151
0.02088 0.150875
0.02091 0.150625
0.02094 0.1505
0.02097 0.150375
0.021 0.150125
0.02103 0.15
0.02106 0.14975
0.02109 0.149625
0.02112 0.1495
0.02115 0.14925
0.02118 0.149125
0.02121 0.148875
0.02124 0.14875
0.02127 0.148625
0.0213 0.148375
0.02133 0.14825
0.02136 0.148
0.02139 0.147875
0.02142 0.147625
0.02145 0.1475
0.02148 0.147375
0.02151 0.147125
0.02154 0.147
0.02157 0.14675
0.0216 0.146625
0.02163 0.146375
0.02166 0.14625
0.02169 0.146
0.02172 0.145875
0.02175 0.145625
0.02178 0.1455
0.02181 0.14525
0.02184 0.145125
0.02187 0.144875
0.0219 0.14475
0.02193 0.1445
0.02196 0.144375
0.02199 0.144125
0.02202 0.144
0.02205 0.14375
0.02208 0.143625
0.02211 0.143375
0.02214 0.14325
0.02217 0.143
0.0222 0.142875
0.02223 0.142625
0.02226 0.1425
0.02229 0.14225
0.02232 0.142
0.02235 0.141875
0.02238 0.141625
0.02241 0.1415
0.02244 0.14125
0.02247 0.141125
0.0225 0.140875
0.02253 0.140625
0.02256 0.1405
0.02259 0.14025
0.02262 0.140125
0.02265 0.139875
0.02268 0.139625
0.02271 0.1395
0.02274 0.13925
0.02277 0.139
0.0228 0.138875
0.02283 0.138625
0.02286 0.1385
0.02289 0.13825
0.02292 0.138
0.02295 0.137875
0.02298 0.137625
0.02301 0.137375
0.02304 0.13725
0.02307 0.137
0.0231 0.13675
0.02313 0.136625
0.02316 0.136375
0.02319 0.136125
0.02322 0.135875
0.02325 0.13575
0.02328 0.1355
0.02331 0.13525
0.02334 0.135125
0.02337 0.134875
0.0234 0.134625
0.02343 0.134375
0.02346 0.13425
0.02349 0.134
0.02352 0.13375
0.02355 0.1335
0.02358 0.133375
0.02361 0.133125
0.02364 0.132875
0.02367 0.132625
0.0237 0.1325
0.02373 0.13225
0.02376 0.132
0.02379 0.13175
0.02382 0.1315
0.02385 0.131375
0.02388 0.131125
0.02391 0.130875
0.02394 0.130625
0.02397 0.130375
0.024 0.13025
0.02403 0.13
0.02406 0.12975
0.02409 0.1295
0.02412 0.12925
0.02415 0.129
0.02418 0.128875
0.02421 0.128625
0.02424 0.128375
0.02427 0.128125
0.0243 0.127875
0.02433 0.127625
0.02436 0.127375
0.02439 0.127125
0.02442 0.127
0.02445 0.12675
0.02448 0.1265
0.02451 0.12625
0.02454 0.126
0.02457 0.12575
0.0246 0.1255
0.02463 0.12525
0.02466 0.125
0.02469 0.12475
0.02472 0.1245
0.02475 0.12425
0.02478 0.124
0.02481 0.12375
0.02484 0.123625
0.02487 0.123375
0.0249 0.123125
0.02493 0.122875
0.02496 0.122625
0.02499 0.122375
0.02502 0.122125
0.02505 0.121875
0.02508 0.121625
0.02511 0.121375
0.02514 0.121125
0.02517 0.120875
0.0252 0.1205
0.02523 0.12025
0.02526 0.12
0.02529 0.11975
0.02532 0.1195
0.02535 0.11925
0.02538 0.119
0.02541 0.11875
0.02544 0.1185
0.02547 0.11825
0.0255 0.118
0.02553 0.11775
0.02556 0.1175
0.02559 0.117125
0.02562 0.116875
0.02565 0.116625
0.02568 0.116375
0.02571 0.116125
0.02574 0.115875
0.02577 0.115625
0.0258 0.115375
0.02583 0.115
0.02586 0.11475
0.02589 0.1145
0.02592 0.11425
0.02595 0.114
0.02598 0.11375
0.02601 0.113375
0.02604 0.113125
0.02607 0.112875
0.0261 0.112625
0.02613 0.11225
0.02616 0.112
0.02619 0.11175
0.02622 0.1115
0.02625 0.11125
0.02628 0.110875
0.02631 0.110625
0.02634 0.110375
0.02637 0.11
0.0264 0.10975
0.02643 0.1095
0.02646 0.10925
0.02649 0.108875
0.02652 0.108625
0.02655 0.108375
0.02658 0.108
0.02661 0.10775
0.02664 0.1075
0.02667 0.107125
0.0267 0.106875
0.02673 0.106625
0.02676 0.10625
0.02679 0.106
0.02682 0.10575
0.02685 0.105375
0.02688 0.105125
0.02691 0.10475
0.02694 0.1045
0.02697 0.10425
0.027 0.103875
0.02703 0.103625
0.02706 0.10325
0.02709 0.103
0.02712 0.102625
0.02715 0.102375
0.02718 0.102125
0.02721 0.10175
0.02724 0.1015
0.02727 0.101125
0.0273 0.100875
0.02733 0.1005
0.02736 0.10025
0.02739 0.099875
0.02742 0.099625
0.02745 0.09925
0.02748 0.098875
0.02751 0.098625
0.02754 0.09825
0.02757 0.098
0.0276 0.097625
0.02763 0.097375
0.02766 0.097
0.02769 0.096625
0.02772 0.096375
0.02775 0.096
0.02778 0.09575
0.02781 0.095375
0.02784 0.095
0.02787 0.09475
0.0279 0.094375
0.02793 0.094
0.02796 0.09375
0.02799 0.093375
0.02802 0.093
0.02805 0.09275
0.02808 0.092375
0.02811 0.092
0.02814 0.091625
0.02817 0.091375
0.0282 0.091
0.02823 0.090625
0.02826 0.09025
0.02829 0.09
0.02832 0.089625
0.02835 0.08925
0.02838 0.088875
0.02841 0.0885
0.02844 0.08825
0.02847 0.087875
0.0285 0.0875
0.02853 0.087125
0.02856 0.08675
0.02859 0.086375
0.02862 0.086125
0.02865 0.08575
0.02868 0.085375
0.02871 0.085
0.02874 0.084625
0.02877 0.08425
0.0288 0.083875
0.02883 0.0835
0.02886 0.083125
0.02889 0.08275
0.02892 0.082375
0.02895 0.082
0.02898 0.081625
0.02901 0.08125
0.02904 0.080875
0.02907 0.0805
0.0291 0.080125
0.02913 0.07975
0.02916 0.079375
0.02919 0.079
0.02922 0.078625
0.02925 0.078125
0.02928 0.07775
0.02931 0.077375
0.02934 0.077
0.02937 0.076625
0.0294 0.07625
0.02943 0.07575
0.02946 0.075375
0.02949 0.075
0.02952 0.074625
0.02955 0.074125
0.02958 0.07375
0.02961 0.073375
0.02964 0.073
0.02967 0.0725
0.0297 0.072125
0.02973 0.07175
0.02976 0.07125
0.02979 0.070875
0.02982 0.0705
0.02985 0.07
0.02988 0.069625
0.02991 0.069125
0.02994 0.06875
0.02997 0.06825
0.03 0.067875
0.03003 0.067375
0.03006 0.067
0.03009 0.0665
0.03012 0.066125
0.03015 0.065625
0.03018 0.06525
0.03021 0.06475
0.03024 0.06425
0.03027 0.063875
0.0303 0.063375
0.03033 0.062875
0.03036 0.0625
0.03039 0.062
0.03042 0.0615
0.03045 0.061
0.03048 0.060625
0.03051 0.060125
0.03054 0.059625
0.03057 0.059125
0.0306 0.058625
0.03063 0.058125
0.03066 0.057625
0.03069 0.057125
0.03072 0.056625
0.03075 0.056125
0.03078 0.055625
0.03081 0.055125
0.03084 0.054625
0.03087 0.054125
0.0309 0.053625
0.03093 0.053125
0.03096 0.052625
0.03099 0.052
0.03102 0.0515
0.03105 0.051
0.03108 0.050375
0.03111 0.049875
0.03114 0.04925
0.03117 0.04875
0.0312 0.048125
0.03123 0.047625
0.03126 0.047
0.03129 0.0465
0.03132 0.045875
0.03135 0.04525
0.03138 0.044625
0.03141 0.044125
0.03144 0.0435
0.03147 0.042875
0.0315 0.04225
0.03153 0.041625
0.03156 0.040875
0.03159 0.04025
0.03162 0.039625
0.03165 0.038875
0.03168 0.03825
0.03171 0.0375
0.03174 0.036875
0.03177 0.036125
0.0318 0.035375
0.03183 0.034625
0.03186 0.033875
0.03189 0.033125
0.03192 0.03225
0.03195 0.0315
0.03198 0.030625
0.03201 0.02975
0.03204 0.028875
0.03207 0.028
0.0321 0.027
0.03213 0.026
0.03216 0.025
0.03219 0.023875
0.03222 0.02275
0.03225 0.021625
0.03228 0.02025
0.03231 0.018875
0.03234 0.017375
0.03237 0.01575
0.0324 0.01375
0.03243 0.011375
0.03246 0.008375
0.03249 0.00225
0.03252 0
0.03255 0
0.03258 0
0.03261 0
0.03264 0
0.03267 0
0.0327 0
0.03273 0
0.03276 0
0.03279 0
0.03282 0
0.03285 0
0.03288 0
0.03291 0
0.03294 0
0.03297 0
0.033 0
0.03303 0
0.03306 0
0.03309 0
0.03312 0
0.03315 0
0.03318 0
0.03321 0
0.03324 0
0.03327 0
0.0333 0
0.03333 0
0.03336 0
0.03339 0
0.03342 0
0.03345 0
0.03348 0
0.03351 0
0.03354 0
0.03357 0
0.0336 0
0.03363 0
0.03366 0
0.03369 0
0.03372 0
0.03375 0
0.03378 0
0.03381 0
0.03384 0
0.03387 0
0.0339 0
0.03393 0
0.03396 0
0.03399 0
0.03402 0
0.03405 0
0.03408 0
0.03411 0
0.03414 0
0.03417 0
0.0342 0
