0 0.098625
3.25e-05 0.103875
6.5e-05 0.107875
9.75e-05 0.111125
0.00013 0.114125
0.0001625 0.11675
0.000195 0.11925
0.0002275 0.1215
0.00026 0.123625
0.0002925 0.125625
0.000325 0.127625
0.0003575 0.129375
0.00039 0.131125
0.0004225 0.132875
0.000455 0.1345
0.0004875 0.136125
0.00052 0.13775
0.0005525 0.13925
0.000585 0.140625
0.0006175 0.142125
0.00065 0.1435
0.0006825 0.14475
0.000715 0.146125
0.0007475 0.147375
0.00078 0.148625
0.0008125 0.149875
0.000845 0.151
0.0008775 0.15225
0.00091 0.153375
0.0009425 0.1545
0.000975 0.1555
0.0010075 0.156625
0.00104 0.15775
0.0010725 0.15875
0.001105 0.15975
0.0011375 0.16075
0.00117 0.16175
0.0012025 0.16275
0.001235 0.16375
0.0012675 0.164625
0.0013 0.165625
0.0013325 0.1665
0.001365 0.1675
0.0013975 0.168375
0.00143 0.16925
0.0014625 0.170125
0.001495 0.171
0.0015275 0.171875
0.00156 0.17275
0.0015925 0.1735
0.001625 0.174375
0.0016575 0.175125
0.00169 0.176
0.0017225 0.17675
0.001755 0.1775
0.0017875 0.178375
0.00182 0.179125
0.0018525 0.179875
0.001885 0.180625
0.0019175 0.181375
0.00195 0.182125
0.0019825 0.182875
0.002015 0.183625
0.0020475 0.18425
0.00208 0.185
0.0021125 0.18575
0.002145 0.186375
0.0021775 0.187125
0.00221 0.18775
0.0022425 0.1885
0.002275 0.189125
0.0023075 0.18975
0.00234 0.1905
0.0023725 0.191125
0.002405 0.19175
0.0024375 0.192375
0.00247 0.193125
0.0025025 0.19375
0.002535 0.194375
0.0025675 0.195
0.0026 0.195625
0.0026325 0.19625
0.002665 0.196875
0.0026975 0.197375
0.00273 0.198
0.0027625 0.198625
0.002795 0.19925
0.0028275 0.19975
0.00286 0.200375
0.0028925 0.201
0.002925 0.2015
0.0029575 0.202125
0.00299 0.20275
0.0030225 0.20325
0.003055 0.203875
0.0030875 0.204375
0.00312 0.204875
0.0031525 0.2055
0.003185 0.206
0.0032175 0.206625
0.00325 0.207125
0.0032825 0.207625
0.003315 0.208125
0.0033475 0.20875
0.00338 0.20925
0.0034125 0.20975
0.003445 0.21025
0.0034775 0.21075
0.00351 0.21125
0.0035425 0.21175
0.003575 0.21225
0.0036075 0.21275
0.00364 0.21325
0.0036725 0.21375
0.003705 0.21425
0.0037375 0.21475
0.00377 0.21525
0.0038025 0.21575
0.003835 0.21625
0.0038675 0.21675
0.0039 0.21725
0.0039325 0.21775
0.003965 0.218125
0.0039975 0.218625
0.00403 0.219125
0.0040625 0.219625
0.004095 0.22
0.0041275 0.2205
0.00416 0.221
0.0041925 0.221375
0.004225 0.221875
0.0042575 0.22225
0.00429 0.22275
0.0043225 0.22325
0.004355 0.223625
0.0043875 0.224125
0.00442 0.2245
0.0044525 0.225
0.004485 0.225375
0.0045175 0.225875
0.00455 0.22625
0.0045825 0.226625
0.004615 0.227125
0.0046475 0.2275
0.00468 0.228
0.0047125 0.228375
0.004745 0.22875
0.0047775 0.22925
0.00481 0.229625
0.0048425 0.23
0.004875 0.230375
0.0049075 0.230875
0.00494 0.23125
0.0049725 0.231625
0.005005 0.232
0.0050375 0.2325
0.00507 0.232875
0.0051025 0.23325
0.005135 0.233625
0.0051675 0.234
0.0052 0.234375
0.0052325 0.234875
0.005265 0.23525
0.0052975 0.235625
0.00533 0.236
0.0053625 0.236375
0.005395 0.23675
0.0054275 0.237125
0.00546 0.2375
0.0054925 0.237875
0.005525 0.23825
0.0055575 0.238625
0.00559 0.239
0.0056225 0.239375
0.005655 0.23975
0.0056875 0.240125
0.00572 0.2405
0.0057525 0.240875
0.005785 0.241125
0.0058175 0.2415
0.00585 0.241875
0.0058825 0.24225
0.005915 0.242625
0.0059475 0.243
0.00598 0.243375
0.0060125 0.243625
0.006045 0.244
0.0060775 0.244375
0.00611 0.24475
0.0061425 0.245
0.006175 0.245375
0.0062075 0.24575
0.00624 0.246125
0.0062725 0.246375
0.006305 0.24675
0.0063375 0.247125
0.00637 0.247375
0.0064025 0.24775
0.006435 0.248125
0.0064675 0.248375
0.0065 0.24875
0.0065325 0.249125
0.006565 0.249375
0.0065975 0.24975
0.00663 0.250125
0.0066625 0.250375
0.006695 0.25075
0.0067275 0.251
0.00676 0.251375
0.0067925 0.25175
0.006825 0.252
0.0068575 0.252375
0.00689 0.252625
0.0069225 0.253
0.006955 0.25325
0.0069875 0.253625
0.00702 0.253875
0.0070525 0.25425
0.007085 0.2545
0.0071175 0.254875
0.00715 0.255125
0.0071825 0.2555
0.007215 0.25575
0.0072475 0.256
0.00728 0.256375
0.0073125 0.256625
0.007345 0.257
0.0073775 0.25725
0.00741 0.2575
0.0074425 0.257875
0.007475 0.258125
0.0075075 0.2585
0.00754 0.25875
0.0075725 0.259
0.007605 0.259375
0.0076375 0.259625
0.00767 0.259875
0.0077025 0.26025
0.007735 0.2605
0.0077675 0.26075
0.0078 0.261
0.0078325 0.261375
0.007865 0.261625
0.0078975 0.261875
0.00793 0.262125
0.0079625 0.2625
0.007995 0.26275
0.0080275 0.263
0.00806 0.26325
0.0080925 0.263625
0.008125 0.263875
0.0081575 0.264125
0.00819 0.264375
0.0082225 0.26475
0.008255 0.265
0.0082875 0.26525
0.00832 0.2655
0.0083525 0.26575
0.008385 0.266
0.0084175 0.266375
0.00845 0.266625
0.0084825 0.266875
0.008515 0.267125
0.0085475 0.267375
0.00858 0.267625
0.0086125 0.267875
0.008645 0.268125
0.0086775 0.268375
0.00871 0.26875
0.0087425 0.269
0.008775 0.26925
0.0088075 0.2695
0.00884 0.26975
0.0088725 0.27
0.008905 0.27025
0.0089375 0.2705
0.00897 0.27075
0.0090025 0.271
0.009035 0.27125
0.0090675 0.2715
0.0091 0.27175
0.0091325 0.272
0.009165 0.27225
0.0091975 0.2725
0.00923 0.27275
0.0092625 0.273
0.009295 0.27325
0.0093275 0.2735
0.00936 0.27375
0.0093925 0.274
0.009425 0.27425
0.0094575 0.2745
0.00949 0.27475
0.0095225 0.275
0.009555 0.27525
0.0095875 0.275375
0.00962 0.275625
0.0096525 0.275875
0.009685 0.276125
0.0097175 0.276375
0.00975 0.276625
0.0097825 0.276875
0.009815 0.277125
0.0098475 0.277375
0.00988 0.2775
0.0099125 0.27775
0.009945 0.278
0.0099775 0.27825
0.01001 0.2785
0.0100425 0.27875
0.010075 0.279
0.0101075 0.279125
0.01014 0.279375
0.0101725 0.279625
0.010205 0.279875
0.0102375 0.280125
0.01027 0.28025
0.0103025 0.2805
0.010335 0.28075
0.0103675 0.281
0.0104 0.28125
0.0104325 0.281375
0.010465 0.281625
0.0104975 0.281875
0.01053 0.282125
0.0105625 0.28225
0.010595 0.2825
0.0106275 0.28275
0.01066 0.283
0.0106925 0.283125
0.010725 0.283375
0.0107575 0.283625
0.01079 0.283875
0.0108225 0.284
0.010855 0.28425
0.0108875 0.2845
0.01092 0.284625
0.0109525 0.284875
0.010985 0.285125
0.0110175 0.28525
0.01105 0.2855
0.0110825 0.28575
0.011115 0.286
0.0111475 0.286125
0.01118 0.286375
0.0112125 0.2865
0.011245 0.28675
0.0112775 0.287
0.01131 0.287125
0.0113425 0.287375
0.011375 0.287625
0.0114075 0.28775
0.01144 0.288
0.0114725 0.28825
0.011505 0.288375
0.0115375 0.288625
0.01157 0.28875
0.0116025 0.289
0.011635 0.28925
0.0116675 0.289375
0.0117 0.289625
0.0117325 0.28975
0.011765 0.29
0.0117975 0.29025
0.01183 0.290375
0.0118625 0.290625
0.011895 0.29075
0.0119275 0.291
0.01196 0.291125
0.0119925 0.291375
0.012025 0.2915
0.0120575 0.29175
0.01209 0.292
0.0121225 0.292125
0.012155 0.292375
0.0121875 0.2925
0.01222 0.29275
0.0122525 0.292875
0.012285 0.293125
0.0123175 0.29325
0.01235 0.2935
0.0123825 0.293625
0.012415 0.293875
0.0124475 0.294
0.01248 0.29425
0.0125125 0.294375
0.012545 0.294625
0.0125775 0.29475
0.01261 0.295
0.0126425 0.295125
0.012675 0.295375
0.0127075 0.2955
0.01274 0.29575
0.0127725 0.295875
0.012805 0.296
0.0128375 0.29625
0.01287 0.296375
0.0129025 0.296625
0.012935 0.29675
0.0129675 0.297
0.013 0.297125
0.0130325 0.29725
0.013065 0.2975
0.0130975 0.297625
0.01313 0.297875
0.0131625 0.298
0.013195 0.29825
0.0132275 0.298375
0.01326 0.2985
0.0132925 0.29875
0.013325 0.298875
0.0133575 0.299125
0.01339 0.29925
0.0134225 0.299375
0.013455 0.299625
0.0134875 0.29975
0.01352 0.299875
0.0135525 0.300125
0.013585 0.30025
0.0136175 0.3005
0.01365 0.300625
0.0136825 0.30075
0.013715 0.301
0.0137475 0.301125
0.01378 0.30125
0.0138125 0.3015
0.013845 0.301625
0.0138775 0.30175
0.01391 0.302
0.0139425 0.302125
0.013975 0.30225
0.0140075 0.3025
0.01404 0.302625
0.0140725 0.30275
0.014105 0.303
0.0141375 0.303125
0.01417 0.30325
0.0142025 0.303375
0.014235 0.303625
0.0142675 0.30375
0.0143 0.303875
0.0143325 0.304125
0.014365 0.30425
0.0143975 0.304375
0.01443 0.3045
0.0144625 0.30475
0.014495 0.304875
0.0145275 0.305
0.01456 0.305125
0.0145925 0.305375
0.014625 0.3055
0.0146575 0.305625
0.01469 0.305875
0.0147225 0.306
0.014755 0.306125
0.0147875 0.30625
0.01482 0.306375
0.0148525 0.306625
0.014885 0.30675
0.0149175 0.306875
0.01495 0.307
0.0149825 0.30725
0.015015 0.307375
0.0150475 0.3075
0.01508 0.307625
0.0151125 0.30775
0.015145 0.308
0.0151775 0.308125
0.01521 0.30825
0.0152425 0.308375
0.015275 0.308625
0.0153075 0.30875
0.01534 0.308875
0.0153725 0.309
0.015405 0.309125
0.0154375 0.30925
0.01547 0.3095
0.0155025 0.309625
0.015535 0.30975
0.0155675 0.309875
0.0156 0.31
0.0156325 0.310125
0.015665 0.310375
0.0156975 0.3105
0.01573 0.310625
0.0157625 0.31075
0.015795 0.310875
0.0158275 0.311
0.01586 0.31125
0.0158925 0.311375
0.015925 0.3115
0.0159575 0.311625
0.01599 0.31175
0.0160225 0.311875
0.016055 0.312
0.0160875 0.312125
0.01612 0.312375
0.0161525 0.3125
0.016185 0.312625
0.0162175 0.31275
0.01625 0.312875
0.0162825 0.313
0.016315 0.313125
0.0163475 0.31325
0.01638 0.313375
0.0164125 0.313625
0.016445 0.31375
0.0164775 0.313875
0.01651 0.314
0.0165425 0.314125
0.016575 0.31425
0.0166075 0.314375
0.01664 0.3145
0.0166725 0.314625
0.016705 0.31475
0.0167375 0.314875
0.01677 0.315
0.0168025 0.31525
0.016835 0.315375
0.0168675 0.3155
0.0169 0.315625
0.0169325 0.31575
0.016965 0.315875
0.0169975 0.316
0.01703 0.316125
0.0170625 0.31625
0.017095 0.316375
0.0171275 0.3165
0.01716 0.316625
0.0171925 0.31675
0.017225 0.316875
0.0172575 0.317
0.01729 0.317125
0.0173225 0.31725
0.017355 0.317375
0.0173875 0.3175
0.01742 0.317625
0.0174525 0.31775
0.017485 0.317875
0.0175175 0.318
0.01755 0.318125
0.0175825 0.31825
0.017615 0.318375
0.0176475 0.3185
0.01768 0.318625
0.0177125 0.31875
0.017745 0.318875
0.0177775 0.319
0.01781 0.319125
0.0178425 0.31925
0.017875 0.319375
0.0179075 0.3195
0.01794 0.319625
0.0179725 0.31975
0.018005 0.319875
0.0180375 0.32
0.01807 0.320125
0.0181025 0.32025
0.018135 0.320375
0.0181675 0.3205
0.0182 0.320625
0.0182325 0.32075
0.018265 0.320875
0.0182975 0.321
0.01833 0.321125
0.0183625 0.32125
0.018395 0.321375
0.0184275 0.3215
0.01846 0.321625
0.0184925 0.32175
0.018525 0.32175
0.0185575 0.321875
0.01859 0.322
0.0186225 0.322125
0.018655 0.32225
0.0186875 0.322375
0.01872 0.3225
0.0187525 0.322625
0.018785 0.32275
0.0188175 0.322875
0.01885 0.323
0.0188825 0.323125
0.018915 0.32325
0.0189475 0.32325
0.01898 0.323375
0.0190125 0.3235
0.019045 0.323625
0.0190775 0.32375
0.01911 0.323875
0.0191425 0.324
0.019175 0.324125
0.0192075 0.32425
0.01924 0.324375
0.0192725 0.324375
0.019305 0.3245
0.0193375 0.324625
0.01937 0.32475
0.0194025 0.324875
0.019435 0.325
0.0194675 0.325125
0.0195 0.32525
0.0195325 0.32525
0.019565 0.325375
0.0195975 0.3255
0.01963 0.325625
0.0196625 0.32575
0.019695 0.325875
0.0197275 0.326
0.01976 0.326
0.0197925 0.326125
0.019825 0.32625
0.0198575 0.326375
0.01989 0.3265
0.0199225 0.326625
0.019955 0.32675
0.0199875 0.32675
0.02002 0.326875
0.0200525 0.327
0.020085 0.327125
0.0201175 0.32725
0.02015 0.327375
0.0201825 0.327375
0.020215 0.3275
0.0202475 0.327625
0.02028 0.32775
0.0203125 0.327875
0.020345 0.328
0.0203775 0.328
0.02041 0.328125
0.0204425 0.32825
0.020475 0.328375
0.0205075 0.3285
0.02054 0.3285
0.0205725 0.328625
0.020605 0.32875
0.0206375 0.328875
0.02067 0.329
0.0207025 0.329
0.020735 0.329125
0.0207675 0.32925
0.0208 0.329375
0.0208325 0.3295
0.020865 0.3295
0.0208975 0.329625
0.02093 0.32975
0.0209625 0.329875
0.020995 0.329875
0.0210275 0.33
0.02106 0.330125
0.0210925 0.33025
0.021125 0.330375
0.0211575 0.330375
0.02119 0.3305
0.0212225 0.330625
0.021255 0.33075
0.0212875 0.33075
0.02132 0.330875
0.0213525 0.331
0.021385 0.331125
0.0214175 0.331125
0.02145 0.33125
0.0214825 0.331375
0.021515 0.3315
0.0215475 0.3315
0.02158 0.331625
0.0216125 0.33175
0.021645 0.331875
0.0216775 0.331875
0.02171 0.332
0.0217425 0.332125
0.021775 0.33225
0.0218075 0.33225
0.02184 0.332375
0.0218725 0.3325
0.021905 0.3325
0.0219375 0.332625
0.02197 0.33275
0.0220025 0.332875
0.022035 0.332875
0.0220675 0.333
0.0221 0.333125
0.0221325 0.333125
0.022165 0.33325
0.0221975 0.333375
0.02223 0.3335
0.0222625 0.3335
0.022295 0.333625
0.0223275 0.33375
0.02236 0.33375
0.0223925 0.333875
0.022425 0.334
0.0224575 0.334125
0.02249 0.334125
0.0225225 0.33425
0.022555 0.334375
0.0225875 0.334375
0.02262 0.3345
0.0226525 0.334625
0.022685 0.334625
0.0227175 0.33475
0.02275 0.334875
0.0227825 0.334875
0.022815 0.335
0.0228475 0.335125
0.02288 0.335125
0.0229125 0.33525
0.022945 0.335375
0.0229775 0.335375
0.02301 0.3355
0.0230425 0.335625
0.023075 0.335625
0.0231075 0.33575
0.02314 0.335875
0.0231725 0.335875
0.023205 0.336
0.0232375 0.336125
0.02327 0.336125
0.0233025 0.33625
0.023335 0.336375
0.0233675 0.336375
0.0234 0.3365
0.0234325 0.336625
0.023465 0.336625
0.0234975 0.33675
0.02353 0.33675
0.0235625 0.336875
0.023595 0.337
0.0236275 0.337
0.02366 0.337125
0.0236925 0.33725
0.023725 0.33725
0.0237575 0.337375
0.02379 0.337375
0.0238225 0.3375
0.023855 0.337625
0.0238875 0.337625
0.02392 0.33775
0.0239525 0.337875
0.023985 0.337875
0.0240175 0.338
0.02405 0.338
0.0240825 0.338125
0.024115 0.33825
0.0241475 0.33825
0.02418 0.338375
0.0242125 0.338375
0.024245 0.3385
0.0242775 0.338625
0.02431 0.338625
0.0243425 0.33875
0.024375 0.33875
0.0244075 0.338875
0.02444 0.339
0.0244725 0.339
0.024505 0.339125
0.0245375 0.339125
0.02457 0.33925
0.0246025 0.33925
0.024635 0.339375
0.0246675 0.3395
0.0247 0.3395
0.0247325 0.339625
0.024765 0.339625
0.0247975 0.33975
0.02483 0.33975
0.0248625 0.339875
0.024895 0.34
0.0249275 0.34
0.02496 0.340125
0.0249925 0.340125
0.025025 0.34025
0.0250575 0.34025
0.02509 0.340375
0.0251225 0.3405
0.025155 0.3405
0.0251875 0.340625
0.02522 0.340625
0.0252525 0.34075
0.025285 0.34075
0.0253175 0.340875
0.02535 0.340875
0.0253825 0.341
0.025415 0.341
0.0254475 0.341125
0.02548 0.34125
0.0255125 0.34125
0.025545 0.341375
0.0255775 0.341375
0.02561 0.3415
0.0256425 0.3415
0.025675 0.341625
0.0257075 0.341625
0.02574 0.34175
0.0257725 0.34175
0.025805 0.341875
0.0258375 0.341875
0.02587 0.342
0.0259025 0.342
0.025935 0.342125
0.0259675 0.342125
0.026 0.34225
0.0260325 0.34225
0.026065 0.342375
0.0260975 0.342375
0.02613 0.3425
0.0261625 0.3425
0.026195 0.342625
0.0262275 0.342625
0.02626 0.34275
0.0262925 0.34275
0.026325 0.342875
0.0263575 0.342875
0.02639 0.343
0.0264225 0.343
0.026455 0.343125
0.0264875 0.343125
0.02652 0.34325
0.0265525 0.34325
0.026585 0.343375
0.0266175 0.343375
0.02665 0.3435
0.0266825 0.3435
0.026715 0.343625
0.0267475 0.343625
0.02678 0.34375
0.0268125 0.34375
0.026845 0.343875
0.0268775 0.343875
0.02691 0.344
0.0269425 0.344
0.026975 0.344125
0.0270075 0.344125
0.02704 0.344125
0.0270725 0.34425
0.027105 0.34425
0.0271375 0.344375
0.02717 0.344375
0.0272025 0.3445
0.027235 0.3445
0.0272675 0.344625
0.0273 0.344625
0.0273325 0.34475
0.027365 0.34475
0.0273975 0.34475
0.02743 0.344875
0.0274625 0.344875
0.027495 0.345
0.0275275 0.345
0.02756 0.345125
0.0275925 0.345125
0.027625 0.345125
0.0276575 0.34525
0.02769 0.34525
0.0277225 0.345375
0.027755 0.345375
0.0277875 0.3455
0.02782 0.3455
0.0278525 0.3455
0.027885 0.345625
0.0279175 0.345625
0.02795 0.34575
0.0279825 0.34575
0.028015 0.345875
0.0280475 0.345875
0.02808 0.345875
0.0281125 0.346
0.028145 0.346
0.0281775 0.346125
0.02821 0.346125
0.0282425 0.346125
0.028275 0.34625
0.0283075 0.34625
0.02834 0.346375
0.0283725 0.346375
0.028405 0.346375
0.0284375 0.3465
0.02847 0.3465
0.0285025 0.346625
0.028535 0.346625
0.0285675 0.346625
0.0286 0.34675
0.0286325 0.34675
0.028665 0.346875
0.0286975 0.346875
0.02873 0.346875
0.0287625 0.347
0.028795 0.347
0.0288275 0.347125
0.02886 0.347125
0.0288925 0.347125
0.028925 0.34725
0.0289575 0.34725
0.02899 0.34725
0.0290225 0.347375
0.029055 0.347375
0.0290875 0.3475
0.02912 0.3475
0.0291525 0.3475
0.029185 0.347625
0.0292175 0.347625
0.02925 0.347625
0.0292825 0.34775
0.029315 0.34775
0.0293475 0.34775
0.02938 0.347875
0.0294125 0.347875
0.029445 0.348
0.0294775 0.348
0.02951 0.348
0.0295425 0.348125
0.029575 0.348125
0.0296075 0.348125
0.02964 0.34825
0.0296725 0.34825
0.029705 0.34825
0.0297375 0.348375
0.02977 0.348375
0.0298025 0.348375
0.029835 0.3485
0.0298675 0.3485
0.0299 0.3485
0.0299325 0.348625
0.029965 0.348625
0.0299975 0.348625
0.03003 0.34875
0.0300625 0.34875
0.030095 0.34875
0.0301275 0.348875
0.03016 0.348875
0.0301925 0.348875
0.030225 0.349
0.0302575 0.349
0.03029 0.349
0.0303225 0.349125
0.030355 0.349125
0.0303875 0.349125
0.03042 0.34925
0.0304525 0.34925
0.030485 0.34925
0.0305175 0.34925
0.03055 0.349375
0.0305825 0.349375
0.030615 0.349375
0.0306475 0.3495
0.03068 0.3495
0.0307125 0.3495
0.030745 0.349625
0.0307775 0.349625
0.03081 0.349625
0.0308425 0.349625
0.030875 0.34975
0.0309075 0.34975
0.03094 0.34975
0.0309725 0.349875
0.031005 0.349875
0.0310375 0.349875
0.03107 0.35
0.0311025 0.35
0.031135 0.35
0.0311675 0.35
0.0312 0.350125
0.0312325 0.350125
0.031265 0.350125
0.0312975 0.350125
0.03133 0.35025
0.0313625 0.35025
0.031395 0.35025
0.0314275 0.350375
0.03146 0.350375
0.0314925 0.350375
0.031525 0.350375
0.0315575 0.3505
0.03159 0.3505
0.0316225 0.3505
0.031655 0.3505
0.0316875 0.350625
0.03172 0.350625
0.0317525 0.350625
0.031785 0.35075
0.0318175 0.35075
0.03185 0.35075
0.0318825 0.35075
0.031915 0.350875
0.0319475 0.350875
0.03198 0.350875
0.0320125 0.350875
0.032045 0.351
0.0320775 0.351
0.03211 0.351
0.0321425 0.351
0.032175 0.351125
0.0322075 0.351125
0.03224 0.351125
0.0322725 0.351125
0.032305 0.351125
0.0323375 0.35125
0.03237 0.35125
0.0324025 0.35125
0.032435 0.35125
0.0324675 0.351375
0.0325 0.351375
0.0325325 0.351375
0.032565 0.351375
0.0325975 0.3515
0.03263 0.3515
0.0326625 0.3515
0.032695 0.3515
0.0327275 0.3515
0.03276 0.351625
0.0327925 0.351625
0.032825 0.351625
0.0328575 0.351625
0.03289 0.35175
0.0329225 0.35175
0.032955 0.35175
0.0329875 0.35175
0.03302 0.35175
0.0330525 0.351875
0.033085 0.351875
0.0331175 0.351875
0.03315 0.351875
0.0331825 0.351875
0.033215 0.352
0.0332475 0.352
0.03328 0.352
0.0333125 0.352
0.033345 0.352
0.0333775 0.352125
0.03341 0.352125
0.0334425 0.352125
0.033475 0.352125
0.0335075 0.352125
0.03354 0.35225
0.0335725 0.35225
0.033605 0.35225
0.0336375 0.35225
0.03367 0.35225
0.0337025 0.352375
0.033735 0.352375
0.0337675 0.352375
0.0338 0.352375
0.0338325 0.352375
0.033865 0.352375
0.0338975 0.3525
0.03393 0.3525
0.0339625 0.3525
0.033995 0.3525
0.0340275 0.3525
0.03406 0.352625
0.0340925 0.352625
0.034125 0.352625
0.0341575 0.352625
0.03419 0.352625
0.0342225 0.352625
0.034255 0.35275
0.0342875 0.35275
0.03432 0.35275
0.0343525 0.35275
0.034385 0.35275
0.0344175 0.35275
0.03445 0.35275
0.0344825 0.352875
0.034515 0.352875
0.0345475 0.352875
0.03458 0.352875
0.0346125 0.352875
0.034645 0.352875
0.0346775 0.353
0.03471 0.353
0.0347425 0.353
0.034775 0.353
0.0348075 0.353
0.03484 0.353
0.0348725 0.353
0.034905 0.353125
0.0349375 0.353125
0.03497 0.353125
0.0350025 0.353125
0.035035 0.353125
0.0350675 0.353125
0.0351 0.353125
0.0351325 0.35325
0.035165 0.35325
0.0351975 0.35325
0.03523 0.35325
0.0352625 0.35325
0.035295 0.35325
0.0353275 0.35325
0.03536 0.35325
0.0353925 0.353375
0.035425 0.353375
0.0354575 0.353375
0.03549 0.353375
0.0355225 0.353375
0.035555 0.353375
0.0355875 0.353375
0.03562 0.353375
0.0356525 0.3535
0.035685 0.3535
0.0357175 0.3535
0.03575 0.3535
0.0357825 0.3535
0.035815 0.3535
0.0358475 0.3535
0.03588 0.3535
0.0359125 0.3535
0.035945 0.353625
0.0359775 0.353625
0.03601 0.353625
0.0360425 0.353625
0.036075 0.353625
0.0361075 0.353625
0.03614 0.353625
0.0361725 0.353625
0.036205 0.353625
0.0362375 0.35375
0.03627 0.35375
0.0363025 0.35375
0.036335 0.35375
0.0363675 0.35375
0.0364 0.35375
0.0364325 0.35375
0.036465 0.35375
0.0364975 0.35375
0.03653 0.35375
0.0365625 0.35375
0.036595 0.353875
0.0366275 0.353875
0.03666 0.353875
0.0366925 0.353875
0.036725 0.353875
0.0367575 0.353875
0.03679 0.353875
0.0368225 0.353875
0.036855 0.353875
0.0368875 0.353875
0.03692 0.353875
0.0369525 0.353875
0.036985 0.354
0.0370175 0.354
0.03705 0.354
0.0370825 0.354
0.037115 0.354
0.0371475 0.354
0.03718 0.354
0.0372125 0.354
0.037245 0.354
0.0372775 0.354
0.03731 0.354
0.0373425 0.354
0.037375 0.354
0.0374075 0.354
0.03744 0.354
0.0374725 0.354125
0.037505 0.354125
0.0375375 0.354125
0.03757 0.354125
0.0376025 0.354125
0.037635 0.354125
0.0376675 0.354125
0.0377 0.354125
0.0377325 0.354125
0.037765 0.354125
0.0377975 0.354125
0.03783 0.354125
0.0378625 0.354125
0.037895 0.354125
0.0379275 0.354125
0.03796 0.354125
0.0379925 0.354125
0.038025 0.354125
0.0380575 0.35425
0.03809 0.35425
0.0381225 0.35425
0.038155 0.35425
0.0381875 0.35425
0.03822 0.35425
0.0382525 0.35425
0.038285 0.35425
0.0383175 0.35425
0.03835 0.35425
0.0383825 0.35425
0.038415 0.35425
0.0384475 0.35425
0.03848 0.35425
0.0385125 0.35425
0.038545 0.35425
0.0385775 0.35425
0.03861 0.35425
0.0386425 0.35425
0.038675 0.35425
0.0387075 0.35425
0.03874 0.35425
0.0387725 0.35425
0.038805 0.35425
0.0388375 0.35425
0.03887 0.35425
0.0389025 0.35425
0.038935 0.35425
0.0389675 0.35425
0.039 0.354375
0.0390325 0.354375
0.039065 0.354375
0.0390975 0.354375
0.03913 0.354375
0.0391625 0.354375
0.039195 0.354375
0.0392275 0.354375
0.03926 0.354375
0.0392925 0.354375
0.039325 0.354375
0.0393575 0.354375
0.03939 0.354375
0.0394225 0.354375
0.039455 0.354375
0.0394875 0.354375
0.03952 0.354375
0.0395525 0.354375
0.039585 0.354375
0.0396175 0.354375
0.03965 0.354375
0.0396825 0.354375
0.039715 0.354375
0.0397475 0.354375
0.03978 0.354375
0.0398125 0.354375
0.039845 0.354375
0.0398775 0.354375
0.03991 0.354375
0.0399425 0.354375
0.039975 0.354375
0.0400075 0.354375
0.04004 0.354375
0.0400725 0.354375
0.040105 0.354375
0.0401375 0.354375
0.04017 0.354375
0.0402025 0.354375
0.040235 0.354375
0.0402675 0.354375
0.0403 0.354375
0.0403325 0.354375
0.040365 0.35425
0.0403975 0.35425
0.04043 0.35425
0.0404625 0.35425
0.040495 0.35425
0.0405275 0.35425
0.04056 0.35425
0.0405925 0.35425
0.040625 0.35425
0.0406575 0.35425
0.04069 0.35425
0.0407225 0.354125
0.040755 0.354125
0.0407875 0.354125
0.04082 0.354125
0.0408525 0.354125
0.040885 0.354125
0.0409175 0.354125
0.04095 0.354125
0.0409825 0.354125
0.041015 0.354125
0.0410475 0.354125
0.04108 0.354
0.0411125 0.354
0.041145 0.354
0.0411775 0.354
0.04121 0.354
0.0412425 0.354
0.041275 0.354
0.0413075 0.354
0.04134 0.354
0.0413725 0.354
0.041405 0.354
0.0414375 0.353875
0.04147 0.353875
0.0415025 0.353875
0.041535 0.353875
0.0415675 0.353875
0.0416 0.353875
0.0416325 0.353875
0.041665 0.353875
0.0416975 0.353875
0.04173 0.353875
0.0417625 0.35375
0.041795 0.35375
0.0418275 0.35375
0.04186 0.35375
0.0418925 0.35375
0.041925 0.35375
0.0419575 0.35375
0.04199 0.35375
0.0420225 0.35375
0.042055 0.353625
0.0420875 0.353625
0.04212 0.353625
0.0421525 0.353625
0.042185 0.353625
0.0422175 0.353625
0.04225 0.353625
0.0422825 0.353625
0.042315 0.353625
0.0423475 0.3535
0.04238 0.3535
0.0424125 0.3535
0.042445 0.3535
0.0424775 0.3535
0.04251 0.3535
0.0425425 0.3535
0.042575 0.3535
0.0426075 0.353375
0.04264 0.353375
0.0426725 0.353375
0.042705 0.353375
0.0427375 0.353375
0.04277 0.353375
0.0428025 0.353375
0.042835 0.353375
0.0428675 0.35325
0.0429 0.35325
0.0429325 0.35325
0.042965 0.35325
0.0429975 0.35325
0.04303 0.35325
0.0430625 0.35325
0.043095 0.35325
0.0431275 0.353125
0.04316 0.353125
0.0431925 0.353125
0.043225 0.353125
0.0432575 0.353125
0.04329 0.353125
0.0433225 0.353125
0.043355 0.353
0.0433875 0.353
0.04342 0.353
0.0434525 0.353
0.043485 0.353
0.0435175 0.353
0.04355 0.352875
0.0435825 0.352875
0.043615 0.352875
0.0436475 0.352875
0.04368 0.352875
0.0437125 0.352875
0.043745 0.35275
0.0437775 0.35275
0.04381 0.35275
0.0438425 0.35275
0.043875 0.35275
0.0439075 0.35275
0.04394 0.35275
0.0439725 0.352625
0.044005 0.352625
0.0440375 0.352625
0.04407 0.352625
0.0441025 0.352625
0.044135 0.352625
0.0441675 0.3525
0.0442 0.3525
0.0442325 0.3525
0.044265 0.3525
0.0442975 0.3525
0.04433 0.3525
0.0443625 0.352375
0.044395 0.352375
0.0444275 0.352375
0.04446 0.352375
0.0444925 0.352375
0.044525 0.35225
0.0445575 0.35225
0.04459 0.35225
0.0446225 0.35225
0.044655 0.35225
0.0446875 0.35225
0.04472 0.352125
0.0447525 0.352125
0.044785 0.352125
0.0448175 0.352125
0.04485 0.352125
0.0448825 0.352
0.044915 0.352
0.0449475 0.352
0.04498 0.352
0.0450125 0.352
0.045045 0.351875
0.0450775 0.351875
0.04511 0.351875
0.0451425 0.351875
0.045175 0.351875
0.0452075 0.35175
0.04524 0.35175
0.0452725 0.35175
0.045305 0.35175
0.0453375 0.35175
0.04537 0.35175
0.0454025 0.351625
0.045435 0.351625
0.0454675 0.351625
0.0455 0.351625
0.0455325 0.351625
0.045565 0.3515
0.0455975 0.3515
0.04563 0.3515
0.0456625 0.3515
0.045695 0.351375
0.0457275 0.351375
0.04576 0.351375
0.0457925 0.351375
0.045825 0.351375
0.0458575 0.35125
0.04589 0.35125
0.0459225 0.35125
0.045955 0.35125
0.0459875 0.351125
0.04602 0.351125
0.0460525 0.351125
0.046085 0.351125
0.0461175 0.351125
0.04615 0.351
0.0461825 0.351
0.046215 0.351
0.0462475 0.351
0.04628 0.351
0.0463125 0.350875
0.046345 0.350875
0.0463775 0.350875
0.04641 0.350875
0.0464425 0.35075
0.046475 0.35075
0.0465075 0.35075
0.04654 0.35075
0.0465725 0.350625
0.046605 0.350625
0.0466375 0.350625
0.04667 0.350625
0.0467025 0.350625
0.046735 0.3505
0.0467675 0.3505
0.0468 0.3505
0.0468325 0.3505
0.046865 0.350375
0.0468975 0.350375
0.04693 0.350375
0.0469625 0.350375
0.046995 0.35025
0.0470275 0.35025
0.04706 0.35025
0.0470925 0.35025
0.047125 0.350125
0.0471575 0.350125
0.04719 0.350125
0.0472225 0.350125
0.047255 0.35
0.0472875 0.35
0.04732 0.35
0.0473525 0.35
0.047385 0.349875
0.0474175 0.349875
0.04745 0.349875
0.0474825 0.349875
0.047515 0.34975
0.0475475 0.34975
0.04758 0.34975
0.0476125 0.34975
0.047645 0.349625
0.0476775 0.349625
0.04771 0.349625
0.0477425 0.349625
0.047775 0.3495
0.0478075 0.3495
0.04784 0.3495
0.0478725 0.3495
0.047905 0.349375
0.0479375 0.349375
0.04797 0.349375
0.0480025 0.34925
0.048035 0.34925
0.0480675 0.34925
0.0481 0.34925
0.0481325 0.349125
0.048165 0.349125
0.0481975 0.349125
0.04823 0.349125
0.0482625 0.349
0.048295 0.349
0.0483275 0.349
0.04836 0.349
0.0483925 0.348875
0.048425 0.348875
0.0484575 0.348875
0.04849 0.34875
0.0485225 0.34875
0.048555 0.34875
0.0485875 0.34875
0.04862 0.348625
0.0486525 0.348625
0.048685 0.348625
0.0487175 0.3485
0.04875 0.3485
0.0487825 0.3485
0.048815 0.3485
0.0488475 0.348375
0.04888 0.348375
0.0489125 0.348375
0.048945 0.34825
0.0489775 0.34825
0.04901 0.34825
0.0490425 0.34825
0.049075 0.348125
0.0491075 0.348125
0.04914 0.348125
0.0491725 0.348
0.049205 0.348
0.0492375 0.348
0.04927 0.347875
0.0493025 0.347875
0.049335 0.347875
0.0493675 0.347875
0.0494 0.34775
0.0494325 0.34775
0.049465 0.34775
0.0494975 0.347625
0.04953 0.347625
0.0495625 0.347625
0.049595 0.347625
0.0496275 0.3475
0.04966 0.3475
0.0496925 0.3475
0.049725 0.347375
0.0497575 0.347375
0.04979 0.347375
0.0498225 0.34725
0.049855 0.34725
0.0498875 0.34725
0.04992 0.347125
0.0499525 0.347125
0.049985 0.347125
0.0500175 0.347125
0.05005 0.347
0.0500825 0.347
0.050115 0.347
0.0501475 0.346875
0.05018 0.346875
0.0502125 0.346875
0.050245 0.34675
0.0502775 0.34675
0.05031 0.34675
0.0503425 0.346625
0.050375 0.346625
0.0504075 0.346625
0.05044 0.3465
0.0504725 0.3465
0.050505 0.3465
0.0505375 0.346375
0.05057 0.346375
0.0506025 0.346375
0.050635 0.34625
0.0506675 0.34625
0.0507 0.34625
0.0507325 0.346125
0.050765 0.346125
0.0507975 0.346125
0.05083 0.346
0.0508625 0.346
0.050895 0.346
0.0509275 0.345875
0.05096 0.345875
0.0509925 0.345875
0.051025 0.34575
0.0510575 0.34575
0.05109 0.34575
0.0511225 0.345625
0.051155 0.345625
0.0511875 0.345625
0.05122 0.3455
0.0512525 0.3455
0.051285 0.3455
0.0513175 0.345375
0.05135 0.345375
0.0513825 0.345375
0.051415 0.34525
0.0514475 0.34525
0.05148 0.34525
0.0515125 0.345125
0.051545 0.345125
0.0515775 0.345125
0.05161 0.345
0.0516425 0.345
0.051675 0.345
0.0517075 0.344875
0.05174 0.344875
0.0517725 0.344875
0.051805 0.34475
0.0518375 0.34475
0.05187 0.34475
0.0519025 0.344625
0.051935 0.344625
0.0519675 0.344625
0.052 0.3445
0.0520325 0.3445
0.052065 0.344375
0.0520975 0.344375
0.05213 0.344375
0.0521625 0.34425
0.052195 0.34425
0.0522275 0.34425
0.05226 0.344125
0.0522925 0.344125
0.052325 0.344125
0.0523575 0.344
0.05239 0.344
0.0524225 0.343875
0.052455 0.343875
0.0524875 0.343875
0.05252 0.34375
0.0525525 0.34375
0.052585 0.34375
0.0526175 0.343625
0.05265 0.343625
0.0526825 0.3435
0.052715 0.3435
0.0527475 0.3435
0.05278 0.343375
0.0528125 0.343375
0.052845 0.343375
0.0528775 0.34325
0.05291 0.34325
0.0529425 0.343125
0.052975 0.343125
0.0530075 0.343125
0.05304 0.343
0.0530725 0.343
0.053105 0.343
0.0531375 0.342875
0.05317 0.342875
0.0532025 0.34275
0.053235 0.34275
0.0532675 0.34275
0.0533 0.342625
0.0533325 0.342625
0.053365 0.342625
0.0533975 0.3425
0.05343 0.3425
0.0534625 0.342375
0.053495 0.342375
0.0535275 0.342375
0.05356 0.34225
0.0535925 0.34225
0.053625 0.34225
0.0536575 0.342125
0.05369 0.342125
0.0537225 0.342
0.053755 0.342
0.0537875 0.342
0.05382 0.341875
0.0538525 0.341875
0.053885 0.34175
0.0539175 0.34175
0.05395 0.34175
0.0539825 0.341625
0.054015 0.341625
0.0540475 0.3415
0.05408 0.3415
0.0541125 0.3415
0.054145 0.341375
0.0541775 0.341375
0.05421 0.34125
0.0542425 0.34125
0.054275 0.34125
0.0543075 0.341125
0.05434 0.341125
0.0543725 0.341
0.054405 0.341
0.0544375 0.341
0.05447 0.340875
0.0545025 0.340875
0.054535 0.34075
0.0545675 0.34075
0.0546 0.34075
0.0546325 0.340625
0.054665 0.340625
0.0546975 0.3405
0.05473 0.3405
0.0547625 0.340375
0.054795 0.340375
0.0548275 0.340375
0.05486 0.34025
0.0548925 0.34025
0.054925 0.340125
0.0549575 0.340125
0.05499 0.340125
0.0550225 0.34
0.055055 0.34
0.0550875 0.339875
0.05512 0.339875
0.0551525 0.33975
0.055185 0.33975
0.0552175 0.33975
0.05525 0.339625
0.0552825 0.339625
0.055315 0.3395
0.0553475 0.3395
0.05538 0.3395
0.0554125 0.339375
0.055445 0.339375
0.0554775 0.33925
0.05551 0.33925
0.0555425 0.339125
0.055575 0.339125
0.0556075 0.339125
0.05564 0.339
0.0556725 0.339
0.055705 0.338875
0.0557375 0.338875
0.05577 0.33875
0.0558025 0.33875
0.055835 0.33875
0.0558675 0.338625
0.0559 0.338625
0.0559325 0.3385
0.055965 0.3385
0.0559975 0.338375
0.05603 0.338375
0.0560625 0.33825
0.056095 0.33825
0.0561275 0.33825
0.05616 0.338125
0.0561925 0.338125
0.056225 0.338
0.0562575 0.338
0.05629 0.337875
0.0563225 0.337875
0.056355 0.337875
0.0563875 0.33775
0.05642 0.33775
0.0564525 0.337625
0.056485 0.337625
0.0565175 0.3375
0.05655 0.3375
0.0565825 0.337375
0.056615 0.337375
0.0566475 0.33725
0.05668 0.33725
0.0567125 0.33725
0.056745 0.337125
0.0567775 0.337125
0.05681 0.337
0.0568425 0.337
0.056875 0.336875
0.0569075 0.336875
0.05694 0.33675
0.0569725 0.33675
0.057005 0.33675
0.0570375 0.336625
0.05707 0.336625
0.0571025 0.3365
0.057135 0.3365
0.0571675 0.336375
0.0572 0.336375
0.0572325 0.33625
0.057265 0.33625
0.0572975 0.336125
0.05733 0.336125
0.0573625 0.336125
0.057395 0.336
0.0574275 0.336
0.05746 0.335875
0.0574925 0.335875
0.057525 0.33575
0.0575575 0.33575
0.05759 0.335625
0.0576225 0.335625
0.057655 0.3355
0.0576875 0.3355
0.05772 0.335375
0.0577525 0.335375
0.057785 0.33525
0.0578175 0.33525
0.05785 0.33525
0.0578825 0.335125
0.057915 0.335125
0.0579475 0.335
0.05798 0.335
0.0580125 0.334875
0.058045 0.334875
0.0580775 0.33475
0.05811 0.33475
0.0581425 0.334625
0.058175 0.334625
0.0582075 0.3345
0.05824 0.3345
0.0582725 0.334375
0.058305 0.334375
0.0583375 0.33425
0.05837 0.33425
0.0584025 0.334125
0.058435 0.334125
0.0584675 0.334
0.0585 0.334
0.0585325 0.333875
0.058565 0.333875
0.0585975 0.33375
0.05863 0.33375
0.0586625 0.333625
0.058695 0.333625
0.0587275 0.333625
0.05876 0.3335
0.0587925 0.3335
0.058825 0.333375
0.0588575 0.333375
0.05889 0.33325
0.0589225 0.33325
0.058955 0.333125
0.0589875 0.333125
0.05902 0.333
0.0590525 0.333
0.059085 0.332875
0.0591175 0.332875
0.05915 0.33275
0.0591825 0.33275
0.059215 0.332625
0.0592475 0.332625
0.05928 0.3325
0.0593125 0.3325
0.059345 0.332375
0.0593775 0.332375
0.05941 0.33225
0.0594425 0.33225
0.059475 0.332125
0.0595075 0.332125
0.05954 0.332
0.0595725 0.332
0.059605 0.331875
0.0596375 0.331875
0.05967 0.33175
0.0597025 0.33175
0.059735 0.331625
0.0597675 0.331625
0.0598 0.3315
0.0598325 0.3315
0.059865 0.331375
0.0598975 0.331375
0.05993 0.33125
0.0599625 0.33125
0.059995 0.331125
0.0600275 0.331125
0.06006 0.331
0.0600925 0.331
0.060125 0.330875
0.0601575 0.330875
0.06019 0.33075
0.0602225 0.330625
0.060255 0.330625
0.0602875 0.3305
0.06032 0.3305
0.0603525 0.330375
0.060385 0.330375
0.0604175 0.33025
0.06045 0.33025
0.0604825 0.330125
0.060515 0.330125
0.0605475 0.33
0.06058 0.33
0.0606125 0.329875
0.060645 0.329875
0.0606775 0.32975
0.06071 0.32975
0.0607425 0.329625
0.060775 0.329625
0.0608075 0.3295
0.06084 0.3295
0.0608725 0.329375
0.060905 0.329375
0.0609375 0.32925
0.06097 0.329125
0.0610025 0.329125
0.061035 0.329
0.0610675 0.329
0.0611 0.328875
0.0611325 0.328875
0.061165 0.32875
0.0611975 0.32875
0.06123 0.328625
0.0612625 0.328625
0.061295 0.3285
0.0613275 0.3285
0.06136 0.328375
0.0613925 0.328375
0.061425 0.32825
0.0614575 0.32825
0.06149 0.328125
0.0615225 0.328
0.061555 0.328
0.0615875 0.327875
0.06162 0.327875
0.0616525 0.32775
0.061685 0.32775
0.0617175 0.327625
0.06175 0.327625
0.0617825 0.3275
0.061815 0.3275
0.0618475 0.327375
0.06188 0.32725
0.0619125 0.32725
0.061945 0.327125
0.0619775 0.327125
0.06201 0.327
0.0620425 0.327
0.062075 0.326875
0.0621075 0.326875
0.06214 0.32675
0.0621725 0.32675
0.062205 0.326625
0.0622375 0.3265
0.06227 0.3265
0.0623025 0.326375
0.062335 0.326375
0.0623675 0.32625
0.0624 0.32625
0.0624325 0.326125
0.062465 0.326125
0.0624975 0.326
0.06253 0.325875
0.0625625 0.325875
0.062595 0.32575
0.0626275 0.32575
0.06266 0.325625
0.0626925 0.325625
0.062725 0.3255
0.0627575 0.3255
0.06279 0.325375
0.0628225 0.32525
0.062855 0.32525
0.0628875 0.325125
0.06292 0.325125
0.0629525 0.325
0.062985 0.325
0.0630175 0.324875
0.06305 0.32475
0.0630825 0.32475
0.063115 0.324625
0.0631475 0.324625
0.06318 0.3245
0.0632125 0.3245
0.063245 0.324375
0.0632775 0.324375
0.06331 0.32425
0.0633425 0.324125
0.063375 0.324125
0.0634075 0.324
0.06344 0.324
0.0634725 0.323875
0.063505 0.323875
0.0635375 0.32375
0.06357 0.323625
0.0636025 0.323625
0.063635 0.3235
0.0636675 0.3235
0.0637 0.323375
0.0637325 0.323375
0.063765 0.32325
0.0637975 0.323125
0.06383 0.323125
0.0638625 0.323
0.063895 0.323
0.0639275 0.322875
0.06396 0.32275
0.0639925 0.32275
0.064025 0.322625
0.0640575 0.322625
0.06409 0.3225
0.0641225 0.3225
0.064155 0.322375
0.0641875 0.32225
0.06422 0.32225
0.0642525 0.322125
0.064285 0.322125
0.0643175 0.322
0.06435 0.321875
0.0643825 0.321875
0.064415 0.32175
0.0644475 0.32175
0.06448 0.321625
0.0645125 0.3215
0.064545 0.3215
0.0645775 0.321375
0.06461 0.321375
0.0646425 0.32125
0.064675 0.32125
0.0647075 0.321125
0.06474 0.321
0.0647725 0.321
0.064805 0.320875
0.0648375 0.320875
0.06487 0.32075
0.0649025 0.320625
0.064935 0.320625
0.0649675 0.3205
0.065 0.3205
0.0650325 0.320375
0.065065 0.32025
0.0650975 0.32025
0.06513 0.320125
0.0651625 0.320125
0.065195 0.32
0.0652275 0.319875
0.06526 0.319875
0.0652925 0.31975
0.065325 0.31975
0.0653575 0.319625
0.06539 0.3195
0.0654225 0.3195
0.065455 0.319375
0.0654875 0.319375
0.06552 0.31925
0.0655525 0.319125
0.065585 0.319125
0.0656175 0.319
0.06565 0.319
0.0656825 0.318875
0.065715 0.31875
0.0657475 0.31875
0.06578 0.318625
0.0658125 0.3185
0.065845 0.3185
0.0658775 0.318375
0.06591 0.318375
0.0659425 0.31825
0.065975 0.318125
0.0660075 0.318125
0.06604 0.318
0.0660725 0.318
0.066105 0.317875
0.0661375 0.31775
0.06617 0.31775
0.0662025 0.317625
0.066235 0.3175
0.0662675 0.3175
0.0663 0.317375
0.0663325 0.317375
0.066365 0.31725
0.0663975 0.317125
0.06643 0.317125
0.0664625 0.317
0.066495 0.316875
0.0665275 0.316875
0.06656 0.31675
0.0665925 0.31675
0.066625 0.316625
0.0666575 0.3165
0.06669 0.3165
0.0667225 0.316375
0.066755 0.31625
0.0667875 0.31625
0.06682 0.316125
0.0668525 0.316125
0.066885 0.316
0.0669175 0.315875
0.06695 0.315875
0.0669825 0.31575
0.067015 0.315625
0.0670475 0.315625
0.06708 0.3155
0.0671125 0.315375
0.067145 0.315375
0.0671775 0.31525
0.06721 0.31525
0.0672425 0.315125
0.067275 0.315
0.0673075 0.315
0.06734 0.314875
0.0673725 0.31475
0.067405 0.31475
0.0674375 0.314625
0.06747 0.3145
0.0675025 0.3145
0.067535 0.314375
0.0675675 0.314375
0.0676 0.31425
0.0676325 0.314125
0.067665 0.314125
0.0676975 0.314
0.06773 0.313875
0.0677625 0.313875
0.067795 0.31375
0.0678275 0.313625
0.06786 0.313625
0.0678925 0.3135
0.067925 0.313375
0.0679575 0.313375
0.06799 0.31325
0.0680225 0.313125
0.068055 0.313125
0.0680875 0.313
0.06812 0.312875
0.0681525 0.312875
0.068185 0.31275
0.0682175 0.31275
0.06825 0.312625
0.0682825 0.3125
0.068315 0.3125
0.0683475 0.312375
0.06838 0.31225
0.0684125 0.31225
0.068445 0.312125
0.0684775 0.312
0.06851 0.312
0.0685425 0.311875
0.068575 0.31175
0.0686075 0.31175
0.06864 0.311625
0.0686725 0.3115
0.068705 0.3115
0.0687375 0.311375
0.06877 0.31125
0.0688025 0.31125
0.068835 0.311125
0.0688675 0.311
0.0689 0.311
0.0689325 0.310875
0.068965 0.31075
0.0689975 0.31075
0.06903 0.310625
0.0690625 0.3105
0.069095 0.3105
0.0691275 0.310375
0.06916 0.31025
0.0691925 0.31025
0.069225 0.310125
0.0692575 0.31
0.06929 0.31
0.0693225 0.309875
0.069355 0.30975
0.0693875 0.30975
0.06942 0.309625
0.0694525 0.3095
0.069485 0.3095
0.0695175 0.309375
0.06955 0.30925
0.0695825 0.30925
0.069615 0.309125
0.0696475 0.309
0.06968 0.309
0.0697125 0.308875
0.069745 0.30875
0.0697775 0.30875
0.06981 0.308625
0.0698425 0.3085
0.069875 0.308375
0.0699075 0.308375
0.06994 0.30825
0.0699725 0.308125
0.070005 0.308125
0.0700375 0.308
0.07007 0.307875
0.0701025 0.307875
0.070135 0.30775
0.0701675 0.307625
0.0702 0.307625
0.0702325 0.3075
0.070265 0.307375
0.0702975 0.307375
0.07033 0.30725
0.0703625 0.307125
0.070395 0.307
0.0704275 0.307
0.07046 0.306875
0.0704925 0.30675
0.070525 0.30675
0.0705575 0.306625
0.07059 0.3065
0.0706225 0.3065
0.070655 0.306375
0.0706875 0.30625
0.07072 0.30625
0.0707525 0.306125
0.070785 0.306
0.0708175 0.305875
0.07085 0.305875
0.0708825 0.30575
0.070915 0.305625
0.0709475 0.305625
0.07098 0.3055
0.0710125 0.305375
0.071045 0.305375
0.0710775 0.30525
0.07111 0.305125
0.0711425 0.305
0.071175 0.305
0.0712075 0.304875
0.07124 0.30475
0.0712725 0.30475
0.071305 0.304625
0.0713375 0.3045
0.07137 0.3045
0.0714025 0.304375
0.071435 0.30425
0.0714675 0.304125
0.0715 0.304125
0.0715325 0.304
0.071565 0.303875
0.0715975 0.303875
0.07163 0.30375
0.0716625 0.303625
0.071695 0.3035
0.0717275 0.3035
0.07176 0.303375
0.0717925 0.30325
0.071825 0.30325
0.0718575 0.303125
0.07189 0.303
0.0719225 0.302875
0.071955 0.302875
0.0719875 0.30275
0.07202 0.302625
0.0720525 0.3025
0.072085 0.3025
0.0721175 0.302375
0.07215 0.30225
0.0721825 0.30225
0.072215 0.302125
0.0722475 0.302
0.07228 0.301875
0.0723125 0.301875
0.072345 0.30175
0.0723775 0.301625
0.07241 0.301625
0.0724425 0.3015
0.072475 0.301375
0.0725075 0.30125
0.07254 0.30125
0.0725725 0.301125
0.072605 0.301
0.0726375 0.300875
0.07267 0.300875
0.0727025 0.30075
0.072735 0.300625
0.0727675 0.300625
0.0728 0.3005
0.0728325 0.300375
0.072865 0.30025
0.0728975 0.30025
0.07293 0.300125
0.0729625 0.3
0.072995 0.299875
0.0730275 0.299875
0.07306 0.29975
0.0730925 0.299625
0.073125 0.2995
0.0731575 0.2995
0.07319 0.299375
0.0732225 0.29925
0.073255 0.29925
0.0732875 0.299125
0.07332 0.299
0.0733525 0.298875
0.073385 0.298875
0.0734175 0.29875
0.07345 0.298625
0.0734825 0.2985
0.073515 0.2985
0.0735475 0.298375
0.07358 0.29825
0.0736125 0.298125
0.073645 0.298125
0.0736775 0.298
0.07371 0.297875
0.0737425 0.29775
0.073775 0.29775
0.0738075 0.297625
0.07384 0.2975
0.0738725 0.297375
0.073905 0.297375
0.0739375 0.29725
0.07397 0.297125
0.0740025 0.297
0.074035 0.297
0.0740675 0.296875
0.0741 0.29675
0.0741325 0.296625
0.074165 0.296625
0.0741975 0.2965
0.07423 0.296375
0.0742625 0.29625
0.074295 0.29625
0.0743275 0.296125
0.07436 0.296
0.0743925 0.295875
0.074425 0.295875
0.0744575 0.29575
0.07449 0.295625
0.0745225 0.2955
0.074555 0.295375
0.0745875 0.295375
0.07462 0.29525
0.0746525 0.295125
0.074685 0.295
0.0747175 0.295
0.07475 0.294875
0.0747825 0.29475
0.074815 0.294625
0.0748475 0.294625
0.07488 0.2945
0.0749125 0.294375
0.074945 0.29425
0.0749775 0.294125
0.07501 0.294125
0.0750425 0.294
0.075075 0.293875
0.0751075 0.29375
0.07514 0.29375
0.0751725 0.293625
0.075205 0.2935
0.0752375 0.293375
0.07527 0.293375
0.0753025 0.29325
0.075335 0.293125
0.0753675 0.293
0.0754 0.292875
0.0754325 0.292875
0.075465 0.29275
0.0754975 0.292625
0.07553 0.2925
0.0755625 0.2925
0.075595 0.292375
0.0756275 0.29225
0.07566 0.292125
0.0756925 0.292
0.075725 0.292
0.0757575 0.291875
0.07579 0.29175
0.0758225 0.291625
0.075855 0.291625
0.0758875 0.2915
0.07592 0.291375
0.0759525 0.29125
0.075985 0.291125
0.0760175 0.291125
0.07605 0.291
0.0760825 0.290875
0.076115 0.29075
0.0761475 0.290625
0.07618 0.290625
0.0762125 0.2905
0.076245 0.290375
0.0762775 0.29025
0.07631 0.290125
0.0763425 0.290125
0.076375 0.29
0.0764075 0.289875
0.07644 0.28975
0.0764725 0.289625
0.076505 0.289625
0.0765375 0.2895
0.07657 0.289375
0.0766025 0.28925
0.076635 0.289125
0.0766675 0.289125
0.0767 0.289
0.0767325 0.288875
0.076765 0.28875
0.0767975 0.288625
0.07683 0.288625
0.0768625 0.2885
0.076895 0.288375
0.0769275 0.28825
0.07696 0.288125
0.0769925 0.288125
0.077025 0.288
0.0770575 0.287875
0.07709 0.28775
0.0771225 0.287625
0.077155 0.287625
0.0771875 0.2875
0.07722 0.287375
0.0772525 0.28725
0.077285 0.287125
0.0773175 0.287125
0.07735 0.287
0.0773825 0.286875
0.077415 0.28675
0.0774475 0.286625
0.07748 0.286625
0.0775125 0.2865
0.077545 0.286375
0.0775775 0.28625
0.07761 0.286125
0.0776425 0.286
0.077675 0.286
0.0777075 0.285875
0.07774 0.28575
0.0777725 0.285625
0.077805 0.2855
0.0778375 0.2855
0.07787 0.285375
0.0779025 0.28525
0.077935 0.285125
0.0779675 0.285
0.078 0.284875
0.0780325 0.284875
0.078065 0.28475
0.0780975 0.284625
0.07813 0.2845
0.0781625 0.284375
0.078195 0.284375
0.0782275 0.28425
0.07826 0.284125
0.0782925 0.284
0.078325 0.283875
0.0783575 0.28375
0.07839 0.28375
0.0784225 0.283625
0.078455 0.2835
0.0784875 0.283375
0.07852 0.28325
0.0785525 0.283125
0.078585 0.283125
0.0786175 0.283
0.07865 0.282875
0.0786825 0.28275
0.078715 0.282625
0.0787475 0.2825
0.07878 0.2825
0.0788125 0.282375
0.078845 0.28225
0.0788775 0.282125
0.07891 0.282
0.0789425 0.281875
0.078975 0.281875
0.0790075 0.28175
0.07904 0.281625
0.0790725 0.2815
0.079105 0.281375
0.0791375 0.28125
0.07917 0.281125
0.0792025 0.281125
0.079235 0.281
0.0792675 0.280875
0.0793 0.28075
0.0793325 0.280625
0.079365 0.2805
0.0793975 0.2805
0.07943 0.280375
0.0794625 0.28025
0.079495 0.280125
0.0795275 0.28
0.07956 0.279875
0.0795925 0.27975
0.079625 0.27975
0.0796575 0.279625
0.07969 0.2795
0.0797225 0.279375
0.079755 0.27925
0.0797875 0.279125
0.07982 0.279
0.0798525 0.279
0.079885 0.278875
0.0799175 0.27875
0.07995 0.278625
0.0799825 0.2785
0.080015 0.278375
0.0800475 0.27825
0.08008 0.27825
0.0801125 0.278125
0.080145 0.278
0.0801775 0.277875
0.08021 0.27775
0.0802425 0.277625
0.080275 0.2775
0.0803075 0.2775
0.08034 0.277375
0.0803725 0.27725
0.080405 0.277125
0.0804375 0.277
0.08047 0.276875
0.0805025 0.27675
0.080535 0.27675
0.0805675 0.276625
0.0806 0.2765
0.0806325 0.276375
0.080665 0.27625
0.0806975 0.276125
0.08073 0.276
0.0807625 0.275875
0.080795 0.275875
0.0808275 0.27575
0.08086 0.275625
0.0808925 0.2755
0.080925 0.275375
0.0809575 0.27525
0.08099 0.275125
0.0810225 0.275
0.081055 0.275
0.0810875 0.274875
0.08112 0.27475
0.0811525 0.274625
0.081185 0.2745
0.0812175 0.274375
0.08125 0.27425
0.0812825 0.274125
0.081315 0.274125
0.0813475 0.274
0.08138 0.273875
0.0814125 0.27375
0.081445 0.273625
0.0814775 0.2735
0.08151 0.273375
0.0815425 0.27325
0.081575 0.273125
0.0816075 0.273125
0.08164 0.273
0.0816725 0.272875
0.081705 0.27275
0.0817375 0.272625
0.08177 0.2725
0.0818025 0.272375
0.081835 0.27225
0.0818675 0.272125
0.0819 0.272125
0.0819325 0.272
0.081965 0.271875
0.0819975 0.27175
0.08203 0.271625
0.0820625 0.2715
0.082095 0.271375
0.0821275 0.27125
0.08216 0.271125
0.0821925 0.271
0.082225 0.271
0.0822575 0.270875
0.08229 0.27075
0.0823225 0.270625
0.082355 0.2705
0.0823875 0.270375
0.08242 0.27025
0.0824525 0.270125
0.082485 0.27
0.0825175 0.269875
0.08255 0.269875
0.0825825 0.26975
0.082615 0.269625
0.0826475 0.2695
0.08268 0.269375
0.0827125 0.26925
0.082745 0.269125
0.0827775 0.269
0.08281 0.268875
0.0828425 0.26875
0.082875 0.268625
0.0829075 0.268625
0.08294 0.2685
0.0829725 0.268375
0.083005 0.26825
0.0830375 0.268125
0.08307 0.268
0.0831025 0.267875
0.083135 0.26775
0.0831675 0.267625
0.0832 0.2675
0.0832325 0.267375
0.083265 0.267375
0.0832975 0.26725
0.08333 0.267125
0.0833625 0.267
0.083395 0.266875
0.0834275 0.26675
0.08346 0.266625
0.0834925 0.2665
0.083525 0.266375
0.0835575 0.26625
0.08359 0.266125
0.0836225 0.266
0.083655 0.265875
0.0836875 0.26575
0.08372 0.26575
0.0837525 0.265625
0.083785 0.2655
0.0838175 0.265375
0.08385 0.26525
0.0838825 0.265125
0.083915 0.265
0.0839475 0.264875
0.08398 0.26475
0.0840125 0.264625
0.084045 0.2645
0.0840775 0.264375
0.08411 0.26425
0.0841425 0.264125
0.084175 0.264125
0.0842075 0.264
0.08424 0.263875
0.0842725 0.26375
0.084305 0.263625
0.0843375 0.2635
0.08437 0.263375
0.0844025 0.26325
0.084435 0.263125
0.0844675 0.263
0.0845 0.262875
0.0845325 0.26275
0.084565 0.262625
0.0845975 0.2625
0.08463 0.262375
0.0846625 0.26225
0.084695 0.262125
0.0847275 0.262125
0.08476 0.262
0.0847925 0.261875
0.084825 0.26175
0.0848575 0.261625
0.08489 0.2615
0.0849225 0.261375
0.084955 0.26125
0.0849875 0.261125
0.08502 0.261
0.0850525 0.260875
0.085085 0.26075
0.0851175 0.260625
0.08515 0.2605
0.0851825 0.260375
0.085215 0.26025
0.0852475 0.260125
0.08528 0.26
0.0853125 0.259875
0.085345 0.25975
0.0853775 0.259625
0.08541 0.259625
0.0854425 0.2595
0.085475 0.259375
0.0855075 0.25925
0.08554 0.259125
0.0855725 0.259
0.085605 0.258875
0.0856375 0.25875
0.08567 0.258625
0.0857025 0.2585
0.085735 0.258375
0.0857675 0.25825
0.0858 0.258125
0.0858325 0.258
0.085865 0.257875
0.0858975 0.25775
0.08593 0.257625
0.0859625 0.2575
0.085995 0.257375
0.0860275 0.25725
0.08606 0.257125
0.0860925 0.257
0.086125 0.256875
0.0861575 0.25675
0.08619 0.256625
0.0862225 0.2565
0.086255 0.256375
0.0862875 0.25625
0.08632 0.256125
0.0863525 0.256
0.086385 0.255875
0.0864175 0.25575
0.08645 0.255625
0.0864825 0.255625
0.086515 0.2555
0.0865475 0.255375
0.08658 0.25525
0.0866125 0.255125
0.086645 0.255
0.0866775 0.254875
0.08671 0.25475
0.0867425 0.254625
0.086775 0.2545
0.0868075 0.254375
0.08684 0.25425
0.0868725 0.254125
0.086905 0.254
0.0869375 0.253875
0.08697 0.25375
0.0870025 0.253625
0.087035 0.2535
0.0870675 0.253375
0.0871 0.25325
0.0871325 0.253125
0.087165 0.253
0.0871975 0.252875
0.08723 0.25275
0.0872625 0.252625
0.087295 0.2525
0.0873275 0.252375
0.08736 0.25225
0.0873925 0.252125
0.087425 0.252
0.0874575 0.251875
0.08749 0.25175
0.0875225 0.251625
0.087555 0.2515
0.0875875 0.251375
0.08762 0.25125
0.0876525 0.251125
0.087685 0.251
0.0877175 0.250875
0.08775 0.25075
0.0877825 0.250625
0.087815 0.2505
0.0878475 0.250375
0.08788 0.25025
0.0879125 0.250125
0.087945 0.25
0.0879775 0.249875
0.08801 0.24975
0.0880425 0.249625
0.088075 0.2495
0.0881075 0.249375
0.08814 0.24925
0.0881725 0.249125
0.088205 0.249
0.0882375 0.248875
0.08827 0.24875
0.0883025 0.248625
0.088335 0.2485
0.0883675 0.248375
0.0884 0.248125
0.0884325 0.248
0.088465 0.247875
0.0884975 0.24775
0.08853 0.247625
0.0885625 0.2475
0.088595 0.247375
0.0886275 0.24725
0.08866 0.247125
0.0886925 0.247
0.088725 0.246875
0.0887575 0.24675
0.08879 0.246625
0.0888225 0.2465
0.088855 0.246375
0.0888875 0.24625
0.08892 0.246125
0.0889525 0.246
0.088985 0.245875
0.0890175 0.24575
0.08905 0.245625
0.0890825 0.2455
0.089115 0.245375
0.0891475 0.24525
0.08918 0.245125
0.0892125 0.245
0.089245 0.244875
0.0892775 0.24475
0.08931 0.244625
0.0893425 0.2445
0.089375 0.244375
0.0894075 0.24425
0.08944 0.244125
0.0894725 0.243875
0.089505 0.24375
0.0895375 0.243625
0.08957 0.2435
0.0896025 0.243375
0.089635 0.24325
0.0896675 0.243125
0.0897 0.243
0.0897325 0.242875
0.089765 0.24275
0.0897975 0.242625
0.08983 0.2425
0.0898625 0.242375
0.089895 0.24225
0.0899275 0.242125
0.08996 0.242
0.0899925 0.241875
0.090025 0.24175
0.0900575 0.241625
0.09009 0.2415
0.0901225 0.24125
0.090155 0.241125
0.0901875 0.241
0.09022 0.240875
0.0902525 0.24075
0.090285 0.240625
0.0903175 0.2405
0.09035 0.240375
0.0903825 0.24025
0.090415 0.240125
0.0904475 0.24
0.09048 0.239875
0.0905125 0.23975
0.090545 0.239625
0.0905775 0.2395
0.09061 0.239375
0.0906425 0.23925
0.090675 0.239
0.0907075 0.238875
0.09074 0.23875
0.0907725 0.238625
0.090805 0.2385
0.0908375 0.238375
0.09087 0.23825
0.0909025 0.238125
0.090935 0.238
0.0909675 0.237875
0.091 0.23775
0.0910325 0.237625
0.091065 0.2375
0.0910975 0.237375
0.09113 0.237125
0.0911625 0.237
0.091195 0.236875
0.0912275 0.23675
0.09126 0.236625
0.0912925 0.2365
0.091325 0.236375
0.0913575 0.23625
0.09139 0.236125
0.0914225 0.236
0.091455 0.235875
0.0914875 0.23575
0.09152 0.2355
0.0915525 0.235375
0.091585 0.23525
0.0916175 0.235125
0.09165 0.235
0.0916825 0.234875
0.091715 0.23475
0.0917475 0.234625
0.09178 0.2345
0.0918125 0.234375
0.091845 0.23425
0.0918775 0.234
0.09191 0.233875
0.0919425 0.23375
0.091975 0.233625
0.0920075 0.2335
0.09204 0.233375
0.0920725 0.23325
0.092105 0.233125
0.0921375 0.233
0.09217 0.232875
0.0922025 0.232625
0.092235 0.2325
0.0922675 0.232375
0.0923 0.23225
0.0923325 0.232125
0.092365 0.232
0.0923975 0.231875
0.09243 0.23175
0.0924625 0.231625
0.092495 0.2315
0.0925275 0.23125
0.09256 0.231125
0.0925925 0.231
0.092625 0.230875
0.0926575 0.23075
0.09269 0.230625
0.0927225 0.2305
0.092755 0.230375
0.0927875 0.23025
0.09282 0.23
0.0928525 0.229875
0.092885 0.22975
0.0929175 0.229625
0.09295 0.2295
0.0929825 0.229375
0.093015 0.22925
0.0930475 0.229125
0.09308 0.228875
0.0931125 0.22875
0.093145 0.228625
0.0931775 0.2285
0.09321 0.228375
0.0932425 0.22825
0.093275 0.228125
0.0933075 0.228
0.09334 0.227875
0.0933725 0.227625
0.093405 0.2275
0.0934375 0.227375
0.09347 0.22725
0.0935025 0.227125
0.093535 0.227
0.0935675 0.226875
0.0936 0.226625
0.0936325 0.2265
0.093665 0.226375
0.0936975 0.22625
0.09373 0.226125
0.0937625 0.226
0.093795 0.225875
0.0938275 0.22575
0.09386 0.2255
0.0938925 0.225375
0.093925 0.22525
0.0939575 0.225125
0.09399 0.225
0.0940225 0.224875
0.094055 0.22475
0.0940875 0.2245
0.09412 0.224375
0.0941525 0.22425
0.094185 0.224125
0.0942175 0.224
0.09425 0.223875
0.0942825 0.22375
0.094315 0.2235
0.0943475 0.223375
0.09438 0.22325
0.0944125 0.223125
0.094445 0.223
0.0944775 0.222875
0.09451 0.222625
0.0945425 0.2225
0.094575 0.222375
0.0946075 0.22225
0.09464 0.222125
0.0946725 0.222
0.094705 0.221875
0.0947375 0.221625
0.09477 0.2215
0.0948025 0.221375
0.094835 0.22125
0.0948675 0.221125
0.0949 0.221
0.0949325 0.22075
0.094965 0.220625
0.0949975 0.2205
0.09503 0.220375
0.0950625 0.22025
0.095095 0.220125
0.0951275 0.219875
0.09516 0.21975
0.0951925 0.219625
0.095225 0.2195
0.0952575 0.219375
0.09529 0.21925
0.0953225 0.219
0.095355 0.218875
0.0953875 0.21875
0.09542 0.218625
0.0954525 0.2185
0.095485 0.218375
0.0955175 0.218125
0.09555 0.218
0.0955825 0.217875
0.095615 0.21775
0.0956475 0.217625
0.09568 0.217375
0.0957125 0.21725
0.095745 0.217125
0.0957775 0.217
0.09581 0.216875
0.0958425 0.216625
0.095875 0.2165
0.0959075 0.216375
0.09594 0.21625
0.0959725 0.216125
0.096005 0.216
0.0960375 0.21575
0.09607 0.215625
0.0961025 0.2155
0.096135 0.215375
0.0961675 0.21525
0.0962 0.215
0.0962325 0.214875
0.096265 0.21475
0.0962975 0.214625
0.09633 0.2145
0.0963625 0.21425
0.096395 0.214125
0.0964275 0.214
0.09646 0.213875
0.0964925 0.21375
0.096525 0.2135
0.0965575 0.213375
0.09659 0.21325
0.0966225 0.213125
0.096655 0.213
0.0966875 0.21275
0.09672 0.212625
0.0967525 0.2125
0.096785 0.212375
0.0968175 0.21225
0.09685 0.212
0.0968825 0.211875
0.096915 0.21175
0.0969475 0.211625
0.09698 0.2115
0.0970125 0.21125
0.097045 0.211125
0.0970775 0.211
0.09711 0.210875
0.0971425 0.210625
0.097175 0.2105
0.0972075 0.210375
0.09724 0.21025
0.0972725 0.210125
0.097305 0.209875
0.0973375 0.20975
0.09737 0.209625
0.0974025 0.2095
0.097435 0.20925
0.0974675 0.209125
0.0975 0.209
0.0975325 0.208875
0.097565 0.20875
0.0975975 0.2085
0.09763 0.208375
0.0976625 0.20825
0.097695 0.208125
0.0977275 0.207875
0.09776 0.20775
0.0977925 0.207625
0.097825 0.2075
0.0978575 0.20725
0.09789 0.207125
0.0979225 0.207
0.097955 0.206875
0.0979875 0.206625
0.09802 0.2065
0.0980525 0.206375
0.098085 0.20625
0.0981175 0.206125
0.09815 0.205875
0.0981825 0.20575
0.098215 0.205625
0.0982475 0.2055
0.09828 0.20525
0.0983125 0.205125
0.098345 0.205
0.0983775 0.204875
0.09841 0.204625
0.0984425 0.2045
0.098475 0.204375
0.0985075 0.20425
0.09854 0.204
0.0985725 0.203875
0.098605 0.20375
0.0986375 0.203625
0.09867 0.203375
0.0987025 0.20325
0.098735 0.203125
0.0987675 0.202875
0.0988 0.20275
0.0988325 0.202625
0.098865 0.2025
0.0988975 0.20225
0.09893 0.202125
0.0989625 0.202
0.098995 0.201875
0.0990275 0.201625
0.09906 0.2015
0.0990925 0.201375
0.099125 0.20125
0.0991575 0.201
0.09919 0.200875
0.0992225 0.20075
0.099255 0.2005
0.0992875 0.200375
0.09932 0.20025
0.0993525 0.200125
0.099385 0.199875
0.0994175 0.19975
0.09945 0.199625
0.0994825 0.1995
0.099515 0.19925
0.0995475 0.199125
0.09958 0.199
0.0996125 0.19875
0.099645 0.198625
0.0996775 0.1985
0.09971 0.198375
0.0997425 0.198125
0.099775 0.198
0.0998075 0.197875
0.09984 0.197625
0.0998725 0.1975
0.099905 0.197375
0.0999375 0.19725
0.09997 0.197
0.100003 0.196875
0.100035 0.19675
0.100068 0.1965
0.1001 0.196375
0.100133 0.19625
0.100165 0.196
0.100198 0.195875
0.10023 0.19575
0.100263 0.195625
0.100295 0.195375
0.100328 0.19525
0.10036 0.195125
0.100393 0.194875
0.100425 0.19475
0.100458 0.194625
0.10049 0.194375
0.100523 0.19425
0.100555 0.194125
0.100588 0.194
0.10062 0.19375
0.100653 0.193625
0.100685 0.1935
0.100718 0.19325
0.10075 0.193125
0.100783 0.193
0.100815 0.19275
0.100848 0.192625
0.10088 0.1925
0.100913 0.19225
0.100945 0.192125
0.100978 0.192
0.10101 0.19175
0.101043 0.191625
0.101075 0.1915
0.101108 0.19125
0.10114 0.191125
0.101173 0.191
0.101205 0.19075
0.101238 0.190625
0.10127 0.1905
0.101303 0.19025
0.101335 0.190125
0.101368 0.19
0.1014 0.18975
0.101433 0.189625
0.101465 0.1895
0.101498 0.18925
0.10153 0.189125
0.101563 0.189
0.101595 0.18875
0.101628 0.188625
0.10166 0.1885
0.101693 0.18825
0.101725 0.188125
0.101758 0.188
0.10179 0.18775
0.101823 0.187625
0.101855 0.1875
0.101888 0.18725
0.10192 0.187125
0.101953 0.187
0.101985 0.18675
0.102018 0.186625
0.10205 0.1865
0.102083 0.18625
0.102115 0.186125
0.102148 0.186
0.10218 0.18575
0.102213 0.185625
0.102245 0.1855
0.102278 0.18525
0.10231 0.185125
0.102343 0.184875
0.102375 0.18475
0.102408 0.184625
0.10244 0.184375
0.102473 0.18425
0.102505 0.184125
0.102538 0.183875
0.10257 0.18375
0.102603 0.183625
0.102635 0.183375
0.102668 0.18325
0.1027 0.183
0.102733 0.182875
0.102765 0.18275
0.102798 0.1825
0.10283 0.182375
0.102863 0.18225
0.102895 0.182
0.102928 0.181875
0.10296 0.181625
0.102993 0.1815
0.103025 0.181375
0.103058 0.181125
0.10309 0.181
0.103123 0.18075
0.103155 0.180625
0.103188 0.1805
0.10322 0.18025
0.103253 0.180125
0.103285 0.18
0.103318 0.17975
0.10335 0.179625
0.103383 0.179375
0.103415 0.17925
0.103448 0.179125
0.10348 0.178875
0.103513 0.17875
0.103545 0.1785
0.103578 0.178375
0.10361 0.17825
0.103643 0.178
0.103675 0.177875
0.103708 0.177625
0.10374 0.1775
0.103773 0.177375
0.103805 0.177125
0.103838 0.177
0.10387 0.17675
0.103903 0.176625
0.103935 0.1765
0.103968 0.17625
0.104 0.176125
0.104033 0.175875
0.104065 0.17575
0.104098 0.1755
0.10413 0.175375
0.104163 0.17525
0.104195 0.175
0.104228 0.174875
0.10426 0.174625
0.104293 0.1745
0.104325 0.174375
0.104358 0.174125
0.10439 0.174
0.104423 0.17375
0.104455 0.173625
0.104488 0.173375
0.10452 0.17325
0.104553 0.173125
0.104585 0.172875
0.104618 0.17275
0.10465 0.1725
0.104683 0.172375
0.104715 0.172125
0.104748 0.172
0.10478 0.171875
0.104813 0.171625
0.104845 0.1715
0.104878 0.17125
0.10491 0.171125
0.104943 0.170875
0.104975 0.17075
0.105008 0.1705
0.10504 0.170375
0.105073 0.17025
0.105105 0.17
0.105138 0.169875
0.10517 0.169625
0.105203 0.1695
0.105235 0.16925
0.105268 0.169125
0.1053 0.168875
0.105333 0.16875
0.105365 0.168625
0.105398 0.168375
0.10543 0.16825
0.105463 0.168
0.105495 0.167875
0.105528 0.167625
0.10556 0.1675
0.105593 0.16725
0.105625 0.167125
0.105658 0.166875
0.10569 0.16675
0.105723 0.1665
0.105755 0.166375
0.105788 0.166125
0.10582 0.166
0.105853 0.165875
0.105885 0.165625
0.105918 0.1655
0.10595 0.16525
0.105983 0.165125
0.106015 0.164875
0.106048 0.16475
0.10608 0.1645
0.106113 0.164375
0.106145 0.164125
0.106178 0.164
0.10621 0.16375
0.106243 0.163625
0.106275 0.163375
0.106308 0.16325
0.10634 0.163
0.106373 0.162875
0.106405 0.162625
0.106438 0.1625
0.10647 0.16225
0.106503 0.162125
0.106535 0.161875
0.106568 0.16175
0.1066 0.1615
0.106633 0.161375
0.106665 0.161125
0.106698 0.161
0.10673 0.16075
0.106763 0.160625
0.106795 0.160375
0.106828 0.16025
0.10686 0.16
0.106893 0.159875
0.106925 0.159625
0.106958 0.1595
0.10699 0.15925
0.107023 0.159125
0.107055 0.158875
0.107088 0.15875
0.10712 0.1585
0.107153 0.158375
0.107185 0.158125
0.107218 0.158
0.10725 0.15775
0.107283 0.157625
0.107315 0.157375
0.107348 0.15725
0.10738 0.157
0.107413 0.156875
0.107445 0.156625
0.107478 0.156375
0.10751 0.15625
0.107543 0.156
0.107575 0.155875
0.107608 0.155625
0.10764 0.1555
0.107673 0.15525
0.107705 0.155125
0.107738 0.154875
0.10777 0.15475
0.107803 0.1545
0.107835 0.154375
0.107868 0.154125
0.1079 0.153875
0.107933 0.15375
0.107965 0.1535
0.107998 0.153375
0.10803 0.153125
0.108063 0.153
0.108095 0.15275
0.108128 0.152625
0.10816 0.152375
0.108193 0.152125
0.108225 0.152
0.108258 0.15175
0.10829 0.151625
0.108323 0.151375
0.108355 0.15125
0.108388 0.151
0.10842 0.15075
0.108453 0.150625
0.108485 0.150375
0.108518 0.15025
0.10855 0.15
0.108583 0.149875
0.108615 0.149625
0.108648 0.149375
0.10868 0.14925
0.108713 0.149
0.108745 0.148875
0.108778 0.148625
0.10881 0.1485
0.108843 0.14825
0.108875 0.148
0.108908 0.147875
0.10894 0.147625
0.108973 0.1475
0.109005 0.14725
0.109038 0.147
0.10907 0.146875
0.109103 0.146625
0.109135 0.1465
0.109168 0.14625
0.1092 0.146
0.109233 0.145875
0.109265 0.145625
0.109298 0.1455
0.10933 0.14525
0.109363 0.145
0.109395 0.144875
0.109428 0.144625
0.10946 0.1445
0.109493 0.14425
0.109525 0.144
0.109558 0.143875
0.10959 0.143625
0.109623 0.1435
0.109655 0.14325
0.109688 0.143
0.10972 0.142875
0.109753 0.142625
0.109785 0.142375
0.109818 0.14225
0.10985 0.142
0.109883 0.141875
0.109915 0.141625
0.109948 0.141375
0.10998 0.14125
0.110013 0.141
0.110045 0.14075
0.110078 0.140625
0.11011 0.140375
0.110143 0.140125
0.110175 0.14
0.110208 0.13975
0.11024 0.139625
0.110273 0.139375
0.110305 0.139125
0.110338 0.139
0.11037 0.13875
0.110403 0.1385
0.110435 0.138375
0.110468 0.138125
0.1105 0.137875
0.110533 0.13775
0.110565 0.1375
0.110598 0.13725
0.11063 0.137125
0.110663 0.136875
0.110695 0.136625
0.110728 0.1365
0.11076 0.13625
0.110793 0.136
0.110825 0.135875
0.110858 0.135625
0.11089 0.135375
0.110923 0.13525
0.110955 0.135
0.110988 0.13475
0.11102 0.134625
0.111053 0.134375
0.111085 0.134125
0.111118 0.134
0.11115 0.13375
0.111183 0.1335
0.111215 0.133375
0.111248 0.133125
0.11128 0.132875
0.111313 0.132625
0.111345 0.1325
0.111378 0.13225
0.11141 0.132
0.111443 0.131875
0.111475 0.131625
0.111508 0.131375
0.11154 0.13125
0.111573 0.131
0.111605 0.13075
0.111638 0.1305
0.11167 0.130375
0.111703 0.130125
0.111735 0.129875
0.111768 0.12975
0.1118 0.1295
0.111833 0.12925
0.111865 0.129
0.111898 0.128875
0.11193 0.128625
0.111963 0.128375
0.111995 0.128125
0.112028 0.128
0.11206 0.12775
0.112093 0.1275
0.112125 0.127375
0.112158 0.127125
0.11219 0.126875
0.112223 0.126625
0.112255 0.1265
0.112288 0.12625
0.11232 0.126
0.112353 0.12575
0.112385 0.125625
0.112418 0.125375
0.11245 0.125125
0.112483 0.124875
0.112515 0.12475
0.112548 0.1245
0.11258 0.12425
0.112613 0.124
0.112645 0.12375
0.112678 0.123625
0.11271 0.123375
0.112743 0.123125
0.112775 0.122875
0.112808 0.12275
0.11284 0.1225
0.112873 0.12225
0.112905 0.122
0.112938 0.12175
0.11297 0.121625
0.113003 0.121375
0.113035 0.121125
0.113068 0.120875
0.1131 0.12075
0.113133 0.1205
0.113165 0.12025
0.113198 0.12
0.11323 0.11975
0.113263 0.119625
0.113295 0.119375
0.113328 0.119125
0.11336 0.118875
0.113393 0.118625
0.113425 0.1185
0.113458 0.11825
0.11349 0.118
0.113523 0.11775
0.113555 0.1175
0.113588 0.11725
0.11362 0.117125
0.113653 0.116875
0.113685 0.116625
0.113718 0.116375
0.11375 0.116125
0.113783 0.115875
0.113815 0.11575
0.113848 0.1155
0.11388 0.11525
0.113913 0.115
0.113945 0.11475
0.113978 0.1145
0.11401 0.114375
0.114043 0.114125
0.114075 0.113875
0.114108 0.113625
0.11414 0.113375
0.114173 0.113125
0.114205 0.112875
0.114238 0.112625
0.11427 0.1125
0.114303 0.11225
0.114335 0.112
0.114368 0.11175
0.1144 0.1115
0.114433 0.11125
0.114465 0.111
0.114498 0.11075
0.11453 0.110625
0.114563 0.110375
0.114595 0.110125
0.114628 0.109875
0.11466 0.109625
0.114693 0.109375
0.114725 0.109125
0.114758 0.108875
0.11479 0.108625
0.114823 0.108375
0.114855 0.10825
0.114888 0.108
0.11492 0.10775
0.114953 0.1075
0.114985 0.10725
0.115018 0.107
0.11505 0.10675
0.115083 0.1065
0.115115 0.10625
0.115148 0.106
0.11518 0.10575
0.115213 0.1055
0.115245 0.10525
0.115278 0.105125
0.11531 0.104875
0.115343 0.104625
0.115375 0.104375
0.115408 0.104125
0.11544 0.103875
0.115473 0.103625
0.115505 0.103375
0.115538 0.103125
0.11557 0.102875
0.115603 0.102625
0.115635 0.102375
0.115668 0.102125
0.1157 0.101875
0.115733 0.101625
0.115765 0.101375
0.115798 0.101125
0.11583 0.100875
0.115863 0.100625
0.115895 0.100375
0.115928 0.100125
0.11596 0.099875
0.115993 0.099625
0.116025 0.099375
0.116058 0.099125
0.11609 0.098875
0.116123 0.098625
0.116155 0.098375
0.116188 0.098125
0.11622 0.097875
0.116253 0.097625
0.116285 0.097375
0.116318 0.097125
0.11635 0.096875
0.116383 0.096625
0.116415 0.096375
0.116448 0.096
0.11648 0.09575
0.116513 0.0955
0.116545 0.09525
0.116578 0.095
0.11661 0.09475
0.116643 0.0945
0.116675 0.09425
0.116708 0.094
0.11674 0.09375
0.116773 0.0935
0.116805 0.09325
0.116838 0.093
0.11687 0.092625
0.116903 0.092375
0.116935 0.092125
0.116968 0.091875
0.117 0.091625
0.117033 0.091375
0.117065 0.091125
0.117098 0.090875
0.11713 0.0905
0.117163 0.09025
0.117195 0.09
0.117228 0.08975
0.11726 0.0895
0.117293 0.08925
0.117325 0.089
0.117358 0.088625
0.11739 0.088375
0.117423 0.088125
0.117455 0.087875
0.117488 0.087625
0.11752 0.087375
0.117553 0.087
0.117585 0.08675
0.117618 0.0865
0.11765 0.08625
0.117683 0.086
0.117715 0.085625
0.117748 0.085375
0.11778 0.085125
0.117813 0.084875
0.117845 0.0845
0.117878 0.08425
0.11791 0.084
0.117943 0.08375
0.117975 0.083375
0.118008 0.083125
0.11804 0.082875
0.118073 0.082625
0.118105 0.08225
0.118138 0.082
0.11817 0.08175
0.118203 0.081375
0.118235 0.081125
0.118268 0.080875
0.1183 0.080625
0.118333 0.08025
0.118365 0.08
0.118398 0.07975
0.11843 0.079375
0.118463 0.079125
0.118495 0.078875
0.118528 0.0785
0.11856 0.07825
0.118593 0.078
0.118625 0.077625
0.118658 0.077375
0.11869 0.077
0.118723 0.07675
0.118755 0.0765
0.118788 0.076125
0.11882 0.075875
0.118853 0.0755
0.118885 0.07525
0.118918 0.075
0.11895 0.074625
0.118983 0.074375
0.119015 0.074
0.119048 0.07375
0.11908 0.073375
0.119113 0.073125
0.119145 0.07275
0.119178 0.0725
0.11921 0.072125
0.119243 0.071875
0.119275 0.0715
0.119308 0.07125
0.11934 0.070875
0.119373 0.070625
0.119405 0.07025
0.119438 0.07
0.11947 0.069625
0.119503 0.06925
0.119535 0.069
0.119568 0.068625
0.1196 0.068375
0.119633 0.068
0.119665 0.067625
0.119698 0.067375
0.11973 0.067
0.119763 0.066625
0.119795 0.066375
0.119828 0.066
0.11986 0.065625
0.119893 0.065375
0.119925 0.065
0.119958 0.064625
0.11999 0.064375
0.120023 0.064
0.120055 0.063625
0.120088 0.06325
0.12012 0.062875
0.120153 0.062625
0.120185 0.06225
0.120218 0.061875
0.12025 0.0615
0.120283 0.061125
0.120315 0.06075
0.120348 0.0605
0.12038 0.060125
0.120413 0.05975
0.120445 0.059375
0.120478 0.059
0.12051 0.058625
0.120543 0.05825
0.120575 0.057875
0.120608 0.0575
0.12064 0.057125
0.120673 0.05675
0.120705 0.056375
0.120738 0.056
0.12077 0.055625
0.120803 0.055125
0.120835 0.05475
0.120868 0.054375
0.1209 0.054
0.120933 0.053625
0.120965 0.053125
0.120998 0.05275
0.12103 0.052375
0.121063 0.052
0.121095 0.0515
0.121128 0.051125
0.12116 0.05075
0.121193 0.05025
0.121225 0.049875
0.121258 0.049375
0.12129 0.049
0.121323 0.0485
0.121355 0.048125
0.121388 0.047625
0.12142 0.047125
0.121453 0.04675
0.121485 0.04625
0.121518 0.04575
0.12155 0.04525
0.121583 0.044875
0.121615 0.044375
0.121648 0.043875
0.12168 0.043375
0.121713 0.042875
0.121745 0.042375
0.121778 0.041875
0.12181 0.04125
0.121843 0.04075
0.121875 0.04025
0.121908 0.03975
0.12194 0.039125
0.121973 0.038625
0.122005 0.038
0.122038 0.037375
0.12207 0.036875
0.122103 0.03625
0.122135 0.035625
0.122168 0.035
0.1222 0.034375
0.122233 0.033625
0.122265 0.033
0.122298 0.032375
0.12233 0.031625
0.122363 0.030875
0.122395 0.030125
0.122428 0.029375
0.12246 0.0285
0.122493 0.02775
0.122525 0.026875
0.122558 0.026
0.12259 0.025
0.122623 0.024
0.122655 0.023
0.122688 0.021875
0.12272 0.020625
0.122753 0.019375
0.122785 0.018
0.122818 0.016375
0.12285 0.014625
0.122883 0.012375
0.122915 0.009625
0.122948 0.005375
0.12298 0
0.123013 0
0.123045 0
0.123078 0
0.12311 0
0.123143 0
0.123175 0
0.123208 0
0.12324 0
0.123273 0
0.123305 0
0.123338 0
0.12337 0
0.123403 0
0.123435 0
0.123468 0
0.1235 0
0.123533 0
0.123565 0
0.123598 0
0.12363 0
0.123663 0
0.123695 0
0.123728 0
0.12376 0
0.123793 0
0.123825 0
0.123858 0
0.12389 0
0.123923 0
0.123955 0
0.123988 0
0.12402 0
0.124053 0
0.124085 0
0.124118 0
0.12415 0
0.124183 0
0.124215 0
0.124248 0
0.12428 0
0.124313 0
0.124345 0
0.124378 0
0.12441 0
0.124443 0
0.124475 0
0.124508 0
0.12454 0
0.124573 0
0.124605 0
0.124638 0
0.12467 0
0.124703 0
0.124735 0
0.124768 0
0.1248 0
0.124833 0
0.124865 0
0.124898 0
0.12493 0
0.124963 0
0.124995 0
0.125028 0
0.12506 0
0.125093 0
0.125125 0
0.125158 0
0.12519 0
0.125223 0
0.125255 0
0.125288 0
0.12532 0
0.125353 0
0.125385 0
0.125418 0
0.12545 0
0.125483 0
0.125515 0
0.125548 0
0.12558 0
0.125613 0
0.125645 0
0.125678 0
0.12571 0
0.125743 0
0.125775 0
0.125808 0
0.12584 0
0.125873 0
0.125905 0
0.125938 0
0.12597 0
0.126003 0
0.126035 0
0.126068 0
0.1261 0
0.126133 0
0.126165 0
0.126198 0
0.12623 0
0.126263 0
0.126295 0
0.126328 0
0.12636 0
0.126393 0
0.126425 0
0.126458 0
0.12649 0
0.126523 0
0.126555 0
0.126588 0
0.12662 0
0.126653 0
0.126685 0
0.126718 0
0.12675 0
0.126783 0
0.126815 0
0.126848 0
0.12688 0
0.126913 0
0.126945 0
0.126978 0
0.12701 0
0.127043 0
0.127075 0
0.127108 0
0.12714 0
0.127173 0
0.127205 0
0.127238 0
0.12727 0
0.127303 0
0.127335 0
0.127368 0
0.1274 0
0.127433 0
0.127465 0
0.127498 0
0.12753 0
0.127563 0
0.127595 0
0.127628 0
0.12766 0
0.127693 0
0.127725 0
0.127758 0
0.12779 0
0.127823 0
0.127855 0
0.127888 0
0.12792 0
0.127953 0
0.127985 0
0.128018 0
0.12805 0
0.128083 0
0.128115 0
0.128148 0
0.12818 0
0.128213 0
0.128245 0
0.128278 0
0.12831 0
0.128343 0
0.128375 0
0.128408 0
0.12844 0
0.128473 0
0.128505 0
0.128538 0
0.12857 0
0.128603 0
0.128635 0
0.128668 0
0.1287 0
