0 954.750684755 
0.000125 954.750684793 
0.00025 954.750684877 
0.000375 954.750685009 
0.0005 954.750685193 
0.000625 954.750685428 
0.00075 954.750685714 
0.000875 954.750686052 
0.001 954.750686441 
0.001125 954.750686882 
0.00125 954.750687374 
0.001375 954.750687919 
0.0015 954.750688515 
0.001625 954.750689162 
0.00175 954.750689861 
0.001875 954.750690612 
0.002 954.750691415 
0.002125 954.75069227 
0.00225 954.750693176 
0.002375 954.750694134 
0.0025 954.750695143 
0.002625 954.750696205 
0.00275 954.750697318 
0.002875 954.750698482 
0.003 954.750699699 
0.003125 954.750700967 
0.00325 954.750702287 
0.003375 954.750703659 
0.0035 954.750705082 
0.003625 954.750706558 
0.00375 954.750708084 
0.003875 954.750709663 
0.004 954.750711294 
0.004125 954.750712976 
0.00425 954.75071471 
0.004375 954.750716495 
0.0045 954.750718332 
0.004625 954.750720222 
0.00475 954.750722162 
0.004875 954.750724155 
0.005 954.750726199 
0.005125 954.750728295 
0.00525 954.750730443 
0.005375 954.750732642 
0.0055 954.750734893 
0.005625 954.750737196 
0.00575 954.750739551 
0.005875 954.750741957 
0.006 954.750744415 
0.006125 954.750746925 
0.00625 954.750749487 
0.006375 954.7507521 
0.0065 954.750754765 
0.006625 954.750757482 
0.00675 954.75076025 
0.006875 954.75076307 
0.007 954.750765942 
0.007125 954.750768866 
0.00725 954.750771841 
0.007375 954.750774868 
0.0075 954.750777947 
0.007625 954.750781077 
0.00775 954.75078426 
0.007875 954.750787494 
0.008 954.750790779 
0.008125 954.750794116 
0.00825 954.750797505 
0.008375 954.750800946 
0.0085 954.750804439 
0.008625 954.750807983 
0.00875 954.750811579 
0.008875 954.750815226 
0.009 954.750818925 
0.009125 954.750822676 
0.00925 954.750826479 
0.009375 954.750830333 
0.0095 954.750834239 
0.009625 954.750838197 
0.00975 954.750842207 
0.009875 954.750846268 
0.01 954.750850381 
0.010125 954.750854545 
0.01025 954.750858761 
0.010375 954.750863029 
0.0105 954.750867349 
0.010625 954.75087172 
0.01075 954.750876143 
0.010875 954.750880617 
0.011 954.750885144 
0.011125 954.750889722 
0.01125 954.750894351 
0.011375 954.750899032 
0.0115 954.750903765 
0.011625 954.75090855 
0.01175 954.750913386 
0.011875 954.750918274 
0.012 954.750923214 
0.012125 954.750928205 
0.01225 954.750933248 
0.012375 954.750938343 
0.0125 954.750943489 
0.012625 954.750948687 
0.01275 954.750953936 
0.012875 954.750959238 
0.013 954.750964591 
0.013125 954.750969995 
0.01325 954.750975451 
0.013375 954.750980959 
0.0135 954.750986518 
0.013625 954.750992129 
0.01375 954.750997792 
0.013875 954.751003506 
0.014 954.751009272 
0.014125 954.75101509 
0.01425 954.751020959 
0.014375 954.75102688 
0.0145 954.751032852 
0.014625 954.751038876 
0.01475 954.751044952 
0.014875 954.751051079 
0.015 954.751057258 
0.015125 954.751063489 
0.01525 954.751069771 
0.015375 954.751076105 
0.0155 954.75108249 
0.015625 954.751088927 
0.01575 954.751095415 
0.015875 954.751101956 
0.016 954.751108547 
0.016125 954.751115191 
0.01625 954.751121886 
0.016375 954.751128632 
0.0165 954.75113543 
0.016625 954.75114228 
0.01675 954.751149181 
0.016875 954.751156134 
0.017 954.751163138 
0.017125 954.751170194 
0.01725 954.751177301 
0.017375 954.751184461 
0.0175 954.751191671 
0.017625 954.751198933 
0.01775 954.751206247 
0.017875 954.751213612 
0.018 954.751221029 
0.018125 954.751228498 
0.01825 954.751236017 
0.018375 954.751243589 
0.0185 954.751251212 
0.018625 954.751258886 
0.01875 954.751266613 
0.018875 954.75127439 
0.019 954.751282219 
0.019125 954.7512901 
0.01925 954.751298032 
0.019375 954.751306016 
0.0195 954.751314051 
0.019625 954.751322138 
0.01975 954.751330276 
0.019875 954.751338466 
0.02 954.751346707 
0.020125 954.751355 
0.02025 954.751363344 
0.020375 954.75137174 
0.0205 954.751380187 
0.020625 954.751388685 
0.02075 954.751397236 
0.020875 954.751405837 
0.021 954.75141449 
0.021125 954.751423195 
0.02125 954.751431951 
0.021375 954.751440759 
0.0215 954.751449618 
0.021625 954.751458528 
0.02175 954.75146749 
0.021875 954.751476503 
0.022 954.751485568 
0.022125 954.751494684 
0.02225 954.751503852 
0.022375 954.751513071 
0.0225 954.751522342 
0.022625 954.751531664 
0.02275 954.751541037 
0.022875 954.751550462 
0.023 954.751559938 
0.023125 954.751569466 
0.02325 954.751579045 
0.023375 954.751588676 
0.0235 954.751598358 
0.023625 954.751608091 
0.02375 954.751617876 
0.023875 954.751627712 
0.024 954.751637599 
0.024125 954.751647538 
0.02425 954.751657528 
0.024375 954.75166757 
0.0245 954.751677663 
0.024625 954.751687807 
0.02475 954.751698003 
0.024875 954.75170825 
0.025 954.751718549 
0.025125 954.751728899 
0.02525 954.7517393 
0.025375 954.751749752 
0.0255 954.751760256 
0.025625 954.751770812 
0.02575 954.751781418 
0.025875 954.751792076 
0.026 954.751802785 
0.026125 954.751813546 
0.02625 954.751824358 
0.026375 954.751835221 
0.0265 954.751846135 
0.026625 954.751857101 
0.02675 954.751868118 
0.026875 954.751879187 
0.027 954.751890306 
0.027125 954.751901477 
0.02725 954.7519127 
0.027375 954.751923973 
0.0275 954.751935298 
0.027625 954.751946674 
0.02775 954.751958102 
0.027875 954.75196958 
0.028 954.75198111 
0.028125 954.751992691 
0.02825 954.752004324 
0.028375 954.752016007 
0.0285 954.752027742 
0.028625 954.752039528 
0.02875 954.752051366 
0.028875 954.752063254 
0.029 954.752075194 
0.029125 954.752087185 
0.02925 954.752099227 
0.029375 954.752111321 
0.0295 954.752123465 
0.029625 954.752135661 
0.02975 954.752147908 
0.029875 954.752160207 
0.03 954.752172556 
0.030125 954.752184957 
0.03025 954.752197409 
0.030375 954.752209911 
0.0305 954.752222466 
0.030625 954.752235071 
0.03075 954.752247727 
0.030875 954.752260435 
0.031 954.752273194 
0.031125 954.752286004 
0.03125 954.752298865 
0.031375 954.752311777 
0.0315 954.75232474 
0.031625 954.752337755 
0.03175 954.75235082 
0.031875 954.752363937 
0.032 954.752377105 
0.032125 954.752390323 
0.03225 954.752403593 
0.032375 954.752416914 
0.0325 954.752430287 
0.032625 954.75244371 
0.03275 954.752457184 
0.032875 954.752470709 
0.033 954.752484286 
0.033125 954.752497913 
0.03325 954.752511592 
0.033375 954.752525322 
0.0335 954.752539102 
0.033625 954.752552934 
0.03375 954.752566817 
0.033875 954.752580751 
0.034 954.752594735 
0.034125 954.752608771 
0.03425 954.752622858 
0.034375 954.752636996 
0.0345 954.752651185 
0.034625 954.752665424 
0.03475 954.752679715 
0.034875 954.752694057 
0.035 954.75270845 
0.035125 954.752722894 
0.03525 954.752737388 
0.035375 954.752751934 
0.0355 954.752766531 
0.035625 954.752781179 
0.03575 954.752795877 
0.035875 954.752810627 
0.036 954.752825427 
0.036125 954.752840278 
0.03625 954.752855181 
0.036375 954.752870134 
0.0365 954.752885138 
0.036625 954.752900193 
0.03675 954.752915299 
0.036875 954.752930456 
0.037 954.752945664 
0.037125 954.752960922 
0.03725 954.752976232 
0.037375 954.752991592 
0.0375 954.753007004 
0.037625 954.753022466 
0.03775 954.753037979 
0.037875 954.753053543 
0.038 954.753069157 
0.038125 954.753084823 
0.03825 954.753100539 
0.038375 954.753116306 
0.0385 954.753132124 
0.038625 954.753147993 
0.03875 954.753163913 
0.038875 954.753179883 
0.039 954.753195904 
0.039125 954.753211976 
0.03925 954.753228099 
0.039375 954.753244273 
0.0395 954.753260497 
0.039625 954.753276772 
0.03975 954.753293098 
0.039875 954.753309474 
0.04 954.753325902 
0.040125 954.75334238 
0.04025 954.753358909 
0.040375 954.753375488 
0.0405 954.753392118 
0.040625 954.753408799 
0.04075 954.753425531 
0.040875 954.753442313 
0.041 954.753459147 
0.041125 954.75347603 
0.04125 954.753492965 
0.041375 954.75350995 
0.0415 954.753526986 
0.041625 954.753544072 
0.04175 954.753561209 
0.041875 954.753578397 
0.042 954.753595635 
0.042125 954.753612924 
0.04225 954.753630264 
0.042375 954.753647654 
0.0425 954.753665095 
0.042625 954.753682587 
0.04275 954.753700129 
0.042875 954.753717722 
0.043 954.753735365 
0.043125 954.753753059 
0.04325 954.753770803 
0.043375 954.753788598 
0.0435 954.753806444 
0.043625 954.75382434 
0.04375 954.753842287 
0.043875 954.753860284 
0.044 954.753878332 
0.044125 954.75389643 
0.04425 954.753914579 
0.044375 954.753932778 
0.0445 954.753951028 
0.044625 954.753969329 
0.04475 954.753987679 
0.044875 954.754006081 
0.045 954.754024533 
0.045125 954.754043035 
0.04525 954.754061588 
0.045375 954.754080191 
0.0455 954.754098844 
0.045625 954.754117548 
0.04575 954.754136303 
0.045875 954.754155108 
0.046 954.754173963 
0.046125 954.754192869 
0.04625 954.754211825 
0.046375 954.754230832 
0.0465 954.754249889 
0.046625 954.754268996 
0.04675 954.754288154 
0.046875 954.754307362 
0.047 954.754326621 
0.047125 954.75434593 
0.04725 954.754365289 
0.047375 954.754384698 
0.0475 954.754404158 
0.047625 954.754423668 
0.04775 954.754443229 
0.047875 954.75446284 
0.048 954.754482501 
0.048125 954.754502212 
0.04825 954.754521974 
0.048375 954.754541786 
0.0485 954.754561648 
0.048625 954.754581561 
0.04875 954.754601524 
0.048875 954.754621537 
0.049 954.7546416 
0.049125 954.754661713 
0.04925 954.754681877 
0.049375 954.754702091 
0.0495 954.754722355 
0.049625 954.75474267 
0.04975 954.754763034 
0.049875 954.754783449 
0.05 954.754803914 
0.050125 954.754824429 
0.05025 954.754844994 
0.050375 954.75486561 
0.0505 954.754886276 
0.050625 954.754906991 
0.05075 954.754927757 
0.050875 954.754948573 
0.051 954.754969439 
0.051125 954.754990356 
0.05125 954.755011322 
0.051375 954.755032338 
0.0515 954.755053405 
0.051625 954.755074521 
0.05175 954.755095688 
0.051875 954.755116905 
0.052 954.755138172 
0.052125 954.755159488 
0.05225 954.755180855 
0.052375 954.755202272 
0.0525 954.755223739 
0.052625 954.755245256 
0.05275 954.755266823 
0.052875 954.75528844 
0.053 954.755310107 
0.053125 954.755331824 
0.05325 954.75535359 
0.053375 954.755375407 
0.0535 954.755397274 
0.053625 954.755419191 
0.05375 954.755441157 
0.053875 954.755463174 
0.054 954.755485241 
0.054125 954.755507357 
0.05425 954.755529523 
0.054375 954.755551739 
0.0545 954.755574006 
0.054625 954.755596322 
0.05475 954.755618687 
0.054875 954.755641103 
0.055 954.755663569 
0.055125 954.755686084 
0.05525 954.755708649 
0.055375 954.755731264 
0.0555 954.755753929 
0.055625 954.755776644 
0.05575 954.755799409 
0.055875 954.755822223 
0.056 954.755845087 
0.056125 954.755868001 
0.05625 954.755890964 
0.056375 954.755913978 
0.0565 954.755937041 
0.056625 954.755960154 
0.05675 954.755983316 
0.056875 954.756006529 
0.057 954.756029791 
0.057125 954.756053103 
0.05725 954.756076464 
0.057375 954.756099875 
0.0575 954.756123336 
0.057625 954.756146846 
0.05775 954.756170406 
0.057875 954.756194016 
0.058 954.756217676 
0.058125 954.756241385 
0.05825 954.756265143 
0.058375 954.756288952 
0.0585 954.75631281 
0.058625 954.756336717 
0.05875 954.756360674 
0.058875 954.756384681 
0.059 954.756408737 
0.059125 954.756432843 
0.05925 954.756456998 
0.059375 954.756481203 
0.0595 954.756505457 
0.059625 954.756529761 
0.05975 954.756554115 
0.059875 954.756578518 
0.06 954.75660297 
0.060125 954.756627472 
0.06025 954.756652023 
0.060375 954.756676624 
0.0605 954.756701275 
0.060625 954.756725974 
0.06075 954.756750724 
0.060875 954.756775522 
0.061 954.75680037 
0.061125 954.756825268 
0.06125 954.756850215 
0.061375 954.756875211 
0.0615 954.756900257 
0.061625 954.756925352 
0.06175 954.756950496 
0.061875 954.75697569 
0.062 954.757000933 
0.062125 954.757026225 
0.06225 954.757051567 
0.062375 954.757076958 
0.0625 954.757102398 
0.062625 954.757127888 
0.06275 954.757153427 
0.062875 954.757179015 
0.063 954.757204652 
0.063125 954.757230339 
0.06325 954.757256075 
0.063375 954.75728186 
0.0635 954.757307695 
0.063625 954.757333578 
0.06375 954.757359511 
0.063875 954.757385493 
0.064 954.757411524 
0.064125 954.757437605 
0.06425 954.757463734 
0.064375 954.757489913 
0.0645 954.757516141 
0.064625 954.757542418 
0.06475 954.757568744 
0.064875 954.757595119 
0.065 954.757621544 
0.065125 954.757648017 
0.06525 954.75767454 
0.065375 954.757701111 
0.0655 954.757727732 
0.065625 954.757754402 
0.06575 954.75778112 
0.065875 954.757807888 
0.066 954.757834705 
0.066125 954.757861571 
0.06625 954.757888486 
0.066375 954.757915449 
0.0665 954.757942462 
0.066625 954.757969524 
0.06675 954.757996635 
0.066875 954.758023795 
0.067 954.758051003 
0.067125 954.758078261 
0.06725 954.758105567 
0.067375 954.758132923 
0.0675 954.758160327 
0.067625 954.75818778 
0.06775 954.758215282 
0.067875 954.758242833 
0.068 954.758270433 
0.068125 954.758298082 
0.06825 954.758325779 
0.068375 954.758353526 
0.0685 954.758381321 
0.068625 954.758409165 
0.06875 954.758437057 
0.068875 954.758464999 
0.069 954.758492989 
0.069125 954.758521028 
0.06925 954.758549116 
0.069375 954.758577253 
0.0695 954.758605438 
0.069625 954.758633672 
0.06975 954.758661955 
0.069875 954.758690286 
0.07 954.758718666 
0.070125 954.758747095 
0.07025 954.758775572 
0.070375 954.758804099 
0.0705 954.758832673 
0.070625 954.758861297 
0.07075 954.758889969 
0.070875 954.758918689 
0.071 954.758947458 
0.071125 954.758976276 
0.07125 954.759005143 
0.071375 954.759034058 
0.0715 954.759063021 
0.071625 954.759092033 
0.07175 954.759121094 
0.071875 954.759150203 
0.072 954.75917936 
0.072125 954.759208567 
0.07225 954.759237821 
0.072375 954.759267124 
0.0725 954.759296476 
0.072625 954.759325876 
0.07275 954.759355324 
0.072875 954.759384821 
0.073 954.759414367 
0.073125 954.75944396 
0.07325 954.759473602 
0.073375 954.759503293 
0.0735 954.759533032 
0.073625 954.759562819 
0.07375 954.759592655 
0.073875 954.759622539 
0.074 954.759652471 
0.074125 954.759682451 
0.07425 954.75971248 
0.074375 954.759742558 
0.0745 954.759772683 
0.074625 954.759802857 
0.07475 954.759833079 
0.074875 954.759863349 
0.075 954.759893668 
0.075125 954.759924034 
0.07525 954.759954449 
0.075375 954.759984913 
0.0755 954.760015424 
0.075625 954.760045984 
0.07575 954.760076591 
0.075875 954.760107247 
0.076 954.760137951 
0.076125 954.760168703 
0.07625 954.760199504 
0.076375 954.760230352 
0.0765 954.760261249 
0.076625 954.760292193 
0.07675 954.760323186 
0.076875 954.760354227 
0.077 954.760385315 
0.077125 954.760416452 
0.07725 954.760447637 
0.077375 954.76047887 
0.0775 954.760510151 
0.077625 954.76054148 
0.07775 954.760572856 
0.077875 954.760604281 
0.078 954.760635754 
0.078125 954.760667275 
0.07825 954.760698843 
0.078375 954.76073046 
0.0785 954.760762125 
0.078625 954.760793837 
0.07875 954.760825597 
0.078875 954.760857405 
0.079 954.760889261 
0.079125 954.760921165 
0.07925 954.760953117 
0.079375 954.760985116 
0.0795 954.761017164 
0.079625 954.761049259 
0.07975 954.761081402 
0.079875 954.761113592 
0.08 954.761145831 
0.080125 954.761178117 
0.08025 954.761210451 
0.080375 954.761242833 
0.0805 954.761275262 
0.080625 954.761307739 
0.08075 954.761340264 
0.080875 954.761372836 
0.081 954.761405457 
0.081125 954.761438124 
0.08125 954.76147084 
0.081375 954.761503603 
0.0815 954.761536413 
0.081625 954.761569272 
0.08175 954.761602178 
0.081875 954.761635131 
0.082 954.761668132 
0.082125 954.76170118 
0.08225 954.761734277 
0.082375 954.76176742 
0.0825 954.761800611 
0.082625 954.76183385 
0.08275 954.761867136 
0.082875 954.76190047 
0.083 954.761933851 
0.083125 954.761967279 
0.08325 954.762000755 
0.083375 954.762034279 
0.0835 954.762067849 
0.083625 954.762101467 
0.08375 954.762135133 
0.083875 954.762168846 
0.084 954.762202606 
0.084125 954.762236414 
0.08425 954.762270269 
0.084375 954.762304171 
0.0845 954.762338121 
0.084625 954.762372118 
0.08475 954.762406162 
0.084875 954.762440253 
0.085 954.762474392 
0.085125 954.762508578 
0.08525 954.762542811 
0.085375 954.762577092 
0.0855 954.762611419 
0.085625 954.762645794 
0.08575 954.762680216 
0.085875 954.762714685 
0.086 954.762749202 
0.086125 954.762783765 
0.08625 954.762818376 
0.086375 954.762853034 
0.0865 954.762887738 
0.086625 954.76292249 
0.08675 954.762957289 
0.086875 954.762992135 
0.087 954.763027028 
0.087125 954.763061969 
0.08725 954.763096956 
0.087375 954.76313199 
0.0875 954.763167071 
0.087625 954.763202199 
0.08775 954.763237374 
0.087875 954.763272596 
0.088 954.763307865 
0.088125 954.763343181 
0.08825 954.763378544 
0.088375 954.763413954 
0.0885 954.76344941 
0.088625 954.763484914 
0.08875 954.763520464 
0.088875 954.763556062 
0.089 954.763591706 
0.089125 954.763627396 
0.08925 954.763663134 
0.089375 954.763698919 
0.0895 954.76373475 
0.089625 954.763770628 
0.08975 954.763806553 
0.089875 954.763842524 
0.09 954.763878542 
0.090125 954.763914607 
0.09025 954.763950719 
0.090375 954.763986877 
0.0905 954.764023082 
0.090625 954.764059334 
0.09075 954.764095632 
0.090875 954.764131977 
0.091 954.764168369 
0.091125 954.764204807 
0.09125 954.764241292 
0.091375 954.764277823 
0.0915 954.764314401 
0.091625 954.764351025 
0.09175 954.764387696 
0.091875 954.764424413 
0.092 954.764461177 
0.092125 954.764497988 
0.09225 954.764534845 
0.092375 954.764571748 
0.0925 954.764608698 
0.092625 954.764645694 
0.09275 954.764682737 
0.092875 954.764719826 
0.093 954.764756962 
0.093125 954.764794143 
0.09325 954.764831372 
0.093375 954.764868646 
0.0935 954.764905967 
0.093625 954.764943334 
0.09375 954.764980748 
0.093875 954.765018208 
0.094 954.765055714 
0.094125 954.765093266 
0.09425 954.765130865 
0.094375 954.76516851 
0.0945 954.765206201 
0.094625 954.765243938 
0.09475 954.765281722 
0.094875 954.765319551 
0.095 954.765357427 
0.095125 954.765395349 
0.09525 954.765433317 
0.095375 954.765471331 
0.0955 954.765509392 
0.095625 954.765547498 
0.09575 954.765585651 
0.095875 954.765623849 
0.096 954.765662094 
0.096125 954.765700384 
0.09625 954.765738721 
0.096375 954.765777104 
0.0965 954.765815532 
0.096625 954.765854007 
0.09675 954.765892528 
0.096875 954.765931094 
0.097 954.765969707 
0.097125 954.766008365 
0.09725 954.766047069 
0.097375 954.766085819 
0.0975 954.766124615 
0.097625 954.766163457 
0.09775 954.766202345 
0.097875 954.766241279 
0.098 954.766280258 
0.098125 954.766319283 
0.09825 954.766358354 
0.098375 954.766397471 
0.0985 954.766436634 
0.098625 954.766475842 
0.09875 954.766515096 
0.098875 954.766554395 
0.099 954.766593741 
0.099125 954.766633132 
0.09925 954.766672569 
0.099375 954.766712051 
0.0995 954.766751579 
0.099625 954.766791153 
0.09975 954.766830772 
0.099875 954.766870437 
0.1 954.766910147 
0.100125 954.766949903 
0.10025 954.766989705 
0.100375 954.767029552 
0.1005 954.767069444 
0.100625 954.767109382 
0.10075 954.767149366 
0.100875 954.767189395 
0.101 954.767229469 
0.101125 954.767269589 
0.10125 954.767309754 
0.101375 954.767349965 
0.1015 954.767390221 
0.101625 954.767430523 
0.10175 954.76747087 
0.101875 954.767511262 
0.102 954.767551699 
0.102125 954.767592182 
0.10225 954.76763271 
0.102375 954.767673284 
0.1025 954.767713903 
0.102625 954.767754567 
0.10275 954.767795276 
0.102875 954.76783603 
0.103 954.76787683 
0.103125 954.767917675 
0.10325 954.767958565 
0.103375 954.7679995 
0.1035 954.76804048 
0.103625 954.768081506 
0.10375 954.768122576 
0.103875 954.768163692 
0.104 954.768204853 
0.104125 954.768246059 
0.10425 954.76828731 
0.104375 954.768328605 
0.1045 954.768369946 
0.104625 954.768411332 
0.10475 954.768452763 
0.104875 954.768494239 
0.105 954.76853576 
0.105125 954.768577326 
0.10525 954.768618937 
0.105375 954.768660592 
0.1055 954.768702293 
0.105625 954.768744038 
0.10575 954.768785829 
0.105875 954.768827664 
0.106 954.768869544 
0.106125 954.768911469 
0.10625 954.768953438 
0.106375 954.768995453 
0.1065 954.769037512 
0.106625 954.769079616 
0.10675 954.769121765 
0.106875 954.769163958 
0.107 954.769206196 
0.107125 954.769248479 
0.10725 954.769290806 
0.107375 954.769333178 
0.1075 954.769375595 
0.107625 954.769418057 
0.10775 954.769460563 
0.107875 954.769503113 
0.108 954.769545708 
0.108125 954.769588348 
0.10825 954.769631032 
0.108375 954.769673761 
0.1085 954.769716535 
0.108625 954.769759352 
0.10875 954.769802215 
0.108875 954.769845122 
0.109 954.769888073 
0.109125 954.769931068 
0.10925 954.769974108 
0.109375 954.770017193 
0.1095 954.770060322 
0.109625 954.770103495 
0.10975 954.770146713 
0.109875 954.770189974 
0.11 954.770233281 
0.110125 954.770276631 
0.11025 954.770320026 
0.110375 954.770363465 
0.1105 954.770406948 
0.110625 954.770450476 
0.11075 954.770494048 
0.110875 954.770537664 
0.111 954.770581324 
0.111125 954.770625028 
0.11125 954.770668777 
0.111375 954.770712569 
0.1115 954.770756406 
0.111625 954.770800287 
0.11175 954.770844212 
0.111875 954.770888181 
0.112 954.770932194 
0.112125 954.770976251 
0.11225 954.771020352 
0.112375 954.771064498 
0.1125 954.771108687 
0.112625 954.77115292 
0.11275 954.771197197 
0.112875 954.771241518 
0.113 954.771285883 
0.113125 954.771330292 
0.11325 954.771374744 
0.113375 954.771419241 
0.1135 954.771463781 
0.113625 954.771508366 
0.11375 954.771552994 
0.113875 954.771597666 
0.114 954.771642381 
0.114125 954.771687141 
0.11425 954.771731944 
0.114375 954.771776791 
0.1145 954.771821681 
0.114625 954.771866616 
0.11475 954.771911594 
0.114875 954.771956616 
0.115 954.772001681 
0.115125 954.77204679 
0.11525 954.772091942 
0.115375 954.772137139 
0.1155 954.772182378 
0.115625 954.772227662 
0.11575 954.772272989 
0.115875 954.772318359 
0.116 954.772363773 
0.116125 954.772409231 
0.11625 954.772454731 
0.116375 954.772500276 
0.1165 954.772545864 
0.116625 954.772591495 
0.11675 954.77263717 
0.116875 954.772682888 
0.117 954.772728649 
0.117125 954.772774454 
0.11725 954.772820302 
0.117375 954.772866194 
0.1175 954.772912128 
0.117625 954.772958106 
0.11775 954.773004128 
0.117875 954.773050192 
0.118 954.7730963 
0.118125 954.773142451 
0.11825 954.773188645 
0.118375 954.773234883 
0.1185 954.773281164 
0.118625 954.773327487 
0.11875 954.773373854 
0.118875 954.773420264 
0.119 954.773466717 
0.119125 954.773513213 
0.11925 954.773559753 
0.119375 954.773606335 
0.1195 954.77365296 
0.119625 954.773699629 
0.11975 954.77374634 
0.119875 954.773793094 
0.12 954.773839892 
0.120125 954.773886732 
0.12025 954.773933615 
0.120375 954.773980541 
0.1205 954.77402751 
0.120625 954.774074522 
0.12075 954.774121576 
0.120875 954.774168674 
0.121 954.774215814 
0.121125 954.774262997 
0.12125 954.774310223 
0.121375 954.774357492 
0.1215 954.774404803 
0.121625 954.774452157 
0.12175 954.774499554 
0.121875 954.774546993 
0.122 954.774594476 
0.122125 954.774642 
0.12225 954.774689568 
0.122375 954.774737178 
0.1225 954.774784831 
0.122625 954.774832526 
0.12275 954.774880264 
0.122875 954.774928044 
0.123 954.774975867 
0.123125 954.775023733 
0.12325 954.77507164 
0.123375 954.775119591 
0.1235 954.775167584 
0.123625 954.775215619 
0.12375 954.775263697 
0.123875 954.775311817 
0.124 954.775359979 
0.124125 954.775408184 
0.12425 954.775456431 
0.124375 954.775504721 
0.1245 954.775553053 
0.124625 954.775601427 
0.12475 954.775649844 
0.124875 954.775698302 
0.125 954.775746803 
0.125125 954.775795346 
0.12525 954.775843932 
0.125375 954.775892559 
0.1255 954.775941229 
0.125625 954.775989941 
0.12575 954.776038695 
0.125875 954.776087491 
0.126 954.776136329 
0.126125 954.776185209 
0.12625 954.776234132 
0.126375 954.776283096 
0.1265 954.776332103 
0.126625 954.776381151 
0.12675 954.776430241 
0.126875 954.776479374 
0.127 954.776528548 
0.127125 954.776577764 
0.12725 954.776627022 
0.127375 954.776676322 
0.1275 954.776725664 
0.127625 954.776775048 
0.12775 954.776824473 
0.127875 954.776873941 
0.128 954.77692345 
0.128125 954.776973001 
0.12825 954.777022594 
0.128375 954.777072228 
0.1285 954.777121904 
0.128625 954.777171622 
0.12875 954.777221382 
0.128875 954.777271183 
0.129 954.777321026 
0.129125 954.777370911 
0.12925 954.777420837 
0.129375 954.777470804 
0.1295 954.777520814 
0.129625 954.777570865 
0.12975 954.777620957 
0.129875 954.777671091 
0.13 954.777721266 
0.130125 954.777771483 
0.13025 954.777821741 
0.130375 954.777872041 
0.1305 954.777922382 
0.130625 954.777972765 
0.13075 954.778023189 
0.130875 954.778073654 
0.131 954.778124161 
0.131125 954.778174709 
0.13125 954.778225299 
0.131375 954.778275929 
0.1315 954.778326601 
0.131625 954.778377314 
0.13175 954.778428069 
0.131875 954.778478864 
0.132 954.778529701 
0.132125 954.778580579 
0.13225 954.778631498 
0.132375 954.778682458 
0.1325 954.77873346 
0.132625 954.778784502 
0.13275 954.778835586 
0.132875 954.77888671 
0.133 954.778937876 
0.133125 954.778989083 
0.13325 954.779040331 
0.133375 954.779091619 
0.1335 954.779142949 
0.133625 954.779194319 
0.13375 954.779245731 
0.133875 954.779297183 
0.134 954.779348677 
0.134125 954.779400211 
0.13425 954.779451786 
0.134375 954.779503402 
0.1345 954.779555058 
0.134625 954.779606756 
0.13475 954.779658494 
0.134875 954.779710273 
0.135 954.779762093 
0.135125 954.779813953 
0.13525 954.779865854 
0.135375 954.779917796 
0.1355 954.779969778 
0.135625 954.780021802 
0.13575 954.780073865 
0.135875 954.78012597 
0.136 954.780178114 
0.136125 954.7802303 
0.13625 954.780282526 
0.136375 954.780334792 
0.1365 954.780387099 
0.136625 954.780439447 
0.13675 954.780491835 
0.136875 954.780544263 
0.137 954.780596732 
0.137125 954.780649241 
0.13725 954.78070179 
0.137375 954.78075438 
0.1375 954.780807011 
0.137625 954.780859681 
0.13775 954.780912392 
0.137875 954.780965143 
0.138 954.781017935 
0.138125 954.781070766 
0.13825 954.781123638 
0.138375 954.78117655 
0.1385 954.781229502 
0.138625 954.781282495 
0.13875 954.781335527 
0.138875 954.7813886 
0.139 954.781441713 
0.139125 954.781494866 
0.13925 954.781548059 
0.139375 954.781601292 
0.1395 954.781654565 
0.139625 954.781707878 
0.13975 954.781761231 
0.139875 954.781814624 
0.14 954.781868056 
0.140125 954.781921529 
0.14025 954.781975042 
0.140375 954.782028595 
0.1405 954.782082187 
0.140625 954.782135819 
0.14075 954.782189492 
0.140875 954.782243203 
0.141 954.782296955 
0.141125 954.782350747 
0.14125 954.782404578 
0.141375 954.782458449 
0.1415 954.78251236 
0.141625 954.78256631 
0.14175 954.7826203 
0.141875 954.782674329 
0.142 954.782728399 
0.142125 954.782782508 
0.14225 954.782836656 
0.142375 954.782890844 
0.1425 954.782945072 
0.142625 954.782999339 
0.14275 954.783053645 
0.142875 954.783107991 
0.143 954.783162377 
0.143125 954.783216802 
0.14325 954.783271266 
0.143375 954.78332577 
0.1435 954.783380313 
0.143625 954.783434895 
0.14375 954.783489517 
0.143875 954.783544178 
0.144 954.783598879 
0.144125 954.783653619 
0.14425 954.783708398 
0.144375 954.783763216 
0.1445 954.783818073 
0.144625 954.78387297 
0.14475 954.783927906 
0.144875 954.783982881 
0.145 954.784037895 
0.145125 954.784092948 
0.14525 954.78414804 
0.145375 954.784203171 
0.1455 954.784258342 
0.145625 954.784313551 
0.14575 954.7843688 
0.145875 954.784424087 
0.146 954.784479413 
0.146125 954.784534779 
0.14625 954.784590183 
0.146375 954.784645626 
0.1465 954.784701108 
0.146625 954.784756629 
0.14675 954.784812189 
0.146875 954.784867788 
0.147 954.784923425 
0.147125 954.784979101 
0.14725 954.785034816 
0.147375 954.78509057 
0.1475 954.785146362 
0.147625 954.785202193 
0.14775 954.785258063 
0.147875 954.785313971 
0.148 954.785369918 
0.148125 954.785425904 
0.14825 954.785481928 
0.148375 954.785537991 
0.1485 954.785594092 
0.148625 954.785650232 
0.14875 954.785706411 
0.148875 954.785762628 
0.149 954.785818883 
0.149125 954.785875177 
0.14925 954.785931509 
0.149375 954.78598788 
0.1495 954.786044289 
0.149625 954.786100736 
0.14975 954.786157222 
0.149875 954.786213746 
0.15 954.786270308 
0.150125 954.786326909 
0.15025 954.786383548 
0.150375 954.786440225 
0.1505 954.78649694 
0.150625 954.786553694 
0.15075 954.786610485 
0.150875 954.786667315 
0.151 954.786724183 
0.151125 954.786781089 
0.15125 954.786838034 
0.151375 954.786895016 
0.1515 954.786952036 
0.151625 954.787009094 
0.15175 954.787066191 
0.151875 954.787123325 
0.152 954.787180497 
0.152125 954.787237707 
0.15225 954.787294956 
0.152375 954.787352242 
0.1525 954.787409565 
0.152625 954.787466927 
0.15275 954.787524327 
0.152875 954.787581764 
0.153 954.787639239 
0.153125 954.787696752 
0.15325 954.787754303 
0.153375 954.787811891 
0.1535 954.787869517 
0.153625 954.787927181 
0.15375 954.787984883 
0.153875 954.788042622 
0.154 954.788100398 
0.154125 954.788158213 
0.15425 954.788216065 
0.154375 954.788273954 
0.1545 954.788331881 
0.154625 954.788389846 
0.15475 954.788447847 
0.154875 954.788505887 
0.155 954.788563964 
0.155125 954.788622078 
0.15525 954.78868023 
0.155375 954.788738419 
0.1555 954.788796645 
0.155625 954.788854909 
0.15575 954.78891321 
0.155875 954.788971548 
0.156 954.789029924 
0.156125 954.789088337 
0.15625 954.789146787 
0.156375 954.789205274 
0.1565 954.789263799 
0.156625 954.789322361 
0.15675 954.789380959 
0.156875 954.789439595 
0.157 954.789498268 
0.157125 954.789556979 
0.15725 954.789615726 
0.157375 954.78967451 
0.1575 954.789733331 
0.157625 954.789792189 
0.15775 954.789851084 
0.157875 954.789910017 
0.158 954.789968986 
0.158125 954.790027991 
0.15825 954.790087034 
0.158375 954.790146114 
0.1585 954.79020523 
0.158625 954.790264384 
0.15875 954.790323574 
0.158875 954.790382801 
0.159 954.790442064 
0.159125 954.790501365 
0.15925 954.790560702 
0.159375 954.790620075 
0.1595 954.790679486 
0.159625 954.790738933 
0.15975 954.790798416 
0.159875 954.790857937 
0.16 954.790917493 
0.160125 954.790977087 
0.16025 954.791036717 
0.160375 954.791096383 
0.1605 954.791156086 
0.160625 954.791215825 
0.16075 954.791275601 
0.160875 954.791335413 
0.161 954.791395262 
0.161125 954.791455146 
0.16125 954.791515068 
0.161375 954.791575025 
0.1615 954.791635019 
0.161625 954.791695049 
0.16175 954.791755116 
0.161875 954.791815218 
0.162 954.791875357 
0.162125 954.791935532 
0.16225 954.791995744 
0.162375 954.792055991 
0.1625 954.792116275 
0.162625 954.792176594 
0.16275 954.79223695 
0.162875 954.792297342 
0.163 954.792357769 
0.163125 954.792418233 
0.16325 954.792478733 
0.163375 954.792539269 
0.1635 954.792599841 
0.163625 954.792660448 
0.16375 954.792721092 
0.163875 954.792781771 
0.164 954.792842486 
0.164125 954.792903237 
0.16425 954.792964024 
0.164375 954.793024847 
0.1645 954.793085706 
0.164625 954.7931466 
0.16475 954.79320753 
0.164875 954.793268495 
0.165 954.793329497 
0.165125 954.793390534 
0.16525 954.793451606 
0.165375 954.793512714 
0.1655 954.793573858 
0.165625 954.793635037 
0.16575 954.793696252 
0.165875 954.793757503 
0.166 954.793818789 
0.166125 954.79388011 
0.16625 954.793941467 
0.166375 954.794002859 
0.1665 954.794064287 
0.166625 954.79412575 
0.16675 954.794187248 
0.166875 954.794248782 
0.167 954.794310351 
0.167125 954.794371955 
0.16725 954.794433595 
0.167375 954.794495269 
0.1675 954.794556979 
0.167625 954.794618725 
0.16775 954.794680505 
0.167875 954.794742321 
0.168 954.794804171 
0.168125 954.794866057 
0.16825 954.794927978 
0.168375 954.794989934 
0.1685 954.795051925 
0.168625 954.795113951 
0.16875 954.795176012 
0.168875 954.795238108 
0.169 954.795300239 
0.169125 954.795362404 
0.16925 954.795424605 
0.169375 954.795486841 
0.1695 954.795549111 
0.169625 954.795611416 
0.16975 954.795673756 
0.169875 954.795736131 
0.17 954.795798541 
0.170125 954.795860985 
0.17025 954.795923464 
0.170375 954.795985978 
0.1705 954.796048527 
0.170625 954.79611111 
0.17075 954.796173727 
0.170875 954.79623638 
0.171 954.796299067 
0.171125 954.796361788 
0.17125 954.796424544 
0.171375 954.796487334 
0.1715 954.796550159 
0.171625 954.796613019 
0.17175 954.796675913 
0.171875 954.796738841 
0.172 954.796801803 
0.172125 954.7968648 
0.17225 954.796927832 
0.172375 954.796990898 
0.1725 954.797053998 
0.172625 954.797117132 
0.17275 954.7971803 
0.172875 954.797243503 
0.173 954.79730674 
0.173125 954.797370011 
0.17325 954.797433316 
0.173375 954.797496656 
0.1735 954.797560029 
0.173625 954.797623437 
0.17375 954.797686878 
0.173875 954.797750354 
0.174 954.797813864 
0.174125 954.797877408 
0.17425 954.797940985 
0.174375 954.798004597 
0.1745 954.798068242 
0.174625 954.798131922 
0.17475 954.798195635 
0.174875 954.798259382 
0.175 954.798323163 
0.175125 954.798386978 
0.17525 954.798450827 
0.175375 954.798514709 
0.1755 954.798578625 
0.175625 954.798642575 
0.17575 954.798706559 
0.175875 954.798770576 
0.176 954.798834626 
0.176125 954.798898711 
0.17625 954.798962829 
0.176375 954.79902698 
0.1765 954.799091166 
0.176625 954.799155384 
0.17675 954.799219636 
0.176875 954.799283922 
0.177 954.799348241 
0.177125 954.799412593 
0.17725 954.799476979 
0.177375 954.799541399 
0.1775 954.799605851 
0.177625 954.799670337 
0.17775 954.799734856 
0.177875 954.799799409 
0.178 954.799863995 
0.178125 954.799928614 
0.17825 954.799993266 
0.178375 954.800057951 
0.1785 954.80012267 
0.178625 954.800187422 
0.17875 954.800252207 
0.178875 954.800317025 
0.179 954.800381876 
0.179125 954.80044676 
0.17925 954.800511677 
0.179375 954.800576627 
0.1795 954.80064161 
0.179625 954.800706626 
0.17975 954.800771675 
0.179875 954.800836757 
0.18 954.800901871 
0.180125 954.800967019 
0.18025 954.801032199 
0.180375 954.801097413 
0.1805 954.801162659 
0.180625 954.801227937 
0.18075 954.801293249 
0.180875 954.801358593 
0.181 954.80142397 
0.181125 954.801489379 
0.18125 954.801554822 
0.181375 954.801620296 
0.1815 954.801685804 
0.181625 954.801751344 
0.18175 954.801816916 
0.181875 954.801882521 
0.182 954.801948159 
0.182125 954.802013829 
0.18225 954.802079531 
0.182375 954.802145266 
0.1825 954.802211033 
0.182625 954.802276833 
0.18275 954.802342665 
0.182875 954.802408529 
0.183 954.802474426 
0.183125 954.802540354 
0.18325 954.802606316 
0.183375 954.802672309 
0.1835 954.802738334 
0.183625 954.802804392 
0.18375 954.802870482 
0.183875 954.802936604 
0.184 954.803002758 
0.184125 954.803068944 
0.18425 954.803135163 
0.184375 954.803201413 
0.1845 954.803267695 
0.184625 954.803334009 
0.18475 954.803400356 
0.184875 954.803466734 
0.185 954.803533144 
0.185125 954.803599586 
0.18525 954.80366606 
0.185375 954.803732565 
0.1855 954.803799103 
0.185625 954.803865672 
0.18575 954.803932273 
0.185875 954.803998906 
0.186 954.80406557 
0.186125 954.804132266 
0.18625 954.804198994 
0.186375 954.804265754 
0.1865 954.804332545 
0.186625 954.804399367 
0.18675 954.804466222 
0.186875 954.804533107 
0.187 954.804600025 
0.187125 954.804666974 
0.18725 954.804733954 
0.187375 954.804800966 
0.1875 954.804868009 
0.187625 954.804935083 
0.18775 954.805002189 
0.187875 954.805069326 
0.188 954.805136495 
0.188125 954.805203695 
0.18825 954.805270926 
0.188375 954.805338188 
0.1885 954.805405482 
0.188625 954.805472807 
0.18875 954.805540163 
0.188875 954.80560755 
0.189 954.805674968 
0.189125 954.805742418 
0.18925 954.805809898 
0.189375 954.80587741 
0.1895 954.805944952 
0.189625 954.806012526 
0.18975 954.80608013 
0.189875 954.806147766 
0.19 954.806215432 
0.190125 954.806283129 
0.19025 954.806350857 
0.190375 954.806418616 
0.1905 954.806486406 
0.190625 954.806554227 
0.19075 954.806622078 
0.190875 954.80668996 
0.191 954.806757873 
0.191125 954.806825817 
0.19125 954.806893791 
0.191375 954.806961796 
0.1915 954.807029832 
0.191625 954.807097898 
0.19175 954.807165995 
0.191875 954.807234122 
0.192 954.80730228 
0.192125 954.807370468 
0.19225 954.807438687 
0.192375 954.807506936 
0.1925 954.807575216 
0.192625 954.807643526 
0.19275 954.807711866 
0.192875 954.807780237 
0.193 954.807848638 
0.193125 954.80791707 
0.19325 954.807985532 
0.193375 954.808054024 
0.1935 954.808122546 
0.193625 954.808191098 
0.19375 954.808259681 
0.193875 954.808328294 
0.194 954.808396937 
0.194125 954.80846561 
0.19425 954.808534313 
0.194375 954.808603046 
0.1945 954.808671809 
0.194625 954.808740602 
0.19475 954.808809425 
0.194875 954.808878278 
0.195 954.808947161 
0.195125 954.809016074 
0.19525 954.809085017 
0.195375 954.80915399 
0.1955 954.809222992 
0.195625 954.809292024 
0.19575 954.809361086 
0.195875 954.809430178 
0.196 954.8094993 
0.196125 954.809568451 
0.19625 954.809637632 
0.196375 954.809706842 
0.1965 954.809776083 
0.196625 954.809845352 
0.19675 954.809914652 
0.196875 954.809983981 
0.197 954.810053339 
0.197125 954.810122727 
0.19725 954.810192144 
0.197375 954.810261591 
0.1975 954.810331068 
0.197625 954.810400573 
0.19775 954.810470108 
0.197875 954.810539673 
0.198 954.810609266 
0.198125 954.810678889 
0.19825 954.810748542 
0.198375 954.810818223 
0.1985 954.810887934 
0.198625 954.810957674 
0.19875 954.811027443 
0.198875 954.811097241 
0.199 954.811167068 
0.199125 954.811236925 
0.19925 954.81130681 
0.199375 954.811376725 
0.1995 954.811446668 
0.199625 954.811516641 
0.19975 954.811586643 
0.199875 954.811656673 
0.2 954.811726732 
0.200125 954.811796821 
0.20025 954.811866938 
0.200375 954.811937084 
0.2005 954.812007258 
0.200625 954.812077462 
0.20075 954.812147694 
0.200875 954.812217955 
0.201 954.812288245 
0.201125 954.812358564 
0.20125 954.812428911 
0.201375 954.812499286 
0.2015 954.812569691 
0.201625 954.812640124 
0.20175 954.812710585 
0.201875 954.812781075 
0.202 954.812851594 
0.202125 954.812922141 
0.20225 954.812992716 
0.202375 954.81306332 
0.2025 954.813133952 
0.202625 954.813204613 
0.20275 954.813275302 
0.202875 954.813346019 
0.203 954.813416765 
0.203125 954.813487539 
0.20325 954.813558341 
0.203375 954.813629171 
0.2035 954.81370003 
0.203625 954.813770916 
0.20375 954.813841831 
0.203875 954.813912774 
0.204 954.813983745 
0.204125 954.814054744 
0.20425 954.814125771 
0.204375 954.814196827 
0.2045 954.81426791 
0.204625 954.814339021 
0.20475 954.81441016 
0.204875 954.814481327 
0.205 954.814552522 
0.205125 954.814623745 
0.20525 954.814694995 
0.205375 954.814766274 
0.2055 954.81483758 
0.205625 954.814908914 
0.20575 954.814980275 
0.205875 954.815051665 
0.206 954.815123082 
0.206125 954.815194526 
0.20625 954.815265998 
0.206375 954.815337498 
0.2065 954.815409026 
0.206625 954.815480581 
0.20675 954.815552163 
0.206875 954.815623773 
0.207 954.815695411 
0.207125 954.815767076 
0.20725 954.815838768 
0.207375 954.815910488 
0.2075 954.815982235 
0.207625 954.816054009 
0.20775 954.816125811 
0.207875 954.81619764 
0.208 954.816269497 
0.208125 954.81634138 
0.20825 954.816413291 
0.208375 954.816485229 
0.2085 954.816557194 
0.208625 954.816629186 
0.20875 954.816701205 
0.208875 954.816773252 
0.209 954.816845325 
0.209125 954.816917426 
0.20925 954.816989553 
0.209375 954.817061708 
0.2095 954.817133889 
0.209625 954.817206097 
0.20975 954.817278333 
0.209875 954.817350595 
0.21 954.817422884 
0.210125 954.8174952 
0.21025 954.817567542 
0.210375 954.817639911 
0.2105 954.817712307 
0.210625 954.81778473 
0.21075 954.81785718 
0.210875 954.817929656 
0.211 954.818002158 
0.211125 954.818074688 
0.21125 954.818147244 
0.211375 954.818219826 
0.2115 954.818292435 
0.211625 954.818365071 
0.21175 954.818437733 
0.211875 954.818510421 
0.212 954.818583136 
0.212125 954.818655877 
0.21225 954.818728645 
0.212375 954.818801439 
0.2125 954.818874259 
0.212625 954.818947106 
0.21275 954.819019979 
0.212875 954.819092878 
0.213 954.819165803 
0.213125 954.819238754 
0.21325 954.819311732 
0.213375 954.819384736 
0.2135 954.819457766 
0.213625 954.819530822 
0.21375 954.819603904 
0.213875 954.819677012 
0.214 954.819750146 
0.214125 954.819823306 
0.21425 954.819896492 
0.214375 954.819969703 
0.2145 954.820042941 
0.214625 954.820116205 
0.21475 954.820189494 
0.214875 954.82026281 
0.215 954.820336151 
0.215125 954.820409518 
0.21525 954.82048291 
0.215375 954.820556328 
0.2155 954.820629772 
0.215625 954.820703242 
0.21575 954.820776737 
0.215875 954.820850258 
0.216 954.820923805 
0.216125 954.820997377 
0.21625 954.821070974 
0.216375 954.821144597 
0.2165 954.821218245 
0.216625 954.821291919 
0.21675 954.821365619 
0.216875 954.821439343 
0.217 954.821513094 
0.217125 954.821586869 
0.21725 954.82166067 
0.217375 954.821734496 
0.2175 954.821808347 
0.217625 954.821882223 
0.21775 954.821956125 
0.217875 954.822030052 
0.218 954.822104004 
0.218125 954.822177981 
0.21825 954.822251983 
0.218375 954.822326011 
0.2185 954.822400063 
0.218625 954.82247414 
0.21875 954.822548243 
0.218875 954.82262237 
0.219 954.822696522 
0.219125 954.8227707 
0.21925 954.822844902 
0.219375 954.822919129 
0.2195 954.82299338 
0.219625 954.823067657 
0.21975 954.823141958 
0.219875 954.823216284 
0.22 954.823290635 
0.220125 954.82336501 
0.22025 954.823439411 
0.220375 954.823513835 
0.2205 954.823588285 
0.220625 954.823662759 
0.22075 954.823737257 
0.220875 954.82381178 
0.221 954.823886328 
0.221125 954.8239609 
0.22125 954.824035497 
0.221375 954.824110118 
0.2215 954.824184763 
0.221625 954.824259433 
0.22175 954.824334127 
0.221875 954.824408845 
0.222 954.824483588 
0.222125 954.824558355 
0.22225 954.824633146 
0.222375 954.824707961 
0.2225 954.824782801 
0.222625 954.824857665 
0.22275 954.824932553 
0.222875 954.825007465 
0.223 954.825082401 
0.223125 954.825157361 
0.22325 954.825232345 
0.223375 954.825307353 
0.2235 954.825382385 
0.223625 954.825457441 
0.22375 954.825532521 
0.223875 954.825607625 
0.224 954.825682753 
0.224125 954.825757904 
0.22425 954.82583308 
0.224375 954.825908279 
0.2245 954.825983502 
0.224625 954.826058748 
0.22475 954.826134019 
0.224875 954.826209313 
0.225 954.82628463 
0.225125 954.826359971 
0.22525 954.826435336 
0.225375 954.826510725 
0.2255 954.826586137 
0.225625 954.826661572 
0.22575 954.826737031 
0.225875 954.826812513 
0.226 954.826888019 
0.226125 954.826963548 
0.22625 954.827039101 
0.226375 954.827114677 
0.2265 954.827190276 
0.226625 954.827265899 
0.22675 954.827341544 
0.226875 954.827417213 
0.227 954.827492906 
0.227125 954.827568621 
0.22725 954.82764436 
0.227375 954.827720121 
0.2275 954.827795906 
0.227625 954.827871714 
0.22775 954.827947545 
0.227875 954.828023399 
0.228 954.828099276 
0.228125 954.828175176 
0.22825 954.828251099 
0.228375 954.828327044 
0.2285 954.828403013 
0.228625 954.828479005 
0.22875 954.828555019 
0.228875 954.828631056 
0.229 954.828707116 
0.229125 954.828783199 
0.22925 954.828859304 
0.229375 954.828935432 
0.2295 954.829011583 
0.229625 954.829087756 
0.22975 954.829163952 
0.229875 954.829240171 
0.23 954.829316412 
0.230125 954.829392676 
0.23025 954.829468962 
0.230375 954.82954527 
0.2305 954.829621602 
0.230625 954.829697955 
0.23075 954.829774331 
0.230875 954.829850729 
0.231 954.82992715 
0.231125 954.830003593 
0.23125 954.830080058 
0.231375 954.830156545 
0.2315 954.830233055 
0.231625 954.830309587 
0.23175 954.830386141 
0.231875 954.830462717 
0.232 954.830539316 
0.232125 954.830615936 
0.23225 954.830692578 
0.232375 954.830769243 
0.2325 954.830845929 
0.232625 954.830922638 
0.23275 954.830999368 
0.232875 954.831076121 
0.233 954.831152895 
0.233125 954.831229691 
0.23325 954.831306509 
0.233375 954.831383349 
0.2335 954.831460211 
0.233625 954.831537094 
0.23375 954.831613999 
0.233875 954.831690926 
0.234 954.831767875 
0.234125 954.831844845 
0.23425 954.831921836 
0.234375 954.83199885 
0.2345 954.832075885 
0.234625 954.832152941 
0.23475 954.832230019 
0.234875 954.832307119 
0.235 954.83238424 
0.235125 954.832461382 
0.23525 954.832538546 
0.235375 954.832615731 
0.2355 954.832692938 
0.235625 954.832770165 
0.23575 954.832847415 
0.235875 954.832924685 
0.236 954.833001977 
0.236125 954.833079289 
0.23625 954.833156623 
0.236375 954.833233979 
0.2365 954.833311355 
0.236625 954.833388752 
0.23675 954.833466171 
0.236875 954.83354361 
0.237 954.833621071 
0.237125 954.833698552 
0.23725 954.833776055 
0.237375 954.833853578 
0.2375 954.833931123 
0.237625 954.834008688 
0.23775 954.834086274 
0.237875 954.834163881 
0.238 954.834241509 
0.238125 954.834319157 
0.23825 954.834396826 
0.238375 954.834474516 
0.2385 954.834552227 
0.238625 954.834629958 
0.23875 954.83470771 
0.238875 954.834785483 
0.239 954.834863276 
0.239125 954.834941089 
0.23925 954.835018923 
0.239375 954.835096778 
0.2395 954.835174653 
0.239625 954.835252549 
0.23975 954.835330465 
0.239875 954.835408401 
0.24 954.835486358 
0.240125 954.835564335 
0.24025 954.835642332 
0.240375 954.83572035 
0.2405 954.835798387 
0.240625 954.835876445 
0.24075 954.835954524 
0.240875 954.836032622 
0.241 954.836110741 
0.241125 954.836188879 
0.24125 954.836267038 
0.241375 954.836345217 
0.2415 954.836423415 
0.241625 954.836501634 
0.24175 954.836579873 
0.241875 954.836658131 
0.242 954.83673641 
0.242125 954.836814708 
0.24225 954.836893027 
0.242375 954.836971365 
0.2425 954.837049723 
0.242625 954.837128101 
0.24275 954.837206498 
0.242875 954.837284915 
0.243 954.837363352 
0.243125 954.837441808 
0.24325 954.837520285 
0.243375 954.83759878 
0.2435 954.837677296 
0.243625 954.83775583 
0.24375 954.837834385 
0.243875 954.837912959 
0.244 954.837991552 
0.244125 954.838070165 
0.24425 954.838148797 
0.244375 954.838227448 
0.2445 954.838306119 
0.244625 954.83838481 
0.24475 954.838463519 
0.244875 954.838542248 
0.245 954.838620996 
0.245125 954.838699763 
0.24525 954.838778549 
0.245375 954.838857355 
0.2455 954.83893618 
0.245625 954.839015024 
0.24575 954.839093886 
0.245875 954.839172768 
0.246 954.839251669 
0.246125 954.839330589 
0.24625 954.839409528 
0.246375 954.839488486 
0.2465 954.839567463 
0.246625 954.839646458 
0.24675 954.839725473 
0.246875 954.839804506 
0.247 954.839883558 
0.247125 954.839962629 
0.24725 954.840041718 
0.247375 954.840120827 
0.2475 954.840199953 
0.247625 954.840279099 
0.24775 954.840358263 
0.247875 954.840437446 
0.248 954.840516647 
0.248125 954.840595867 
0.24825 954.840675106 
0.248375 954.840754363 
0.2485 954.840833638 
0.248625 954.840912932 
0.24875 954.840992244 
0.248875 954.841071575 
0.249 954.841150924 
0.249125 954.841230291 
0.24925 954.841309676 
0.249375 954.84138908 
0.2495 954.841468502 
0.249625 954.841547942 
0.24975 954.841627401 
0.249875 954.841706877 
0.25 954.841786372 
0.250125 954.841865885 
0.25025 954.841945415 
0.250375 954.842024964 
0.2505 954.842104531 
0.250625 954.842184116 
0.25075 954.842263719 
0.250875 954.842343339 
0.251 954.842422978 
0.251125 954.842502634 
0.25125 954.842582309 
0.251375 954.842662001 
0.2515 954.842741711 
0.251625 954.842821438 
0.25175 954.842901184 
0.251875 954.842980947 
0.252 954.843060727 
0.252125 954.843140526 
0.25225 954.843220342 
0.252375 954.843300175 
0.2525 954.843380026 
0.252625 954.843459895 
0.25275 954.843539781 
0.252875 954.843619685 
0.253 954.843699606 
0.253125 954.843779544 
0.25325 954.8438595 
0.253375 954.843939473 
0.2535 954.844019464 
0.253625 954.844099472 
0.25375 954.844179497 
0.253875 954.844259539 
0.254 954.844339599 
0.254125 954.844419675 
0.25425 954.844499769 
0.254375 954.84457988 
0.2545 954.844660008 
0.254625 954.844740154 
0.25475 954.844820316 
0.254875 954.844900495 
0.255 954.844980692 
0.255125 954.845060905 
0.25525 954.845141135 
0.255375 954.845221382 
0.2555 954.845301646 
0.255625 954.845381927 
0.25575 954.845462225 
0.255875 954.845542539 
0.256 954.84562287 
0.256125 954.845703218 
0.25625 954.845783583 
0.256375 954.845863964 
0.2565 954.845944362 
0.256625 954.846024777 
0.25675 954.846105208 
0.256875 954.846185656 
0.257 954.84626612 
0.257125 954.846346601 
0.25725 954.846427098 
0.257375 954.846507612 
0.2575 954.846588142 
0.257625 954.846668689 
0.25775 954.846749251 
0.257875 954.846829831 
0.258 954.846910426 
0.258125 954.846991038 
0.25825 954.847071666 
0.258375 954.847152311 
0.2585 954.847232971 
0.258625 954.847313648 
0.25875 954.847394341 
0.258875 954.84747505 
0.259 954.847555775 
0.259125 954.847636516 
0.25925 954.847717273 
0.259375 954.847798046 
0.2595 954.847878835 
0.259625 954.847959641 
0.25975 954.848040461 
0.259875 954.848121298 
0.26 954.848202151 
0.260125 954.84828302 
0.26025 954.848363904 
0.260375 954.848444804 
0.2605 954.84852572 
0.260625 954.848606652 
0.26075 954.848687599 
0.260875 954.848768562 
0.261 954.84884954 
0.261125 954.848930534 
0.26125 954.849011544 
0.261375 954.84909257 
0.2615 954.84917361 
0.261625 954.849254667 
0.26175 954.849335738 
0.261875 954.849416826 
0.262 954.849497928 
0.262125 954.849579046 
0.26225 954.849660179 
0.262375 954.849741328 
0.2625 954.849822492 
0.262625 954.849903671 
0.26275 954.849984866 
0.262875 954.850066075 
0.263 954.8501473 
0.263125 954.85022854 
0.26325 954.850309795 
0.263375 954.850391065 
0.2635 954.85047235 
0.263625 954.85055365 
0.26375 954.850634966 
0.263875 954.850716296 
0.264 954.850797641 
0.264125 954.850879001 
0.26425 954.850960376 
0.264375 954.851041766 
0.2645 954.851123171 
0.264625 954.85120459 
0.26475 954.851286024 
0.264875 954.851367473 
0.265 954.851448937 
0.265125 954.851530416 
0.26525 954.851611909 
0.265375 954.851693416 
0.2655 954.851774939 
0.265625 954.851856476 
0.26575 954.851938027 
0.265875 954.852019593 
0.266 954.852101174 
0.266125 954.852182768 
0.26625 954.852264378 
0.266375 954.852346002 
0.2665 954.85242764 
0.266625 954.852509292 
0.26675 954.852590959 
0.266875 954.85267264 
0.267 954.852754335 
0.267125 954.852836045 
0.26725 954.852917769 
0.267375 954.852999507 
0.2675 954.853081259 
0.267625 954.853163025 
0.26775 954.853244806 
0.267875 954.8533266 
0.268 954.853408409 
0.268125 954.853490231 
0.26825 954.853572067 
0.268375 954.853653918 
0.2685 954.853735782 
0.268625 954.85381766 
0.26875 954.853899552 
0.268875 954.853981458 
0.269 954.854063378 
0.269125 954.854145311 
0.26925 954.854227259 
0.269375 954.85430922 
0.2695 954.854391194 
0.269625 954.854473183 
0.26975 954.854555185 
0.269875 954.8546372 
0.27 954.854719229 
0.270125 954.854801272 
0.27025 954.854883328 
0.270375 954.854965398 
0.2705 954.855047481 
0.270625 954.855129578 
0.27075 954.855211688 
0.270875 954.855293811 
0.271 954.855375948 
0.271125 954.855458098 
0.27125 954.855540261 
0.271375 954.855622438 
0.2715 954.855704628 
0.271625 954.855786831 
0.27175 954.855869047 
0.271875 954.855951276 
0.272 954.856033519 
0.272125 954.856115774 
0.27225 954.856198043 
0.272375 954.856280325 
0.2725 954.856362619 
0.272625 954.856444927 
0.27275 954.856527248 
0.272875 954.856609581 
0.273 954.856691928 
0.273125 954.856774287 
0.27325 954.856856659 
0.273375 954.856939044 
0.2735 954.857021442 
0.273625 954.857103852 
0.27375 954.857186275 
0.273875 954.857268711 
0.274 954.85735116 
0.274125 954.857433621 
0.27425 954.857516095 
0.274375 954.857598581 
0.2745 954.85768108 
0.274625 954.857763591 
0.27475 954.857846115 
0.274875 954.857928652 
0.275 954.8580112 
0.275125 954.858093762 
0.27525 954.858176335 
0.275375 954.858258921 
0.2755 954.858341519 
0.275625 954.85842413 
0.27575 954.858506753 
0.275875 954.858589388 
0.276 954.858672035 
0.276125 954.858754694 
0.27625 954.858837366 
0.276375 954.85892005 
0.2765 954.859002745 
0.276625 954.859085453 
0.27675 954.859168173 
0.276875 954.859250905 
0.277 954.859333649 
0.277125 954.859416404 
0.27725 954.859499172 
0.277375 954.859581952 
0.2775 954.859664743 
0.277625 954.859747546 
0.27775 954.859830361 
0.277875 954.859913188 
0.278 954.859996027 
0.278125 954.860078877 
0.27825 954.860161739 
0.278375 954.860244613 
0.2785 954.860327498 
0.278625 954.860410395 
0.27875 954.860493303 
0.278875 954.860576224 
0.279 954.860659155 
0.279125 954.860742098 
0.27925 954.860825052 
0.279375 954.860908018 
0.2795 954.860990996 
0.279625 954.861073984 
0.27975 954.861156984 
0.279875 954.861239996 
0.28 954.861323018 
0.280125 954.861406052 
0.28025 954.861489097 
0.280375 954.861572154 
0.2805 954.861655221 
0.280625 954.8617383 
0.28075 954.861821389 
0.280875 954.86190449 
0.281 954.861987602 
0.281125 954.862070725 
0.28125 954.862153859 
0.281375 954.862237004 
0.2815 954.862320159 
0.281625 954.862403326 
0.28175 954.862486504 
0.281875 954.862569692 
0.282 954.862652891 
0.282125 954.862736101 
0.28225 954.862819322 
0.282375 954.862902554 
0.2825 954.862985796 
0.282625 954.863069049 
0.28275 954.863152313 
0.282875 954.863235587 
0.283 954.863318872 
0.283125 954.863402167 
0.28325 954.863485473 
0.283375 954.86356879 
0.2835 954.863652117 
0.283625 954.863735454 
0.28375 954.863818802 
0.283875 954.86390216 
0.284 954.863985529 
0.284125 954.864068908 
0.28425 954.864152297 
0.284375 954.864235696 
0.2845 954.864319106 
0.284625 954.864402526 
0.28475 954.864485956 
0.284875 954.864569397 
0.285 954.864652847 
0.285125 954.864736308 
0.28525 954.864819778 
0.285375 954.864903259 
0.2855 954.86498675 
0.285625 954.86507025 
0.28575 954.865153761 
0.285875 954.865237282 
0.286 954.865320812 
0.286125 954.865404353 
0.28625 954.865487903 
0.286375 954.865571463 
0.2865 954.865655033 
0.286625 954.865738613 
0.28675 954.865822202 
0.286875 954.865905801 
0.287 954.86598941 
0.287125 954.866073028 
0.28725 954.866156656 
0.287375 954.866240294 
0.2875 954.866323941 
0.287625 954.866407598 
0.28775 954.866491264 
0.287875 954.866574939 
0.288 954.866658625 
0.288125 954.866742319 
0.28825 954.866826023 
0.288375 954.866909736 
0.2885 954.866993459 
0.288625 954.867077191 
0.28875 954.867160932 
0.288875 954.867244683 
0.289 954.867328442 
0.289125 954.867412211 
0.28925 954.867495989 
0.289375 954.867579776 
0.2895 954.867663572 
0.289625 954.867747378 
0.28975 954.867831192 
0.289875 954.867915015 
0.29 954.867998848 
0.290125 954.868082689 
0.29025 954.868166539 
0.290375 954.868250399 
0.2905 954.868334267 
0.290625 954.868418143 
0.29075 954.868502029 
0.290875 954.868585924 
0.291 954.868669827 
0.291125 954.868753739 
0.29125 954.868837659 
0.291375 954.868921589 
0.2915 954.869005527 
0.291625 954.869089473 
0.29175 954.869173428 
0.291875 954.869257392 
0.292 954.869341364 
0.292125 954.869425345 
0.29225 954.869509334 
0.292375 954.869593332 
0.2925 954.869677338 
0.292625 954.869761352 
0.29275 954.869845375 
0.292875 954.869929406 
0.293 954.870013446 
0.293125 954.870097493 
0.29325 954.870181549 
0.293375 954.870265613 
0.2935 954.870349686 
0.293625 954.870433766 
0.29375 954.870517855 
0.293875 954.870601951 
0.294 954.870686056 
0.294125 954.870770169 
0.29425 954.87085429 
0.294375 954.870938418 
0.2945 954.871022555 
0.294625 954.8711067 
0.29475 954.871190852 
0.294875 954.871275013 
0.295 954.871359181 
0.295125 954.871443357 
0.29525 954.871527541 
0.295375 954.871611732 
0.2955 954.871695932 
0.295625 954.871780139 
0.29575 954.871864353 
0.295875 954.871948575 
0.296 954.872032805 
0.296125 954.872117043 
0.29625 954.872201288 
0.296375 954.87228554 
0.2965 954.8723698 
0.296625 954.872454068 
0.29675 954.872538343 
0.296875 954.872622625 
0.297 954.872706915 
0.297125 954.872791212 
0.29725 954.872875516 
0.297375 954.872959828 
0.2975 954.873044147 
0.297625 954.873128473 
0.29775 954.873212806 
0.297875 954.873297147 
0.298 954.873381495 
0.298125 954.873465849 
0.29825 954.873550211 
0.298375 954.87363458 
0.2985 954.873718956 
0.298625 954.873803339 
0.29875 954.873887729 
0.298875 954.873972126 
0.299 954.87405653 
0.299125 954.87414094 
0.29925 954.874225358 
0.299375 954.874309782 
0.2995 954.874394214 
0.299625 954.874478652 
0.29975 954.874563096 
0.299875 954.874647548 
0.3 954.874732006 
0.300125 954.874816471 
0.30025 954.874900942 
0.300375 954.87498542 
0.3005 954.875069905 
0.300625 954.875154396 
0.30075 954.875238893 
0.300875 954.875323397 
0.301 954.875407908 
0.301125 954.875492425 
0.30125 954.875576948 
0.301375 954.875661478 
0.3015 954.875746014 
0.301625 954.875830557 
0.30175 954.875915105 
0.301875 954.87599966 
0.302 954.876084222 
0.302125 954.876168789 
0.30225 954.876253363 
0.302375 954.876337942 
0.3025 954.876422528 
0.302625 954.87650712 
0.30275 954.876591718 
0.302875 954.876676322 
0.303 954.876760932 
0.303125 954.876845548 
0.30325 954.87693017 
0.303375 954.877014798 
0.3035 954.877099431 
0.303625 954.877184071 
0.30375 954.877268716 
0.303875 954.877353367 
0.304 954.877438024 
0.304125 954.877522687 
0.30425 954.877607355 
0.304375 954.877692029 
0.3045 954.877776709 
0.304625 954.877861394 
0.30475 954.877946085 
0.304875 954.878030782 
0.305 954.878115484 
0.305125 954.878200191 
0.30525 954.878284904 
0.305375 954.878369623 
0.3055 954.878454347 
0.305625 954.878539076 
0.30575 954.878623811 
0.305875 954.878708551 
0.306 954.878793296 
0.306125 954.878878047 
0.30625 954.878962803 
0.306375 954.879047564 
0.3065 954.87913233 
0.306625 954.879217101 
0.30675 954.879301878 
0.306875 954.87938666 
0.307 954.879471446 
0.307125 954.879556238 
0.30725 954.879641035 
0.307375 954.879725837 
0.3075 954.879810644 
0.307625 954.879895456 
0.30775 954.879980272 
0.307875 954.880065094 
0.308 954.88014992 
0.308125 954.880234751 
0.30825 954.880319587 
0.308375 954.880404428 
0.3085 954.880489273 
0.308625 954.880574124 
0.30875 954.880658979 
0.308875 954.880743838 
0.309 954.880828702 
0.309125 954.880913571 
0.30925 954.880998444 
0.309375 954.881083322 
0.3095 954.881168205 
0.309625 954.881253091 
0.30975 954.881337983 
0.309875 954.881422878 
0.31 954.881507778 
0.310125 954.881592683 
0.31025 954.881677592 
0.310375 954.881762505 
0.3105 954.881847422 
0.310625 954.881932344 
0.31075 954.88201727 
0.310875 954.8821022 
0.311 954.882187134 
0.311125 954.882272072 
0.31125 954.882357015 
0.311375 954.882441961 
0.3115 954.882526912 
0.311625 954.882611866 
0.31175 954.882696825 
0.311875 954.882781788 
0.312 954.882866754 
0.312125 954.882951724 
0.31225 954.883036699 
0.312375 954.883121677 
0.3125 954.883206659 
0.312625 954.883291645 
0.31275 954.883376634 
0.312875 954.883461627 
0.313 954.883546624 
0.313125 954.883631625 
0.31325 954.883716629 
0.313375 954.883801637 
0.3135 954.883886648 
0.313625 954.883971664 
0.31375 954.884056682 
0.313875 954.884141704 
0.314 954.88422673 
0.314125 954.884311759 
0.31425 954.884396791 
0.314375 954.884481827 
0.3145 954.884566866 
0.314625 954.884651909 
0.31475 954.884736955 
0.314875 954.884822004 
0.315 954.884907056 
0.315125 954.884992112 
0.31525 954.885077171 
0.315375 954.885162232 
0.3155 954.885247298 
0.315625 954.885332366 
0.31575 954.885417437 
0.315875 954.885502511 
0.316 954.885587589 
0.316125 954.885672669 
0.31625 954.885757752 
0.316375 954.885842839 
0.3165 954.885927928 
0.316625 954.88601302 
0.31675 954.886098115 
0.316875 954.886183212 
0.317 954.886268313 
0.317125 954.886353416 
0.31725 954.886438522 
0.317375 954.886523631 
0.3175 954.886608742 
0.317625 954.886693856 
0.31775 954.886778973 
0.317875 954.886864092 
0.318 954.886949214 
0.318125 954.887034338 
0.31825 954.887119465 
0.318375 954.887204594 
0.3185 954.887289726 
0.318625 954.88737486 
0.31875 954.887459997 
0.318875 954.887545136 
0.319 954.887630277 
0.319125 954.887715421 
0.31925 954.887800567 
0.319375 954.887885715 
0.3195 954.887970865 
0.319625 954.888056018 
0.31975 954.888141173 
0.319875 954.88822633 
0.32 954.888311489 
0.320125 954.88839665 
0.32025 954.888481813 
0.320375 954.888566978 
0.3205 954.888652145 
0.320625 954.888737314 
0.32075 954.888822485 
0.320875 954.888907658 
0.321 954.888992833 
0.321125 954.88907801 
0.32125 954.889163189 
0.321375 954.889248369 
0.3215 954.889333551 
0.321625 954.889418735 
0.32175 954.88950392 
0.321875 954.889589108 
0.322 954.889674297 
0.322125 954.889759487 
0.32225 954.889844679 
0.322375 954.889929873 
0.3225 954.890015068 
0.322625 954.890100265 
0.32275 954.890185463 
0.322875 954.890270663 
0.323 954.890355864 
0.323125 954.890441067 
0.32325 954.890526271 
0.323375 954.890611476 
0.3235 954.890696682 
0.323625 954.89078189 
0.32375 954.890867099 
0.323875 954.89095231 
0.324 954.891037521 
0.324125 954.891122734 
0.32425 954.891207948 
0.324375 954.891293163 
0.3245 954.891378379 
0.324625 954.891463596 
0.32475 954.891548814 
0.324875 954.891634033 
0.325 954.891719254 
0.325125 954.891804475 
0.32525 954.891889697 
0.325375 954.89197492 
0.3255 954.892060143 
0.325625 954.892145368 
0.32575 954.892230593 
0.325875 954.89231582 
0.326 954.892401047 
0.326125 954.892486274 
0.32625 954.892571503 
0.326375 954.892656732 
0.3265 954.892741961 
0.326625 954.892827192 
0.32675 954.892912422 
0.326875 954.892997654 
0.327 954.893082886 
0.327125 954.893168118 
0.32725 954.893253351 
0.327375 954.893338584 
0.3275 954.893423818 
0.327625 954.893509052 
0.32775 954.893594287 
0.327875 954.893679521 
0.328 954.893764757 
0.328125 954.893849992 
0.32825 954.893935228 
0.328375 954.894020463 
0.3285 954.894105699 
0.328625 954.894190935 
0.32875 954.894276172 
0.328875 954.894361408 
0.329 954.894446645 
0.329125 954.894531881 
0.32925 954.894617118 
0.329375 954.894702354 
0.3295 954.894787591 
0.329625 954.894872827 
0.32975 954.894958063 
0.329875 954.895043299 
0.33 954.895128536 
0.330125 954.895213771 
0.33025 954.895299007 
0.330375 954.895384242 
0.3305 954.895469477 
0.330625 954.895554712 
0.33075 954.895639947 
0.330875 954.895725181 
0.331 954.895810415 
0.331125 954.895895648 
0.33125 954.895980881 
0.331375 954.896066114 
0.3315 954.896151346 
0.331625 954.896236577 
0.33175 954.896321808 
0.331875 954.896407038 
0.332 954.896492268 
0.332125 954.896577497 
0.33225 954.896662726 
0.332375 954.896747953 
0.3325 954.89683318 
0.332625 954.896918407 
0.33275 954.897003632 
0.332875 954.897088857 
0.333 954.897174081 
0.333125 954.897259304 
0.33325 954.897344526 
0.333375 954.897429747 
0.3335 954.897514967 
0.333625 954.897600187 
0.33375 954.897685405 
0.333875 954.897770622 
0.334 954.897855839 
0.334125 954.897941054 
0.33425 954.898026268 
0.334375 954.898111481 
0.3345 954.898196693 
0.334625 954.898281903 
0.33475 954.898367113 
0.334875 954.898452321 
0.335 954.898537527 
0.335125 954.898622733 
0.33525 954.898707937 
0.335375 954.89879314 
0.3355 954.898878341 
0.335625 954.898963541 
0.33575 954.89904874 
0.335875 954.899133937 
0.336 954.899219133 
0.336125 954.899304327 
0.33625 954.899389519 
0.336375 954.89947471 
0.3365 954.899559899 
0.336625 954.899645087 
0.33675 954.899730273 
0.336875 954.899815457 
0.337 954.89990064 
0.337125 954.899985821 
0.33725 954.900071 
0.337375 954.900156177 
0.3375 954.900241353 
0.337625 954.900326526 
0.33775 954.900411698 
0.337875 954.900496867 
0.338 954.900582035 
0.338125 954.900667201 
0.33825 954.900752365 
0.338375 954.900837527 
0.3385 954.900922686 
0.338625 954.901007844 
0.33875 954.901092999 
0.338875 954.901178153 
0.339 954.901263304 
0.339125 954.901348453 
0.33925 954.9014336 
0.339375 954.901518744 
0.3395 954.901603886 
0.339625 954.901689026 
0.33975 954.901774164 
0.339875 954.901859299 
0.34 954.901944432 
0.340125 954.902029562 
0.34025 954.90211469 
0.340375 954.902199816 
0.3405 954.902284938 
0.340625 954.902370059 
0.34075 954.902455177 
0.340875 954.902540292 
0.341 954.902625405 
0.341125 954.902710515 
0.34125 954.902795622 
0.341375 954.902880727 
0.3415 954.902965829 
0.341625 954.903050928 
0.34175 954.903136024 
0.341875 954.903221118 
0.342 954.903306208 
0.342125 954.903391296 
0.34225 954.903476381 
0.342375 954.903561463 
0.3425 954.903646542 
0.342625 954.903731618 
0.34275 954.903816691 
0.342875 954.903901761 
0.343 954.903986828 
0.343125 954.904071892 
0.34325 954.904156953 
0.343375 954.904242011 
0.3435 954.904327065 
0.343625 954.904412117 
0.34375 954.904497165 
0.343875 954.904582209 
0.344 954.904667251 
0.344125 954.904752289 
0.34425 954.904837324 
0.344375 954.904922356 
0.3445 954.905007384 
0.344625 954.905092408 
0.34475 954.90517743 
0.344875 954.905262447 
0.345 954.905347462 
0.345125 954.905432472 
0.34525 954.905517479 
0.345375 954.905602483 
0.3455 954.905687483 
0.345625 954.905772479 
0.34575 954.905857472 
0.345875 954.905942461 
0.346 954.906027446 
0.346125 954.906112428 
0.34625 954.906197405 
0.346375 954.906282379 
0.3465 954.906367349 
0.346625 954.906452315 
0.34675 954.906537278 
0.346875 954.906622236 
0.347 954.906707191 
0.347125 954.906792141 
0.34725 954.906877087 
0.347375 954.90696203 
0.3475 954.907046968 
0.347625 954.907131903 
0.34775 954.907216833 
0.347875 954.907301759 
0.348 954.907386681 
0.348125 954.907471598 
0.34825 954.907556512 
0.348375 954.907641421 
0.3485 954.907726326 
0.348625 954.907811227 
0.34875 954.907896123 
0.348875 954.907981015 
0.349 954.908065902 
0.349125 954.908150785 
0.34925 954.908235664 
0.349375 954.908320538 
0.3495 954.908405408 
0.349625 954.908490273 
0.34975 954.908575134 
0.349875 954.90865999 
0.35 954.908744842 
0.350125 954.908829688 
0.35025 954.908914531 
0.350375 954.908999368 
0.3505 954.909084201 
0.350625 954.909169029 
0.35075 954.909253852 
0.350875 954.909338671 
0.351 954.909423484 
0.351125 954.909508293 
0.35125 954.909593097 
0.351375 954.909677896 
0.3515 954.90976269 
0.351625 954.909847479 
0.35175 954.909932263 
0.351875 954.910017042 
0.352 954.910101816 
0.352125 954.910186585 
0.35225 954.910271349 
0.352375 954.910356108 
0.3525 954.910440862 
0.352625 954.91052561 
0.35275 954.910610353 
0.352875 954.910695091 
0.353 954.910779824 
0.353125 954.910864551 
0.35325 954.910949273 
0.353375 954.91103399 
0.3535 954.911118702 
0.353625 954.911203408 
0.35375 954.911288108 
0.353875 954.911372803 
0.354 954.911457493 
0.354125 954.911542177 
0.35425 954.911626856 
0.354375 954.911711529 
0.3545 954.911796196 
0.354625 954.911880858 
0.35475 954.911965514 
0.354875 954.912050165 
0.355 954.912134809 
0.355125 954.912219448 
0.35525 954.912304082 
0.355375 954.912388709 
0.3555 954.912473331 
0.355625 954.912557947 
0.35575 954.912642557 
0.355875 954.912727161 
0.356 954.912811759 
0.356125 954.912896352 
0.35625 954.912980938 
0.356375 954.913065518 
0.3565 954.913150092 
0.356625 954.913234661 
0.35675 954.913319223 
0.356875 954.913403779 
0.357 954.913488329 
0.357125 954.913572873 
0.35725 954.91365741 
0.357375 954.913741941 
0.3575 954.913826467 
0.357625 954.913910985 
0.35775 954.913995498 
0.357875 954.914080004 
0.358 954.914164504 
0.358125 954.914248998 
0.35825 954.914333485 
0.358375 954.914417965 
0.3585 954.91450244 
0.358625 954.914586907 
0.35875 954.914671368 
0.358875 954.914755823 
0.359 954.914840271 
0.359125 954.914924713 
0.35925 954.915009148 
0.359375 954.915093576 
0.3595 954.915177997 
0.359625 954.915262412 
0.35975 954.91534682 
0.359875 954.915431222 
0.36 954.915515616 
0.360125 954.915600004 
0.36025 954.915684385 
0.360375 954.915768759 
0.3605 954.915853126 
0.360625 954.915937487 
0.36075 954.91602184 
0.360875 954.916106186 
0.361 954.916190526 
0.361125 954.916274858 
0.36125 954.916359183 
0.361375 954.916443501 
0.3615 954.916527813 
0.361625 954.916612116 
0.36175 954.916696413 
0.361875 954.916780703 
0.362 954.916864985 
0.362125 954.91694926 
0.36225 954.917033528 
0.362375 954.917117789 
0.3625 954.917202042 
0.362625 954.917286288 
0.36275 954.917370527 
0.362875 954.917454758 
0.363 954.917538982 
0.363125 954.917623198 
0.36325 954.917707407 
0.363375 954.917791608 
0.3635 954.917875802 
0.363625 954.917959988 
0.36375 954.918044167 
0.363875 954.918128337 
0.364 954.918212501 
0.364125 954.918296656 
0.36425 954.918380804 
0.364375 954.918464945 
0.3645 954.918549077 
0.364625 954.918633202 
0.36475 954.918717319 
0.364875 954.918801428 
0.365 954.918885529 
0.365125 954.918969623 
0.36525 954.919053708 
0.365375 954.919137785 
0.3655 954.919221855 
0.365625 954.919305917 
0.36575 954.91938997 
0.365875 954.919474016 
0.366 954.919558053 
0.366125 954.919642082 
0.36625 954.919726104 
0.366375 954.919810117 
0.3665 954.919894121 
0.366625 954.919978118 
0.36675 954.920062107 
0.366875 954.920146087 
0.367 954.920230059 
0.367125 954.920314022 
0.36725 954.920397978 
0.367375 954.920481924 
0.3675 954.920565863 
0.367625 954.920649793 
0.36775 954.920733715 
0.367875 954.920817628 
0.368 954.920901533 
0.368125 954.920985429 
0.36825 954.921069316 
0.368375 954.921153195 
0.3685 954.921237066 
0.368625 954.921320928 
0.36875 954.921404781 
0.368875 954.921488625 
0.369 954.921572461 
0.369125 954.921656288 
0.36925 954.921740106 
0.369375 954.921823916 
0.3695 954.921907716 
0.369625 954.921991508 
0.36975 954.922075291 
0.369875 954.922159065 
0.37 954.92224283 
0.370125 954.922326587 
0.37025 954.922410334 
0.370375 954.922494072 
0.3705 954.922577801 
0.370625 954.922661521 
0.37075 954.922745232 
0.370875 954.922828934 
0.371 954.922912627 
0.371125 954.922996311 
0.37125 954.923079985 
0.371375 954.923163651 
0.3715 954.923247307 
0.371625 954.923330954 
0.37175 954.923414591 
0.371875 954.923498219 
0.372 954.923581838 
0.372125 954.923665448 
0.37225 954.923749048 
0.372375 954.923832638 
0.3725 954.92391622 
0.372625 954.923999791 
0.37275 954.924083354 
0.372875 954.924166906 
0.373 954.924250449 
0.373125 954.924333983 
0.37325 954.924417507 
0.373375 954.924501021 
0.3735 954.924584526 
0.373625 954.924668021 
0.37375 954.924751506 
0.373875 954.924834982 
0.374 954.924918448 
0.374125 954.925001904 
0.37425 954.92508535 
0.374375 954.925168786 
0.3745 954.925252213 
0.374625 954.925335629 
0.37475 954.925419036 
0.374875 954.925502433 
0.375 954.92558582 
0.375125 954.925669196 
0.37525 954.925752563 
0.375375 954.92583592 
0.3755 954.925919266 
0.375625 954.926002603 
0.37575 954.926085929 
0.375875 954.926169246 
0.376 954.926252552 
0.376125 954.926335848 
0.37625 954.926419133 
0.376375 954.926502409 
0.3765 954.926585674 
0.376625 954.926668928 
0.37675 954.926752173 
0.376875 954.926835407 
0.377 954.926918631 
0.377125 954.927001844 
0.37725 954.927085047 
0.377375 954.927168239 
0.3775 954.927251421 
0.377625 954.927334592 
0.37775 954.927417753 
0.377875 954.927500903 
0.378 954.927584043 
0.378125 954.927667172 
0.37825 954.92775029 
0.378375 954.927833398 
0.3785 954.927916495 
0.378625 954.927999581 
0.37875 954.928082657 
0.378875 954.928165722 
0.379 954.928248776 
0.379125 954.928331819 
0.37925 954.928414851 
0.379375 954.928497872 
0.3795 954.928580883 
0.379625 954.928663882 
0.37975 954.928746871 
0.379875 954.928829848 
0.38 954.928912815 
0.380125 954.928995771 
0.38025 954.929078715 
0.380375 954.929161648 
0.3805 954.929244571 
0.380625 954.929327482 
0.38075 954.929410382 
0.380875 954.929493271 
0.381 954.929576148 
0.381125 954.929659014 
0.38125 954.929741869 
0.381375 954.929824713 
0.3815 954.929907546 
0.381625 954.929990367 
0.38175 954.930073176 
0.381875 954.930155975 
0.382 954.930238762 
0.382125 954.930321537 
0.38225 954.930404301 
0.382375 954.930487054 
0.3825 954.930569795 
0.382625 954.930652524 
0.38275 954.930735242 
0.382875 954.930817948 
0.383 954.930900643 
0.383125 954.930983325 
0.38325 954.931065997 
0.383375 954.931148656 
0.3835 954.931231304 
0.383625 954.93131394 
0.38375 954.931396564 
0.383875 954.931479177 
0.384 954.931561778 
0.384125 954.931644366 
0.38425 954.931726943 
0.384375 954.931809508 
0.3845 954.931892061 
0.384625 954.931974602 
0.38475 954.932057131 
0.384875 954.932139649 
0.385 954.932222154 
0.385125 954.932304647 
0.38525 954.932387128 
0.385375 954.932469596 
0.3855 954.932552053 
0.385625 954.932634497 
0.38575 954.93271693 
0.385875 954.93279935 
0.386 954.932881758 
0.386125 954.932964153 
0.38625 954.933046536 
0.386375 954.933128907 
0.3865 954.933211266 
0.386625 954.933293612 
0.38675 954.933375946 
0.386875 954.933458268 
0.387 954.933540577 
0.387125 954.933622873 
0.38725 954.933705157 
0.387375 954.933787429 
0.3875 954.933869688 
0.387625 954.933951934 
0.38775 954.934034168 
0.387875 954.934116389 
0.388 954.934198597 
0.388125 954.934280793 
0.38825 954.934362976 
0.388375 954.934445147 
0.3885 954.934527304 
0.388625 954.934609449 
0.38875 954.934691581 
0.388875 954.934773701 
0.389 954.934855807 
0.389125 954.934937901 
0.38925 954.935019981 
0.389375 954.935102049 
0.3895 954.935184104 
0.389625 954.935266146 
0.38975 954.935348174 
0.389875 954.93543019 
0.39 954.935512193 
0.390125 954.935594183 
0.39025 954.935676159 
0.390375 954.935758123 
0.3905 954.935840073 
0.390625 954.93592201 
0.39075 954.936003934 
0.390875 954.936085844 
0.391 954.936167742 
0.391125 954.936249626 
0.39125 954.936331497 
0.391375 954.936413354 
0.3915 954.936495198 
0.391625 954.936577029 
0.39175 954.936658846 
0.391875 954.93674065 
0.392 954.936822441 
0.392125 954.936904218 
0.39225 954.936985981 
0.392375 954.937067731 
0.3925 954.937149468 
0.392625 954.937231191 
0.39275 954.9373129 
0.392875 954.937394595 
0.393 954.937476277 
0.393125 954.937557946 
0.39325 954.9376396 
0.393375 954.937721241 
0.3935 954.937802868 
0.393625 954.937884481 
0.39375 954.937966081 
0.393875 954.938047667 
0.394 954.938129238 
0.394125 954.938210796 
0.39425 954.93829234 
0.394375 954.93837387 
0.3945 954.938455387 
0.394625 954.938536889 
0.39475 954.938618377 
0.394875 954.938699851 
0.395 954.938781311 
0.395125 954.938862757 
0.39525 954.938944189 
0.395375 954.939025607 
0.3955 954.939107011 
0.395625 954.9391884 
0.39575 954.939269775 
0.395875 954.939351136 
0.396 954.939432483 
0.396125 954.939513816 
0.39625 954.939595134 
0.396375 954.939676438 
0.3965 954.939757728 
0.396625 954.939839003 
0.39675 954.939920263 
0.396875 954.94000151 
0.397 954.940082742 
0.397125 954.940163959 
0.39725 954.940245162 
0.397375 954.940326351 
0.3975 954.940407524 
0.397625 954.940488684 
0.39775 954.940569828 
0.397875 954.940650959 
0.398 954.940732074 
0.398125 954.940813175 
0.39825 954.940894261 
0.398375 954.940975332 
0.3985 954.941056389 
0.398625 954.941137431 
0.39875 954.941218458 
0.398875 954.94129947 
0.399 954.941380467 
0.399125 954.94146145 
0.39925 954.941542418 
0.399375 954.94162337 
0.3995 954.941704308 
0.399625 954.941785231 
0.39975 954.941866139 
0.399875 954.941947032 
0.4 954.942027909 
0.400125 954.942108772 
0.40025 954.94218962 
0.400375 954.942270452 
0.4005 954.94235127 
0.400625 954.942432072 
0.40075 954.942512859 
0.400875 954.942593631 
0.401 954.942674387 
0.401125 954.942755129 
0.40125 954.942835855 
0.401375 954.942916566 
0.4015 954.942997261 
0.401625 954.943077941 
0.40175 954.943158606 
0.401875 954.943239255 
0.402 954.943319889 
0.402125 954.943400507 
0.40225 954.94348111 
0.402375 954.943561698 
0.4025 954.94364227 
0.402625 954.943722826 
0.40275 954.943803367 
0.402875 954.943883892 
0.403 954.943964402 
0.403125 954.944044896 
0.40325 954.944125374 
0.403375 954.944205836 
0.4035 954.944286283 
0.403625 954.944366714 
0.40375 954.94444713 
0.403875 954.944527529 
0.404 954.944607913 
0.404125 954.944688281 
0.40425 954.944768633 
0.404375 954.944848969 
0.4045 954.944929289 
0.404625 954.945009594 
0.40475 954.945089882 
0.404875 954.945170154 
0.405 954.945250411 
0.405125 954.945330651 
0.40525 954.945410875 
0.405375 954.945491083 
0.4055 954.945571276 
0.405625 954.945651451 
0.40575 954.945731611 
0.405875 954.945811755 
0.406 954.945891882 
0.406125 954.945971993 
0.40625 954.946052088 
0.406375 954.946132167 
0.4065 954.946212229 
0.406625 954.946292276 
0.40675 954.946372305 
0.406875 954.946452319 
0.407 954.946532316 
0.407125 954.946612296 
0.40725 954.94669226 
0.407375 954.946772208 
0.4075 954.946852139 
0.407625 954.946932054 
0.40775 954.947011952 
0.407875 954.947091833 
0.408 954.947171698 
0.408125 954.947251547 
0.40825 954.947331378 
0.408375 954.947411193 
0.4085 954.947490992 
0.408625 954.947570773 
0.40875 954.947650538 
0.408875 954.947730287 
0.409 954.947810018 
0.409125 954.947889733 
0.40925 954.94796943 
0.409375 954.948049111 
0.4095 954.948128776 
0.409625 954.948208423 
0.40975 954.948288053 
0.409875 954.948367666 
0.41 954.948447263 
0.410125 954.948526842 
0.41025 954.948606405 
0.410375 954.94868595 
0.4105 954.948765478 
0.410625 954.948844989 
0.41075 954.948924484 
0.410875 954.949003961 
0.411 954.94908342 
0.411125 954.949162863 
0.41125 954.949242289 
0.411375 954.949321697 
0.4115 954.949401088 
0.411625 954.949480462 
0.41175 954.949559818 
0.411875 954.949639157 
0.412 954.949718479 
0.412125 954.949797783 
0.41225 954.94987707 
0.412375 954.94995634 
0.4125 954.950035592 
0.412625 954.950114827 
0.41275 954.950194044 
0.412875 954.950273244 
0.413 954.950352426 
0.413125 954.950431591 
0.41325 954.950510738 
0.413375 954.950589867 
0.4135 954.950668979 
0.413625 954.950748073 
0.41375 954.95082715 
0.413875 954.950906209 
0.414 954.95098525 
0.414125 954.951064273 
0.41425 954.951143279 
0.414375 954.951222266 
0.4145 954.951301237 
0.414625 954.951380189 
0.41475 954.951459123 
0.414875 954.95153804 
0.415 954.951616938 
0.415125 954.951695819 
0.41525 954.951774681 
0.415375 954.951853526 
0.4155 954.951932353 
0.415625 954.952011162 
0.41575 954.952089952 
0.415875 954.952168725 
0.416 954.952247479 
0.416125 954.952326216 
0.41625 954.952404934 
0.416375 954.952483634 
0.4165 954.952562316 
0.416625 954.95264098 
0.41675 954.952719625 
0.416875 954.952798252 
0.417 954.952876861 
0.417125 954.952955452 
0.41725 954.953034024 
0.417375 954.953112578 
0.4175 954.953191114 
0.417625 954.953269631 
0.41775 954.95334813 
0.417875 954.953426611 
0.418 954.953505073 
0.418125 954.953583516 
0.41825 954.953661941 
0.418375 954.953740347 
0.4185 954.953818735 
0.418625 954.953897105 
0.41875 954.953975455 
0.418875 954.954053787 
0.419 954.954132101 
0.419125 954.954210396 
0.41925 954.954288672 
0.419375 954.954366929 
0.4195 954.954445168 
0.419625 954.954523388 
0.41975 954.954601589 
0.419875 954.954679771 
0.42 954.954757935 
0.420125 954.954836079 
0.42025 954.954914205 
0.420375 954.954992312 
0.4205 954.9550704 
0.420625 954.955148469 
0.42075 954.955226519 
0.420875 954.95530455 
0.421 954.955382562 
0.421125 954.955460555 
0.42125 954.955538529 
0.421375 954.955616484 
0.4215 954.95569442 
0.421625 954.955772337 
0.42175 954.955850234 
0.421875 954.955928113 
0.422 954.956005972 
0.422125 954.956083812 
0.42225 954.956161633 
0.422375 954.956239434 
0.4225 954.956317216 
0.422625 954.956394979 
0.42275 954.956472723 
0.422875 954.956550447 
0.423 954.956628152 
0.423125 954.956705837 
0.42325 954.956783504 
0.423375 954.95686115 
0.4235 954.956938777 
0.423625 954.957016385 
0.42375 954.957093973 
0.423875 954.957171542 
0.424 954.957249091 
0.424125 954.95732662 
0.42425 954.95740413 
0.424375 954.957481621 
0.4245 954.957559091 
0.424625 954.957636542 
0.42475 954.957713974 
0.424875 954.957791385 
0.425 954.957868777 
0.425125 954.957946149 
0.42525 954.958023502 
0.425375 954.958100834 
0.4255 954.958178147 
0.425625 954.95825544 
0.42575 954.958332713 
0.425875 954.958409966 
0.426 954.958487199 
0.426125 954.958564413 
0.42625 954.958641606 
0.426375 954.958718779 
0.4265 954.958795933 
0.426625 954.958873066 
0.42675 954.958950179 
0.426875 954.959027273 
0.427 954.959104346 
0.427125 954.959181399 
0.42725 954.959258432 
0.427375 954.959335445 
0.4275 954.959412437 
0.427625 954.95948941 
0.42775 954.959566362 
0.427875 954.959643294 
0.428 954.959720205 
0.428125 954.959797097 
0.42825 954.959873968 
0.428375 954.959950819 
0.4285 954.960027649 
0.428625 954.960104459 
0.42875 954.960181249 
0.428875 954.960258018 
0.429 954.960334766 
0.429125 954.960411495 
0.42925 954.960488203 
0.429375 954.96056489 
0.4295 954.960641557 
0.429625 954.960718203 
0.42975 954.960794828 
0.429875 954.960871433 
0.43 954.960948018 
0.430125 954.961024582 
0.43025 954.961101125 
0.430375 954.961177647 
0.4305 954.961254149 
0.430625 954.96133063 
0.43075 954.96140709 
0.430875 954.96148353 
0.431 954.961559948 
0.431125 954.961636346 
0.43125 954.961712723 
0.431375 954.961789079 
0.4315 954.961865415 
0.431625 954.961941729 
0.43175 954.962018023 
0.431875 954.962094295 
0.432 954.962170547 
0.432125 954.962246777 
0.43225 954.962322987 
0.432375 954.962399175 
0.4325 954.962475343 
0.432625 954.962551489 
0.43275 954.962627614 
0.432875 954.962703719 
0.433 954.962779802 
0.433125 954.962855863 
0.43325 954.962931904 
0.433375 954.963007924 
0.4335 954.963083922 
0.433625 954.963159899 
0.43375 954.963235855 
0.433875 954.963311789 
0.434 954.963387702 
0.434125 954.963463594 
0.43425 954.963539464 
0.434375 954.963615313 
0.4345 954.963691141 
0.434625 954.963766947 
0.43475 954.963842732 
0.434875 954.963918495 
0.435 954.963994237 
0.435125 954.964069957 
0.43525 954.964145656 
0.435375 954.964221333 
0.4355 954.964296989 
0.435625 954.964372623 
0.43575 954.964448235 
0.435875 954.964523826 
0.436 954.964599395 
0.436125 954.964674943 
0.43625 954.964750468 
0.436375 954.964825972 
0.4365 954.964901455 
0.436625 954.964976915 
0.43675 954.965052354 
0.436875 954.965127771 
0.437 954.965203166 
0.437125 954.965278539 
0.43725 954.965353891 
0.437375 954.96542922 
0.4375 954.965504528 
0.437625 954.965579813 
0.43775 954.965655077 
0.437875 954.965730319 
0.438 954.965805538 
0.438125 954.965880736 
0.43825 954.965955911 
0.438375 954.966031065 
0.4385 954.966106196 
0.438625 954.966181306 
0.43875 954.966256393 
0.438875 954.966331458 
0.439 954.966406501 
0.439125 954.966481522 
0.43925 954.96655652 
0.439375 954.966631496 
0.4395 954.966706451 
0.439625 954.966781382 
0.43975 954.966856292 
0.439875 954.966931179 
0.44 954.967006044 
0.440125 954.967080886 
0.44025 954.967155706 
0.440375 954.967230504 
0.4405 954.967305279 
0.440625 954.967380032 
0.44075 954.967454762 
0.440875 954.96752947 
0.441 954.967604155 
0.441125 954.967678818 
0.44125 954.967753458 
0.441375 954.967828076 
0.4415 954.967902671 
0.441625 954.967977243 
0.44175 954.968051793 
0.441875 954.96812632 
0.442 954.968200825 
0.442125 954.968275307 
0.44225 954.968349766 
0.442375 954.968424202 
0.4425 954.968498616 
0.442625 954.968573006 
0.44275 954.968647375 
0.442875 954.96872172 
0.443 954.968796042 
0.443125 954.968870342 
0.44325 954.968944618 
0.443375 954.969018872 
0.4435 954.969093103 
0.443625 954.969167311 
0.44375 954.969241495 
0.443875 954.969315657 
0.444 954.969389796 
0.444125 954.969463912 
0.44425 954.969538005 
0.444375 954.969612075 
0.4445 954.969686121 
0.444625 954.969760145 
0.44475 954.969834145 
0.444875 954.969908123 
0.445 954.969982077 
0.445125 954.970056008 
0.44525 954.970129915 
0.445375 954.9702038 
0.4455 954.970277661 
0.445625 954.970351499 
0.44575 954.970425313 
0.445875 954.970499105 
0.446 954.970572873 
0.446125 954.970646617 
0.44625 954.970720339 
0.446375 954.970794037 
0.4465 954.970867711 
0.446625 954.970941362 
0.44675 954.97101499 
0.446875 954.971088594 
0.447 954.971162174 
0.447125 954.971235731 
0.44725 954.971309265 
0.447375 954.971382775 
0.4475 954.971456261 
0.447625 954.971529724 
0.44775 954.971603163 
0.447875 954.971676579 
0.448 954.97174997 
0.448125 954.971823339 
0.44825 954.971896683 
0.448375 954.971970004 
0.4485 954.972043301 
0.448625 954.972116574 
0.44875 954.972189823 
0.448875 954.972263049 
0.449 954.972336251 
0.449125 954.972409429 
0.44925 954.972482583 
0.449375 954.972555713 
0.4495 954.97262882 
0.449625 954.972701902 
0.44975 954.972774961 
0.449875 954.972847995 
0.45 954.972921006 
0.450125 954.972993992 
0.45025 954.973066955 
0.450375 954.973139893 
0.4505 954.973212808 
0.450625 954.973285698 
0.45075 954.973358564 
0.450875 954.973431406 
0.451 954.973504224 
0.451125 954.973577018 
0.45125 954.973649787 
0.451375 954.973722533 
0.4515 954.973795254 
0.451625 954.973867951 
0.45175 954.973940624 
0.451875 954.974013272 
0.452 954.974085896 
0.452125 954.974158496 
0.45225 954.974231071 
0.452375 954.974303622 
0.4525 954.974376149 
0.452625 954.974448651 
0.45275 954.974521129 
0.452875 954.974593582 
0.453 954.974666011 
0.453125 954.974738416 
0.45325 954.974810796 
0.453375 954.974883151 
0.4535 954.974955482 
0.453625 954.975027788 
0.45375 954.97510007 
0.453875 954.975172327 
0.454 954.97524456 
0.454125 954.975316768 
0.45425 954.975388951 
0.454375 954.975461109 
0.4545 954.975533243 
0.454625 954.975605352 
0.45475 954.975677437 
0.454875 954.975749496 
0.455 954.975821531 
0.455125 954.975893541 
0.45525 954.975965527 
0.455375 954.976037487 
0.4555 954.976109423 
0.455625 954.976181333 
0.45575 954.976253219 
0.455875 954.97632508 
0.456 954.976396916 
0.456125 954.976468727 
0.45625 954.976540513 
0.456375 954.976612274 
0.4565 954.97668401 
0.456625 954.976755721 
0.45675 954.976827407 
0.456875 954.976899068 
0.457 954.976970704 
0.457125 954.977042314 
0.45725 954.9771139 
0.457375 954.97718546 
0.4575 954.977256996 
0.457625 954.977328506 
0.45775 954.97739999 
0.457875 954.97747145 
0.458 954.977542884 
0.458125 954.977614294 
0.45825 954.977685677 
0.458375 954.977757036 
0.4585 954.977828369 
0.458625 954.977899677 
0.45875 954.97797096 
0.458875 954.978042217 
0.459 954.978113449 
0.459125 954.978184655 
0.45925 954.978255836 
0.459375 954.978326991 
0.4595 954.978398121 
0.459625 954.978469226 
0.45975 954.978540305 
0.459875 954.978611358 
0.46 954.978682386 
0.460125 954.978753388 
0.46025 954.978824365 
0.460375 954.978895316 
0.4605 954.978966242 
0.460625 954.979037142 
0.46075 954.979108016 
0.460875 954.979178865 
0.461 954.979249687 
0.461125 954.979320484 
0.46125 954.979391256 
0.461375 954.979462001 
0.4615 954.979532721 
0.461625 954.979603415 
0.46175 954.979674084 
0.461875 954.979744726 
0.462 954.979815343 
0.462125 954.979885933 
0.46225 954.979956498 
0.462375 954.980027037 
0.4625 954.98009755 
0.462625 954.980168037 
0.46275 954.980238498 
0.462875 954.980308933 
0.463 954.980379342 
0.463125 954.980449725 
0.46325 954.980520082 
0.463375 954.980590413 
0.4635 954.980660718 
0.463625 954.980730997 
0.46375 954.980801249 
0.463875 954.980871476 
0.464 954.980941676 
0.464125 954.98101185 
0.46425 954.981081998 
0.464375 954.98115212 
0.4645 954.981222216 
0.464625 954.981292285 
0.46475 954.981362328 
0.464875 954.981432345 
0.465 954.981502335 
0.465125 954.981572299 
0.46525 954.981642237 
0.465375 954.981712149 
0.4655 954.981782034 
0.465625 954.981851893 
0.46575 954.981921725 
0.465875 954.981991531 
0.466 954.98206131 
0.466125 954.982131063 
0.46625 954.982200789 
0.466375 954.982270489 
0.4665 954.982340163 
0.466625 954.98240981 
0.46675 954.98247943 
0.466875 954.982549024 
0.467 954.982618591 
0.467125 954.982688132 
0.46725 954.982757645 
0.467375 954.982827133 
0.4675 954.982896593 
0.467625 954.982966027 
0.46775 954.983035434 
0.467875 954.983104815 
0.468 954.983174169 
0.468125 954.983243496 
0.46825 954.983312796 
0.468375 954.983382069 
0.4685 954.983451316 
0.468625 954.983520536 
0.46875 954.983589729 
0.468875 954.983658895 
0.469 954.983728034 
0.469125 954.983797146 
0.46925 954.983866231 
0.469375 954.98393529 
0.4695 954.984004321 
0.469625 954.984073326 
0.46975 954.984142303 
0.469875 954.984211253 
0.47 954.984280177 
0.470125 954.984349073 
0.47025 954.984417943 
0.470375 954.984486785 
0.4705 954.9845556 
0.470625 954.984624388 
0.47075 954.984693149 
0.470875 954.984761882 
0.471 954.984830589 
0.471125 954.984899268 
0.47125 954.98496792 
0.471375 954.985036545 
0.4715 954.985105143 
0.471625 954.985173713 
0.47175 954.985242256 
0.471875 954.985310772 
0.472 954.985379261 
0.472125 954.985447722 
0.47225 954.985516156 
0.472375 954.985584562 
0.4725 954.985652941 
0.472625 954.985721293 
0.47275 954.985789617 
0.472875 954.985857914 
0.473 954.985926183 
0.473125 954.985994425 
0.47325 954.986062639 
0.473375 954.986130826 
0.4735 954.986198985 
0.473625 954.986267117 
0.47375 954.986335221 
0.473875 954.986403298 
0.474 954.986471347 
0.474125 954.986539368 
0.47425 954.986607362 
0.474375 954.986675328 
0.4745 954.986743266 
0.474625 954.986811177 
0.47475 954.98687906 
0.474875 954.986946915 
0.475 954.987014743 
0.475125 954.987082543 
0.47525 954.987150315 
0.475375 954.987218059 
0.4755 954.987285775 
0.475625 954.987353464 
0.47575 954.987421125 
0.475875 954.987488758 
0.476 954.987556363 
0.476125 954.98762394 
0.47625 954.987691489 
0.476375 954.98775901 
0.4765 954.987826504 
0.476625 954.987893969 
0.47675 954.987961406 
0.476875 954.988028816 
0.477 954.988096197 
0.477125 954.988163551 
0.47725 954.988230876 
0.477375 954.988298173 
0.4775 954.988365442 
0.477625 954.988432683 
0.47775 954.988499896 
0.477875 954.988567081 
0.478 954.988634237 
0.478125 954.988701366 
0.47825 954.988768466 
0.478375 954.988835538 
0.4785 954.988902582 
0.478625 954.988969597 
0.47875 954.989036585 
0.478875 954.989103544 
0.479 954.989170475 
0.479125 954.989237377 
0.47925 954.989304251 
0.479375 954.989371097 
0.4795 954.989437914 
0.479625 954.989504703 
0.47975 954.989571464 
0.479875 954.989638196 
0.48 954.9897049 
0.480125 954.989771575 
0.48025 954.989838222 
0.480375 954.989904841 
0.4805 954.989971431 
0.480625 954.990037992 
0.48075 954.990104525 
0.480875 954.990171029 
0.481 954.990237505 
0.481125 954.990303952 
0.48125 954.990370371 
0.481375 954.990436761 
0.4815 954.990503122 
0.481625 954.990569455 
0.48175 954.990635759 
0.481875 954.990702034 
0.482 954.990768281 
0.482125 954.990834499 
0.48225 954.990900688 
0.482375 954.990966849 
0.4825 954.99103298 
0.482625 954.991099083 
0.48275 954.991165158 
0.482875 954.991231203 
0.483 954.991297219 
0.483125 954.991363207 
0.48325 954.991429166 
0.483375 954.991495096 
0.4835 954.991560997 
0.483625 954.991626869 
0.48375 954.991692712 
0.483875 954.991758526 
0.484 954.991824312 
0.484125 954.991890068 
0.48425 954.991955795 
0.484375 954.992021494 
0.4845 954.992087163 
0.484625 954.992152803 
0.48475 954.992218414 
0.484875 954.992283996 
0.485 954.992349549 
0.485125 954.992415073 
0.48525 954.992480568 
0.485375 954.992546034 
0.4855 954.99261147 
0.485625 954.992676877 
0.48575 954.992742256 
0.485875 954.992807604 
0.486 954.992872924 
0.486125 954.992938215 
0.48625 954.993003476 
0.486375 954.993068708 
0.4865 954.99313391 
0.486625 954.993199084 
0.48675 954.993264228 
0.486875 954.993329342 
0.487 954.993394428 
0.487125 954.993459484 
0.48725 954.99352451 
0.487375 954.993589507 
0.4875 954.993654475 
0.487625 954.993719413 
0.48775 954.993784322 
0.487875 954.993849202 
0.488 954.993914051 
0.488125 954.993978872 
0.48825 954.994043663 
0.488375 954.994108424 
0.4885 954.994173156 
0.488625 954.994237858 
0.48875 954.994302531 
0.488875 954.994367174 
0.489 954.994431788 
0.489125 954.994496371 
0.48925 954.994560926 
0.489375 954.99462545 
0.4895 954.994689945 
0.489625 954.99475441 
0.48975 954.994818846 
0.489875 954.994883252 
0.49 954.994947628 
0.490125 954.995011974 
0.49025 954.995076291 
0.490375 954.995140577 
0.4905 954.995204834 
0.490625 954.995269062 
0.49075 954.995333259 
0.490875 954.995397426 
0.491 954.995461564 
0.491125 954.995525672 
0.49125 954.99558975 
0.491375 954.995653797 
0.4915 954.995717815 
0.491625 954.995781804 
0.49175 954.995845762 
0.491875 954.99590969 
0.492 954.995973588 
0.492125 954.996037456 
0.49225 954.996101294 
0.492375 954.996165102 
0.4925 954.996228881 
0.492625 954.996292629 
0.49275 954.996356346 
0.492875 954.996420034 
0.493 954.996483692 
0.493125 954.99654732 
0.49325 954.996610917 
0.493375 954.996674484 
0.4935 954.996738022 
0.493625 954.996801528 
0.49375 954.996865005 
0.493875 954.996928452 
0.494 954.996991868 
0.494125 954.997055254 
0.49425 954.99711861 
0.494375 954.997181935 
0.4945 954.997245231 
0.494625 954.997308496 
0.49475 954.99737173 
0.494875 954.997434934 
0.495 954.997498108 
0.495125 954.997561252 
0.49525 954.997624365 
0.495375 954.997687448 
0.4955 954.9977505 
0.495625 954.997813522 
0.49575 954.997876513 
0.495875 954.997939474 
0.496 954.998002405 
0.496125 954.998065305 
0.49625 954.998128174 
0.496375 954.998191013 
0.4965 954.998253822 
0.496625 954.9983166 
0.49675 954.998379347 
0.496875 954.998442064 
0.497 954.99850475 
0.497125 954.998567405 
0.49725 954.99863003 
0.497375 954.998692625 
0.4975 954.998755188 
0.497625 954.998817721 
0.49775 954.998880223 
0.497875 954.998942695 
0.498 954.999005136 
0.498125 954.999067546 
0.49825 954.999129925 
0.498375 954.999192274 
0.4985 954.999254592 
0.498625 954.999316879 
0.49875 954.999379135 
0.498875 954.99944136 
0.499 954.999503555 
0.499125 954.999565719 
0.49925 954.999627852 
0.499375 954.999689954 
0.4995 954.999752025 
0.499625 954.999814065 
0.49975 954.999876074 
0.499875 954.999938053 
0.5 955 
