0 0.0755
3e-05 0.080125
6e-05 0.083625
9e-05 0.086625
0.00012 0.089125
0.00015 0.0915
0.00018 0.093625
0.00021 0.095625
0.00024 0.0975
0.00027 0.099125
0.0003 0.100875
0.00033 0.102375
0.00036 0.103875
0.00039 0.105375
0.00042 0.10675
0.00045 0.108
0.00048 0.10925
0.00051 0.1105
0.00054 0.11175
0.00057 0.112875
0.0006 0.114
0.00063 0.115125
0.00066 0.11625
0.00069 0.11725
0.00072 0.11825
0.00075 0.11925
0.00078 0.12025
0.00081 0.12125
0.00084 0.12225
0.00087 0.123125
0.0009 0.124
0.00093 0.124875
0.00096 0.12575
0.00099 0.126625
0.00102 0.1275
0.00105 0.12825
0.00108 0.129125
0.00111 0.129875
0.00114 0.130625
0.00117 0.131375
0.0012 0.132125
0.00123 0.132875
0.00126 0.133625
0.00129 0.134375
0.00132 0.135
0.00135 0.13575
0.00138 0.136375
0.00141 0.137125
0.00144 0.13775
0.00147 0.138375
0.0015 0.139125
0.00153 0.13975
0.00156 0.140375
0.00159 0.141
0.00162 0.141625
0.00165 0.14225
0.00168 0.14275
0.00171 0.143375
0.00174 0.144
0.00177 0.144625
0.0018 0.145125
0.00183 0.14575
0.00186 0.14625
0.00189 0.146875
0.00192 0.147375
0.00195 0.148
0.00198 0.1485
0.00201 0.149
0.00204 0.1495
0.00207 0.150125
0.0021 0.150625
0.00213 0.151125
0.00216 0.151625
0.00219 0.152125
0.00222 0.152625
0.00225 0.153125
0.00228 0.153625
0.00231 0.154125
0.00234 0.1545
0.00237 0.155
0.0024 0.1555
0.00243 0.156
0.00246 0.156375
0.00249 0.156875
0.00252 0.15725
0.00255 0.15775
0.00258 0.15825
0.00261 0.158625
0.00264 0.159
0.00267 0.1595
0.0027 0.159875
0.00273 0.160375
0.00276 0.16075
0.00279 0.161125
0.00282 0.161625
0.00285 0.162
0.00288 0.162375
0.00291 0.16275
0.00294 0.16325
0.00297 0.163625
0.003 0.164
0.00303 0.164375
0.00306 0.16475
0.00309 0.165125
0.00312 0.1655
0.00315 0.165875
0.00318 0.16625
0.00321 0.166625
0.00324 0.167
0.00327 0.167375
0.0033 0.16775
0.00333 0.168125
0.00336 0.1685
0.00339 0.168875
0.00342 0.169125
0.00345 0.1695
0.00348 0.169875
0.00351 0.17025
0.00354 0.1705
0.00357 0.170875
0.0036 0.17125
0.00363 0.171625
0.00366 0.171875
0.00369 0.17225
0.00372 0.1725
0.00375 0.172875
0.00378 0.17325
0.00381 0.1735
0.00384 0.173875
0.00387 0.174125
0.0039 0.1745
0.00393 0.17475
0.00396 0.175125
0.00399 0.175375
0.00402 0.175625
0.00405 0.176
0.00408 0.17625
0.00411 0.176625
0.00414 0.176875
0.00417 0.177125
0.0042 0.1775
0.00423 0.17775
0.00426 0.178
0.00429 0.178375
0.00432 0.178625
0.00435 0.178875
0.00438 0.179125
0.00441 0.1795
0.00444 0.17975
0.00447 0.18
0.0045 0.18025
0.00453 0.1805
0.00456 0.18075
0.00459 0.181125
0.00462 0.181375
0.00465 0.181625
0.00468 0.181875
0.00471 0.182125
0.00474 0.182375
0.00477 0.182625
0.0048 0.182875
0.00483 0.183125
0.00486 0.183375
0.00489 0.183625
0.00492 0.183875
0.00495 0.184125
0.00498 0.184375
0.00501 0.184625
0.00504 0.184875
0.00507 0.185125
0.0051 0.185375
0.00513 0.185625
0.00516 0.185875
0.00519 0.186
0.00522 0.18625
0.00525 0.1865
0.00528 0.18675
0.00531 0.187
0.00534 0.18725
0.00537 0.187375
0.0054 0.187625
0.00543 0.187875
0.00546 0.188125
0.00549 0.188375
0.00552 0.1885
0.00555 0.18875
0.00558 0.189
0.00561 0.189125
0.00564 0.189375
0.00567 0.189625
0.0057 0.189875
0.00573 0.19
0.00576 0.19025
0.00579 0.1905
0.00582 0.190625
0.00585 0.190875
0.00588 0.191
0.00591 0.19125
0.00594 0.1915
0.00597 0.191625
0.006 0.191875
0.00603 0.192
0.00606 0.19225
0.00609 0.192375
0.00612 0.192625
0.00615 0.192875
0.00618 0.193
0.00621 0.19325
0.00624 0.193375
0.00627 0.193625
0.0063 0.19375
0.00633 0.194
0.00636 0.194125
0.00639 0.194375
0.00642 0.1945
0.00645 0.194625
0.00648 0.194875
0.00651 0.195
0.00654 0.19525
0.00657 0.195375
0.0066 0.195625
0.00663 0.19575
0.00666 0.195875
0.00669 0.196125
0.00672 0.19625
0.00675 0.196375
0.00678 0.196625
0.00681 0.19675
0.00684 0.196875
0.00687 0.197125
0.0069 0.19725
0.00693 0.197375
0.00696 0.197625
0.00699 0.19775
0.00702 0.197875
0.00705 0.198125
0.00708 0.19825
0.00711 0.198375
0.00714 0.1985
0.00717 0.19875
0.0072 0.198875
0.00723 0.199
0.00726 0.199125
0.00729 0.19925
0.00732 0.1995
0.00735 0.199625
0.00738 0.19975
0.00741 0.199875
0.00744 0.2
0.00747 0.20025
0.0075 0.200375
0.00753 0.2005
0.00756 0.200625
0.00759 0.20075
0.00762 0.200875
0.00765 0.201125
0.00768 0.20125
0.00771 0.201375
0.00774 0.2015
0.00777 0.201625
0.0078 0.20175
0.00783 0.201875
0.00786 0.202
0.00789 0.202125
0.00792 0.20225
0.00795 0.202375
0.00798 0.2025
0.00801 0.20275
0.00804 0.202875
0.00807 0.203
0.0081 0.203125
0.00813 0.20325
0.00816 0.203375
0.00819 0.2035
0.00822 0.203625
0.00825 0.20375
0.00828 0.203875
0.00831 0.204
0.00834 0.204125
0.00837 0.20425
0.0084 0.204375
0.00843 0.2045
0.00846 0.204625
0.00849 0.204625
0.00852 0.20475
0.00855 0.204875
0.00858 0.205
0.00861 0.205125
0.00864 0.20525
0.00867 0.205375
0.0087 0.2055
0.00873 0.205625
0.00876 0.20575
0.00879 0.205875
0.00882 0.206
0.00885 0.206
0.00888 0.206125
0.00891 0.20625
0.00894 0.206375
0.00897 0.2065
0.009 0.206625
0.00903 0.20675
0.00906 0.20675
0.00909 0.206875
0.00912 0.207
0.00915 0.207125
0.00918 0.20725
0.00921 0.207375
0.00924 0.207375
0.00927 0.2075
0.0093 0.207625
0.00933 0.20775
0.00936 0.207875
0.00939 0.207875
0.00942 0.208
0.00945 0.208125
0.00948 0.20825
0.00951 0.20825
0.00954 0.208375
0.00957 0.2085
0.0096 0.208625
0.00963 0.208625
0.00966 0.20875
0.00969 0.208875
0.00972 0.209
0.00975 0.209
0.00978 0.209125
0.00981 0.20925
0.00984 0.20925
0.00987 0.209375
0.0099 0.2095
0.00993 0.2095
0.00996 0.209625
0.00999 0.20975
0.01002 0.209875
0.01005 0.209875
0.01008 0.21
0.01011 0.210125
0.01014 0.210125
0.01017 0.21025
0.0102 0.210375
0.01023 0.210375
0.01026 0.2105
0.01029 0.2105
0.01032 0.210625
0.01035 0.21075
0.01038 0.21075
0.01041 0.210875
0.01044 0.211
0.01047 0.211
0.0105 0.211125
0.01053 0.211125
0.01056 0.21125
0.01059 0.21125
0.01062 0.211375
0.01065 0.2115
0.01068 0.2115
0.01071 0.211625
0.01074 0.211625
0.01077 0.21175
0.0108 0.21175
0.01083 0.211875
0.01086 0.212
0.01089 0.212
0.01092 0.212125
0.01095 0.212125
0.01098 0.21225
0.01101 0.21225
0.01104 0.212375
0.01107 0.212375
0.0111 0.2125
0.01113 0.2125
0.01116 0.212625
0.01119 0.212625
0.01122 0.21275
0.01125 0.21275
0.01128 0.212875
0.01131 0.212875
0.01134 0.213
0.01137 0.213
0.0114 0.213125
0.01143 0.213125
0.01146 0.21325
0.01149 0.21325
0.01152 0.213375
0.01155 0.213375
0.01158 0.2135
0.01161 0.2135
0.01164 0.2135
0.01167 0.213625
0.0117 0.213625
0.01173 0.21375
0.01176 0.21375
0.01179 0.213875
0.01182 0.213875
0.01185 0.213875
0.01188 0.214
0.01191 0.214
0.01194 0.214125
0.01197 0.214125
0.012 0.214125
0.01203 0.21425
0.01206 0.21425
0.01209 0.214375
0.01212 0.214375
0.01215 0.214375
0.01218 0.2145
0.01221 0.2145
0.01224 0.2145
0.01227 0.214625
0.0123 0.214625
0.01233 0.21475
0.01236 0.21475
0.01239 0.21475
0.01242 0.214875
0.01245 0.214875
0.01248 0.214875
0.01251 0.215
0.01254 0.215
0.01257 0.215
0.0126 0.215125
0.01263 0.215125
0.01266 0.215125
0.01269 0.215125
0.01272 0.21525
0.01275 0.21525
0.01278 0.21525
0.01281 0.215375
0.01284 0.215375
0.01287 0.215375
0.0129 0.2155
0.01293 0.2155
0.01296 0.2155
0.01299 0.2155
0.01302 0.215625
0.01305 0.215625
0.01308 0.215625
0.01311 0.21575
0.01314 0.21575
0.01317 0.21575
0.0132 0.21575
0.01323 0.215875
0.01326 0.215875
0.01329 0.215875
0.01332 0.215875
0.01335 0.216
0.01338 0.216
0.01341 0.216
0.01344 0.216
0.01347 0.216
0.0135 0.216125
0.01353 0.216125
0.01356 0.216125
0.01359 0.216125
0.01362 0.21625
0.01365 0.21625
0.01368 0.21625
0.01371 0.21625
0.01374 0.21625
0.01377 0.216375
0.0138 0.216375
0.01383 0.216375
0.01386 0.216375
0.01389 0.216375
0.01392 0.216375
0.01395 0.2165
0.01398 0.2165
0.01401 0.2165
0.01404 0.2165
0.01407 0.2165
0.0141 0.216625
0.01413 0.216625
0.01416 0.216625
0.01419 0.216625
0.01422 0.216625
0.01425 0.216625
0.01428 0.216625
0.01431 0.21675
0.01434 0.21675
0.01437 0.21675
0.0144 0.21675
0.01443 0.21675
0.01446 0.21675
0.01449 0.21675
0.01452 0.21675
0.01455 0.216875
0.01458 0.216875
0.01461 0.216875
0.01464 0.216875
0.01467 0.216875
0.0147 0.216875
0.01473 0.216875
0.01476 0.216875
0.01479 0.216875
0.01482 0.217
0.01485 0.217
0.01488 0.217
0.01491 0.217
0.01494 0.217
0.01497 0.217
0.015 0.217
0.01503 0.217
0.01506 0.217
0.01509 0.217
0.01512 0.217
0.01515 0.217
0.01518 0.217125
0.01521 0.217125
0.01524 0.217125
0.01527 0.217125
0.0153 0.217125
0.01533 0.217125
0.01536 0.217125
0.01539 0.217125
0.01542 0.217125
0.01545 0.217125
0.01548 0.217125
0.01551 0.217125
0.01554 0.217125
0.01557 0.217125
0.0156 0.217125
0.01563 0.217125
0.01566 0.217125
0.01569 0.217125
0.01572 0.217125
0.01575 0.217125
0.01578 0.217125
0.01581 0.21725
0.01584 0.21725
0.01587 0.21725
0.0159 0.21725
0.01593 0.21725
0.01596 0.21725
0.01599 0.21725
0.01602 0.21725
0.01605 0.21725
0.01608 0.21725
0.01611 0.21725
0.01614 0.21725
0.01617 0.21725
0.0162 0.21725
0.01623 0.21725
0.01626 0.21725
0.01629 0.21725
0.01632 0.217125
0.01635 0.217125
0.01638 0.217125
0.01641 0.217125
0.01644 0.217125
0.01647 0.217125
0.0165 0.217125
0.01653 0.217125
0.01656 0.217125
0.01659 0.217
0.01662 0.217
0.01665 0.217
0.01668 0.217
0.01671 0.217
0.01674 0.217
0.01677 0.217
0.0168 0.216875
0.01683 0.216875
0.01686 0.216875
0.01689 0.216875
0.01692 0.216875
0.01695 0.216875
0.01698 0.216875
0.01701 0.21675
0.01704 0.21675
0.01707 0.21675
0.0171 0.21675
0.01713 0.21675
0.01716 0.21675
0.01719 0.21675
0.01722 0.216625
0.01725 0.216625
0.01728 0.216625
0.01731 0.216625
0.01734 0.216625
0.01737 0.216625
0.0174 0.2165
0.01743 0.2165
0.01746 0.2165
0.01749 0.2165
0.01752 0.2165
0.01755 0.216375
0.01758 0.216375
0.01761 0.216375
0.01764 0.216375
0.01767 0.216375
0.0177 0.21625
0.01773 0.21625
0.01776 0.21625
0.01779 0.21625
0.01782 0.216125
0.01785 0.216125
0.01788 0.216125
0.01791 0.216125
0.01794 0.216125
0.01797 0.216
0.018 0.216
0.01803 0.216
0.01806 0.216
0.01809 0.215875
0.01812 0.215875
0.01815 0.215875
0.01818 0.215875
0.01821 0.21575
0.01824 0.21575
0.01827 0.21575
0.0183 0.21575
0.01833 0.215625
0.01836 0.215625
0.01839 0.215625
0.01842 0.215625
0.01845 0.2155
0.01848 0.2155
0.01851 0.2155
0.01854 0.215375
0.01857 0.215375
0.0186 0.215375
0.01863 0.215375
0.01866 0.21525
0.01869 0.21525
0.01872 0.21525
0.01875 0.215125
0.01878 0.215125
0.01881 0.215125
0.01884 0.215125
0.01887 0.215
0.0189 0.215
0.01893 0.215
0.01896 0.214875
0.01899 0.214875
0.01902 0.214875
0.01905 0.21475
0.01908 0.21475
0.01911 0.21475
0.01914 0.214625
0.01917 0.214625
0.0192 0.214625
0.01923 0.2145
0.01926 0.2145
0.01929 0.2145
0.01932 0.214375
0.01935 0.214375
0.01938 0.214375
0.01941 0.21425
0.01944 0.21425
0.01947 0.21425
0.0195 0.214125
0.01953 0.214125
0.01956 0.214
0.01959 0.214
0.01962 0.214
0.01965 0.213875
0.01968 0.213875
0.01971 0.213875
0.01974 0.21375
0.01977 0.21375
0.0198 0.213625
0.01983 0.213625
0.01986 0.213625
0.01989 0.2135
0.01992 0.2135
0.01995 0.213375
0.01998 0.213375
0.02001 0.213375
0.02004 0.21325
0.02007 0.21325
0.0201 0.213125
0.02013 0.213125
0.02016 0.213125
0.02019 0.213
0.02022 0.213
0.02025 0.212875
0.02028 0.212875
0.02031 0.212875
0.02034 0.21275
0.02037 0.21275
0.0204 0.212625
0.02043 0.212625
0.02046 0.2125
0.02049 0.2125
0.02052 0.2125
0.02055 0.212375
0.02058 0.212375
0.02061 0.21225
0.02064 0.21225
0.02067 0.212125
0.0207 0.212125
0.02073 0.212
0.02076 0.212
0.02079 0.212
0.02082 0.211875
0.02085 0.211875
0.02088 0.21175
0.02091 0.21175
0.02094 0.211625
0.02097 0.211625
0.021 0.2115
0.02103 0.2115
0.02106 0.211375
0.02109 0.211375
0.02112 0.21125
0.02115 0.21125
0.02118 0.211125
0.02121 0.211125
0.02124 0.211
0.02127 0.211
0.0213 0.210875
0.02133 0.210875
0.02136 0.21075
0.02139 0.21075
0.02142 0.210625
0.02145 0.210625
0.02148 0.2105
0.02151 0.2105
0.02154 0.210375
0.02157 0.210375
0.0216 0.21025
0.02163 0.21025
0.02166 0.210125
0.02169 0.210125
0.02172 0.21
0.02175 0.21
0.02178 0.209875
0.02181 0.209875
0.02184 0.20975
0.02187 0.20975
0.0219 0.209625
0.02193 0.2095
0.02196 0.2095
0.02199 0.209375
0.02202 0.209375
0.02205 0.20925
0.02208 0.20925
0.02211 0.209125
0.02214 0.209125
0.02217 0.209
0.0222 0.209
0.02223 0.208875
0.02226 0.20875
0.02229 0.20875
0.02232 0.208625
0.02235 0.208625
0.02238 0.2085
0.02241 0.2085
0.02244 0.208375
0.02247 0.20825
0.0225 0.20825
0.02253 0.208125
0.02256 0.208125
0.02259 0.208
0.02262 0.207875
0.02265 0.207875
0.02268 0.20775
0.02271 0.20775
0.02274 0.207625
0.02277 0.2075
0.0228 0.2075
0.02283 0.207375
0.02286 0.207375
0.02289 0.20725
0.02292 0.207125
0.02295 0.207125
0.02298 0.207
0.02301 0.207
0.02304 0.206875
0.02307 0.20675
0.0231 0.20675
0.02313 0.206625
0.02316 0.2065
0.02319 0.2065
0.02322 0.206375
0.02325 0.20625
0.02328 0.20625
0.02331 0.206125
0.02334 0.206125
0.02337 0.206
0.0234 0.205875
0.02343 0.205875
0.02346 0.20575
0.02349 0.205625
0.02352 0.205625
0.02355 0.2055
0.02358 0.205375
0.02361 0.205375
0.02364 0.20525
0.02367 0.205125
0.0237 0.205125
0.02373 0.205
0.02376 0.204875
0.02379 0.204875
0.02382 0.20475
0.02385 0.204625
0.02388 0.204625
0.02391 0.2045
0.02394 0.204375
0.02397 0.20425
0.024 0.20425
0.02403 0.204125
0.02406 0.204
0.02409 0.204
0.02412 0.203875
0.02415 0.20375
0.02418 0.20375
0.02421 0.203625
0.02424 0.2035
0.02427 0.203375
0.0243 0.203375
0.02433 0.20325
0.02436 0.203125
0.02439 0.203125
0.02442 0.203
0.02445 0.202875
0.02448 0.20275
0.02451 0.20275
0.02454 0.202625
0.02457 0.2025
0.0246 0.202375
0.02463 0.202375
0.02466 0.20225
0.02469 0.202125
0.02472 0.202125
0.02475 0.202
0.02478 0.201875
0.02481 0.20175
0.02484 0.20175
0.02487 0.201625
0.0249 0.2015
0.02493 0.201375
0.02496 0.201375
0.02499 0.20125
0.02502 0.201125
0.02505 0.201
0.02508 0.200875
0.02511 0.200875
0.02514 0.20075
0.02517 0.200625
0.0252 0.2005
0.02523 0.2005
0.02526 0.200375
0.02529 0.20025
0.02532 0.200125
0.02535 0.2
0.02538 0.2
0.02541 0.199875
0.02544 0.19975
0.02547 0.199625
0.0255 0.1995
0.02553 0.1995
0.02556 0.199375
0.02559 0.19925
0.02562 0.199125
0.02565 0.199
0.02568 0.199
0.02571 0.198875
0.02574 0.19875
0.02577 0.198625
0.0258 0.1985
0.02583 0.198375
0.02586 0.198375
0.02589 0.19825
0.02592 0.198125
0.02595 0.198
0.02598 0.197875
0.02601 0.19775
0.02604 0.19775
0.02607 0.197625
0.0261 0.1975
0.02613 0.197375
0.02616 0.19725
0.02619 0.197125
0.02622 0.197125
0.02625 0.197
0.02628 0.196875
0.02631 0.19675
0.02634 0.196625
0.02637 0.1965
0.0264 0.196375
0.02643 0.196375
0.02646 0.19625
0.02649 0.196125
0.02652 0.196
0.02655 0.195875
0.02658 0.19575
0.02661 0.195625
0.02664 0.1955
0.02667 0.1955
0.0267 0.195375
0.02673 0.19525
0.02676 0.195125
0.02679 0.195
0.02682 0.194875
0.02685 0.19475
0.02688 0.194625
0.02691 0.1945
0.02694 0.1945
0.02697 0.194375
0.027 0.19425
0.02703 0.194125
0.02706 0.194
0.02709 0.193875
0.02712 0.19375
0.02715 0.193625
0.02718 0.1935
0.02721 0.193375
0.02724 0.19325
0.02727 0.193125
0.0273 0.193125
0.02733 0.193
0.02736 0.192875
0.02739 0.19275
0.02742 0.192625
0.02745 0.1925
0.02748 0.192375
0.02751 0.19225
0.02754 0.192125
0.02757 0.192
0.0276 0.191875
0.02763 0.19175
0.02766 0.191625
0.02769 0.1915
0.02772 0.191375
0.02775 0.19125
0.02778 0.191125
0.02781 0.191
0.02784 0.190875
0.02787 0.19075
0.0279 0.190625
0.02793 0.190625
0.02796 0.1905
0.02799 0.190375
0.02802 0.19025
0.02805 0.190125
0.02808 0.19
0.02811 0.189875
0.02814 0.18975
0.02817 0.189625
0.0282 0.1895
0.02823 0.189375
0.02826 0.18925
0.02829 0.189125
0.02832 0.189
0.02835 0.188875
0.02838 0.18875
0.02841 0.188625
0.02844 0.1885
0.02847 0.188375
0.0285 0.18825
0.02853 0.188125
0.02856 0.188
0.02859 0.18775
0.02862 0.187625
0.02865 0.1875
0.02868 0.187375
0.02871 0.18725
0.02874 0.187125
0.02877 0.187
0.0288 0.186875
0.02883 0.18675
0.02886 0.186625
0.02889 0.1865
0.02892 0.186375
0.02895 0.18625
0.02898 0.186125
0.02901 0.186
0.02904 0.185875
0.02907 0.18575
0.0291 0.185625
0.02913 0.1855
0.02916 0.185375
0.02919 0.18525
0.02922 0.185
0.02925 0.184875
0.02928 0.18475
0.02931 0.184625
0.02934 0.1845
0.02937 0.184375
0.0294 0.18425
0.02943 0.184125
0.02946 0.184
0.02949 0.183875
0.02952 0.18375
0.02955 0.183625
0.02958 0.183375
0.02961 0.18325
0.02964 0.183125
0.02967 0.183
0.0297 0.182875
0.02973 0.18275
0.02976 0.182625
0.02979 0.1825
0.02982 0.182375
0.02985 0.18225
0.02988 0.182
0.02991 0.181875
0.02994 0.18175
0.02997 0.181625
0.03 0.1815
0.03003 0.181375
0.03006 0.18125
0.03009 0.181
0.03012 0.180875
0.03015 0.18075
0.03018 0.180625
0.03021 0.1805
0.03024 0.180375
0.03027 0.18025
0.0303 0.18
0.03033 0.179875
0.03036 0.17975
0.03039 0.179625
0.03042 0.1795
0.03045 0.179375
0.03048 0.179125
0.03051 0.179
0.03054 0.178875
0.03057 0.17875
0.0306 0.178625
0.03063 0.1785
0.03066 0.17825
0.03069 0.178125
0.03072 0.178
0.03075 0.177875
0.03078 0.17775
0.03081 0.1775
0.03084 0.177375
0.03087 0.17725
0.0309 0.177125
0.03093 0.177
0.03096 0.17675
0.03099 0.176625
0.03102 0.1765
0.03105 0.176375
0.03108 0.17625
0.03111 0.176
0.03114 0.175875
0.03117 0.17575
0.0312 0.175625
0.03123 0.1755
0.03126 0.17525
0.03129 0.175125
0.03132 0.175
0.03135 0.174875
0.03138 0.174625
0.03141 0.1745
0.03144 0.174375
0.03147 0.17425
0.0315 0.174
0.03153 0.173875
0.03156 0.17375
0.03159 0.173625
0.03162 0.173375
0.03165 0.17325
0.03168 0.173125
0.03171 0.173
0.03174 0.17275
0.03177 0.172625
0.0318 0.1725
0.03183 0.172375
0.03186 0.172125
0.03189 0.172
0.03192 0.171875
0.03195 0.171625
0.03198 0.1715
0.03201 0.171375
0.03204 0.17125
0.03207 0.171
0.0321 0.170875
0.03213 0.17075
0.03216 0.1705
0.03219 0.170375
0.03222 0.17025
0.03225 0.17
0.03228 0.169875
0.03231 0.16975
0.03234 0.1695
0.03237 0.169375
0.0324 0.16925
0.03243 0.169
0.03246 0.168875
0.03249 0.16875
0.03252 0.1685
0.03255 0.168375
0.03258 0.16825
0.03261 0.168
0.03264 0.167875
0.03267 0.16775
0.0327 0.1675
0.03273 0.167375
0.03276 0.16725
0.03279 0.167
0.03282 0.166875
0.03285 0.16675
0.03288 0.1665
0.03291 0.166375
0.03294 0.16625
0.03297 0.166
0.033 0.165875
0.03303 0.165625
0.03306 0.1655
0.03309 0.165375
0.03312 0.165125
0.03315 0.165
0.03318 0.164875
0.03321 0.164625
0.03324 0.1645
0.03327 0.16425
0.0333 0.164125
0.03333 0.164
0.03336 0.16375
0.03339 0.163625
0.03342 0.163375
0.03345 0.16325
0.03348 0.163
0.03351 0.162875
0.03354 0.16275
0.03357 0.1625
0.0336 0.162375
0.03363 0.162125
0.03366 0.162
0.03369 0.16175
0.03372 0.161625
0.03375 0.1615
0.03378 0.16125
0.03381 0.161125
0.03384 0.160875
0.03387 0.16075
0.0339 0.1605
0.03393 0.160375
0.03396 0.160125
0.03399 0.16
0.03402 0.159875
0.03405 0.159625
0.03408 0.1595
0.03411 0.15925
0.03414 0.159125
0.03417 0.158875
0.0342 0.15875
0.03423 0.1585
0.03426 0.158375
0.03429 0.158125
0.03432 0.158
0.03435 0.15775
0.03438 0.157625
0.03441 0.157375
0.03444 0.15725
0.03447 0.157
0.0345 0.156875
0.03453 0.156625
0.03456 0.1565
0.03459 0.15625
0.03462 0.156125
0.03465 0.155875
0.03468 0.15575
0.03471 0.1555
0.03474 0.155375
0.03477 0.155125
0.0348 0.154875
0.03483 0.15475
0.03486 0.1545
0.03489 0.154375
0.03492 0.154125
0.03495 0.154
0.03498 0.15375
0.03501 0.153625
0.03504 0.153375
0.03507 0.153125
0.0351 0.153
0.03513 0.15275
0.03516 0.152625
0.03519 0.152375
0.03522 0.15225
0.03525 0.152
0.03528 0.15175
0.03531 0.151625
0.03534 0.151375
0.03537 0.15125
0.0354 0.151
0.03543 0.15075
0.03546 0.150625
0.03549 0.150375
0.03552 0.15025
0.03555 0.15
0.03558 0.14975
0.03561 0.149625
0.03564 0.149375
0.03567 0.14925
0.0357 0.149
0.03573 0.14875
0.03576 0.148625
0.03579 0.148375
0.03582 0.148125
0.03585 0.148
0.03588 0.14775
0.03591 0.1475
0.03594 0.147375
0.03597 0.147125
0.036 0.146875
0.03603 0.14675
0.03606 0.1465
0.03609 0.14625
0.03612 0.146125
0.03615 0.145875
0.03618 0.145625
0.03621 0.1455
0.03624 0.14525
0.03627 0.145
0.0363 0.144875
0.03633 0.144625
0.03636 0.144375
0.03639 0.14425
0.03642 0.144
0.03645 0.14375
0.03648 0.1435
0.03651 0.143375
0.03654 0.143125
0.03657 0.142875
0.0366 0.14275
0.03663 0.1425
0.03666 0.14225
0.03669 0.142
0.03672 0.141875
0.03675 0.141625
0.03678 0.141375
0.03681 0.141125
0.03684 0.141
0.03687 0.14075
0.0369 0.1405
0.03693 0.14025
0.03696 0.140125
0.03699 0.139875
0.03702 0.139625
0.03705 0.139375
0.03708 0.13925
0.03711 0.139
0.03714 0.13875
0.03717 0.1385
0.0372 0.13825
0.03723 0.138125
0.03726 0.137875
0.03729 0.137625
0.03732 0.137375
0.03735 0.137125
0.03738 0.137
0.03741 0.13675
0.03744 0.1365
0.03747 0.13625
0.0375 0.136
0.03753 0.13575
0.03756 0.135625
0.03759 0.135375
0.03762 0.135125
0.03765 0.134875
0.03768 0.134625
0.03771 0.134375
0.03774 0.13425
0.03777 0.134
0.0378 0.13375
0.03783 0.1335
0.03786 0.13325
0.03789 0.133
0.03792 0.13275
0.03795 0.1325
0.03798 0.132375
0.03801 0.132125
0.03804 0.131875
0.03807 0.131625
0.0381 0.131375
0.03813 0.131125
0.03816 0.130875
0.03819 0.130625
0.03822 0.130375
0.03825 0.130125
0.03828 0.13
0.03831 0.12975
0.03834 0.1295
0.03837 0.12925
0.0384 0.129
0.03843 0.12875
0.03846 0.1285
0.03849 0.12825
0.03852 0.128
0.03855 0.12775
0.03858 0.1275
0.03861 0.12725
0.03864 0.127
0.03867 0.12675
0.0387 0.1265
0.03873 0.12625
0.03876 0.126
0.03879 0.12575
0.03882 0.1255
0.03885 0.12525
0.03888 0.125
0.03891 0.12475
0.03894 0.1245
0.03897 0.12425
0.039 0.124
0.03903 0.12375
0.03906 0.1235
0.03909 0.12325
0.03912 0.123
0.03915 0.12275
0.03918 0.1225
0.03921 0.12225
0.03924 0.122
0.03927 0.12175
0.0393 0.1215
0.03933 0.12125
0.03936 0.121
0.03939 0.12075
0.03942 0.120375
0.03945 0.120125
0.03948 0.119875
0.03951 0.119625
0.03954 0.119375
0.03957 0.119125
0.0396 0.118875
0.03963 0.118625
0.03966 0.118375
0.03969 0.118125
0.03972 0.11775
0.03975 0.1175
0.03978 0.11725
0.03981 0.117
0.03984 0.11675
0.03987 0.1165
0.0399 0.11625
0.03993 0.115875
0.03996 0.115625
0.03999 0.115375
0.04002 0.115125
0.04005 0.114875
0.04008 0.114625
0.04011 0.11425
0.04014 0.114
0.04017 0.11375
0.0402 0.1135
0.04023 0.11325
0.04026 0.112875
0.04029 0.112625
0.04032 0.112375
0.04035 0.112125
0.04038 0.11175
0.04041 0.1115
0.04044 0.11125
0.04047 0.111
0.0405 0.110625
0.04053 0.110375
0.04056 0.110125
0.04059 0.109875
0.04062 0.1095
0.04065 0.10925
0.04068 0.109
0.04071 0.10875
0.04074 0.108375
0.04077 0.108125
0.0408 0.107875
0.04083 0.1075
0.04086 0.10725
0.04089 0.107
0.04092 0.106625
0.04095 0.106375
0.04098 0.106125
0.04101 0.10575
0.04104 0.1055
0.04107 0.10525
0.0411 0.104875
0.04113 0.104625
0.04116 0.104375
0.04119 0.104
0.04122 0.10375
0.04125 0.1035
0.04128 0.103125
0.04131 0.102875
0.04134 0.1025
0.04137 0.10225
0.0414 0.102
0.04143 0.101625
0.04146 0.101375
0.04149 0.101
0.04152 0.10075
0.04155 0.100375
0.04158 0.100125
0.04161 0.099875
0.04164 0.0995
0.04167 0.09925
0.0417 0.098875
0.04173 0.098625
0.04176 0.09825
0.04179 0.098
0.04182 0.097625
0.04185 0.097375
0.04188 0.097
0.04191 0.09675
0.04194 0.096375
0.04197 0.096125
0.042 0.09575
0.04203 0.0955
0.04206 0.095125
0.04209 0.09475
0.04212 0.0945
0.04215 0.094125
0.04218 0.093875
0.04221 0.0935
0.04224 0.09325
0.04227 0.092875
0.0423 0.0925
0.04233 0.09225
0.04236 0.091875
0.04239 0.0915
0.04242 0.09125
0.04245 0.090875
0.04248 0.090625
0.04251 0.09025
0.04254 0.089875
0.04257 0.089625
0.0426 0.08925
0.04263 0.088875
0.04266 0.088625
0.04269 0.08825
0.04272 0.087875
0.04275 0.0875
0.04278 0.08725
0.04281 0.086875
0.04284 0.0865
0.04287 0.08625
0.0429 0.085875
0.04293 0.0855
0.04296 0.085125
0.04299 0.08475
0.04302 0.0845
0.04305 0.084125
0.04308 0.08375
0.04311 0.083375
0.04314 0.083
0.04317 0.08275
0.0432 0.082375
0.04323 0.082
0.04326 0.081625
0.04329 0.08125
0.04332 0.080875
0.04335 0.0805
0.04338 0.08025
0.04341 0.079875
0.04344 0.0795
0.04347 0.079125
0.0435 0.07875
0.04353 0.078375
0.04356 0.078
0.04359 0.077625
0.04362 0.07725
0.04365 0.076875
0.04368 0.0765
0.04371 0.076125
0.04374 0.07575
0.04377 0.075375
0.0438 0.075
0.04383 0.074625
0.04386 0.07425
0.04389 0.073875
0.04392 0.0735
0.04395 0.073125
0.04398 0.07275
0.04401 0.072375
0.04404 0.071875
0.04407 0.0715
0.0441 0.071125
0.04413 0.07075
0.04416 0.070375
0.04419 0.07
0.04422 0.0695
0.04425 0.069125
0.04428 0.06875
0.04431 0.068375
0.04434 0.067875
0.04437 0.0675
0.0444 0.067125
0.04443 0.06675
0.04446 0.06625
0.04449 0.065875
0.04452 0.0655
0.04455 0.065
0.04458 0.064625
0.04461 0.06425
0.04464 0.06375
0.04467 0.063375
0.0447 0.062875
0.04473 0.0625
0.04476 0.062
0.04479 0.061625
0.04482 0.061125
0.04485 0.06075
0.04488 0.06025
0.04491 0.059875
0.04494 0.059375
0.04497 0.059
0.045 0.0585
0.04503 0.058
0.04506 0.057625
0.04509 0.057125
0.04512 0.056625
0.04515 0.05625
0.04518 0.05575
0.04521 0.05525
0.04524 0.05475
0.04527 0.05425
0.0453 0.05375
0.04533 0.053375
0.04536 0.052875
0.04539 0.052375
0.04542 0.051875
0.04545 0.051375
0.04548 0.050875
0.04551 0.050375
0.04554 0.049875
0.04557 0.04925
0.0456 0.04875
0.04563 0.04825
0.04566 0.04775
0.04569 0.04725
0.04572 0.046625
0.04575 0.046125
0.04578 0.045625
0.04581 0.045
0.04584 0.0445
0.04587 0.043875
0.0459 0.04325
0.04593 0.04275
0.04596 0.042125
0.04599 0.0415
0.04602 0.041
0.04605 0.040375
0.04608 0.03975
0.04611 0.039125
0.04614 0.0385
0.04617 0.03775
0.0462 0.037125
0.04623 0.0365
0.04626 0.03575
0.04629 0.035125
0.04632 0.034375
0.04635 0.033625
0.04638 0.032875
0.04641 0.032125
0.04644 0.031375
0.04647 0.030625
0.0465 0.02975
0.04653 0.028875
0.04656 0.028
0.04659 0.027125
0.04662 0.02625
0.04665 0.02525
0.04668 0.02425
0.04671 0.023125
0.04674 0.022
0.04677 0.02075
0.0468 0.0195
0.04683 0.018125
0.04686 0.0165
0.04689 0.01475
0.04692 0.01275
0.04695 0.01025
0.04698 0.006625
0.04701 0
0.04704 0
0.04707 0
0.0471 0
0.04713 0
0.04716 0
0.04719 0
0.04722 0
0.04725 0
0.04728 0
0.04731 0
0.04734 0
0.04737 0
0.0474 0
0.04743 0
0.04746 0
0.04749 0
0.04752 0
0.04755 0
0.04758 0
0.04761 0
0.04764 0
0.04767 0
0.0477 0
0.04773 0
0.04776 0
0.04779 0
0.04782 0
0.04785 0
0.04788 0
0.04791 0
0.04794 0
0.04797 0
0.048 0
0.04803 0
0.04806 0
0.04809 0
0.04812 0
0.04815 0
0.04818 0
0.04821 0
0.04824 0
0.04827 0
0.0483 0
0.04833 0
0.04836 0
0.04839 0
0.04842 0
0.04845 0
0.04848 0
0.04851 0
0.04854 0
0.04857 0
0.0486 0
0.04863 0
0.04866 0
0.04869 0
0.04872 0
0.04875 0
0.04878 0
0.04881 0
0.04884 0
0.04887 0
0.0489 0
0.04893 0
0.04896 0
0.04899 0
0.04902 0
0.04905 0
0.04908 0
0.04911 0
0.04914 0
0.04917 0
0.0492 0
0.04923 0
