0 0.09575
3e-05 0.1005
6e-05 0.104125
9e-05 0.107125
0.00012 0.10975
0.00015 0.11225
0.00018 0.114375
0.00021 0.1165
0.00024 0.118375
0.00027 0.120125
0.0003 0.121875
0.00033 0.1235
0.00036 0.125125
0.00039 0.126625
0.00042 0.128
0.00045 0.129375
0.00048 0.13075
0.00051 0.132
0.00054 0.133375
0.00057 0.1345
0.0006 0.13575
0.00063 0.136875
0.00066 0.138
0.00069 0.139125
0.00072 0.14025
0.00075 0.14125
0.00078 0.142375
0.00081 0.143375
0.00084 0.144375
0.00087 0.145375
0.0009 0.146375
0.00093 0.14725
0.00096 0.14825
0.00099 0.149125
0.00102 0.15
0.00105 0.150875
0.00108 0.15175
0.00111 0.152625
0.00114 0.1535
0.00117 0.15425
0.0012 0.155125
0.00123 0.155875
0.00126 0.156625
0.00129 0.1575
0.00132 0.15825
0.00135 0.159
0.00138 0.15975
0.00141 0.1605
0.00144 0.16125
0.00147 0.161875
0.0015 0.162625
0.00153 0.163375
0.00156 0.164
0.00159 0.16475
0.00162 0.165375
0.00165 0.166
0.00168 0.16675
0.00171 0.167375
0.00174 0.168
0.00177 0.168625
0.0018 0.16925
0.00183 0.169875
0.00186 0.1705
0.00189 0.171125
0.00192 0.17175
0.00195 0.172375
0.00198 0.173
0.00201 0.1735
0.00204 0.174125
0.00207 0.17475
0.0021 0.17525
0.00213 0.175875
0.00216 0.1765
0.00219 0.177
0.00222 0.177625
0.00225 0.178125
0.00228 0.178625
0.00231 0.17925
0.00234 0.17975
0.00237 0.18025
0.0024 0.18075
0.00243 0.181375
0.00246 0.181875
0.00249 0.182375
0.00252 0.182875
0.00255 0.183375
0.00258 0.183875
0.00261 0.184375
0.00264 0.184875
0.00267 0.185375
0.0027 0.185875
0.00273 0.186375
0.00276 0.186875
0.00279 0.187375
0.00282 0.18775
0.00285 0.18825
0.00288 0.18875
0.00291 0.18925
0.00294 0.189625
0.00297 0.190125
0.003 0.190625
0.00303 0.191
0.00306 0.1915
0.00309 0.191875
0.00312 0.192375
0.00315 0.19275
0.00318 0.19325
0.00321 0.193625
0.00324 0.194125
0.00327 0.1945
0.0033 0.195
0.00333 0.195375
0.00336 0.19575
0.00339 0.19625
0.00342 0.196625
0.00345 0.197
0.00348 0.1975
0.00351 0.197875
0.00354 0.19825
0.00357 0.198625
0.0036 0.199125
0.00363 0.1995
0.00366 0.199875
0.00369 0.20025
0.00372 0.200625
0.00375 0.201
0.00378 0.201375
0.00381 0.20175
0.00384 0.202125
0.00387 0.202625
0.0039 0.203
0.00393 0.203375
0.00396 0.20375
0.00399 0.204125
0.00402 0.204375
0.00405 0.20475
0.00408 0.205125
0.00411 0.2055
0.00414 0.205875
0.00417 0.20625
0.0042 0.206625
0.00423 0.207
0.00426 0.207375
0.00429 0.207625
0.00432 0.208
0.00435 0.208375
0.00438 0.20875
0.00441 0.209
0.00444 0.209375
0.00447 0.20975
0.0045 0.210125
0.00453 0.210375
0.00456 0.21075
0.00459 0.211125
0.00462 0.211375
0.00465 0.21175
0.00468 0.212125
0.00471 0.212375
0.00474 0.21275
0.00477 0.213
0.0048 0.213375
0.00483 0.213625
0.00486 0.214
0.00489 0.214375
0.00492 0.214625
0.00495 0.215
0.00498 0.21525
0.00501 0.215625
0.00504 0.215875
0.00507 0.21625
0.0051 0.2165
0.00513 0.21675
0.00516 0.217125
0.00519 0.217375
0.00522 0.21775
0.00525 0.218
0.00528 0.21825
0.00531 0.218625
0.00534 0.218875
0.00537 0.21925
0.0054 0.2195
0.00543 0.21975
0.00546 0.220125
0.00549 0.220375
0.00552 0.220625
0.00555 0.220875
0.00558 0.22125
0.00561 0.2215
0.00564 0.22175
0.00567 0.222125
0.0057 0.222375
0.00573 0.222625
0.00576 0.222875
0.00579 0.223125
0.00582 0.2235
0.00585 0.22375
0.00588 0.224
0.00591 0.22425
0.00594 0.2245
0.00597 0.22475
0.006 0.225125
0.00603 0.225375
0.00606 0.225625
0.00609 0.225875
0.00612 0.226125
0.00615 0.226375
0.00618 0.226625
0.00621 0.226875
0.00624 0.227125
0.00627 0.227375
0.0063 0.227625
0.00633 0.228
0.00636 0.22825
0.00639 0.2285
0.00642 0.22875
0.00645 0.229
0.00648 0.22925
0.00651 0.2295
0.00654 0.22975
0.00657 0.23
0.0066 0.23025
0.00663 0.2305
0.00666 0.230625
0.00669 0.230875
0.00672 0.231125
0.00675 0.231375
0.00678 0.231625
0.00681 0.231875
0.00684 0.232125
0.00687 0.232375
0.0069 0.232625
0.00693 0.232875
0.00696 0.233125
0.00699 0.23325
0.00702 0.2335
0.00705 0.23375
0.00708 0.234
0.00711 0.23425
0.00714 0.2345
0.00717 0.234625
0.0072 0.234875
0.00723 0.235125
0.00726 0.235375
0.00729 0.235625
0.00732 0.23575
0.00735 0.236
0.00738 0.23625
0.00741 0.2365
0.00744 0.23675
0.00747 0.236875
0.0075 0.237125
0.00753 0.237375
0.00756 0.237625
0.00759 0.23775
0.00762 0.238
0.00765 0.23825
0.00768 0.238375
0.00771 0.238625
0.00774 0.238875
0.00777 0.239
0.0078 0.23925
0.00783 0.2395
0.00786 0.239625
0.00789 0.239875
0.00792 0.240125
0.00795 0.24025
0.00798 0.2405
0.00801 0.24075
0.00804 0.240875
0.00807 0.241125
0.0081 0.241375
0.00813 0.2415
0.00816 0.24175
0.00819 0.241875
0.00822 0.242125
0.00825 0.242375
0.00828 0.2425
0.00831 0.24275
0.00834 0.242875
0.00837 0.243125
0.0084 0.24325
0.00843 0.2435
0.00846 0.24375
0.00849 0.243875
0.00852 0.244125
0.00855 0.24425
0.00858 0.2445
0.00861 0.244625
0.00864 0.244875
0.00867 0.245
0.0087 0.24525
0.00873 0.245375
0.00876 0.245625
0.00879 0.24575
0.00882 0.246
0.00885 0.246125
0.00888 0.246375
0.00891 0.2465
0.00894 0.246625
0.00897 0.246875
0.009 0.247
0.00903 0.24725
0.00906 0.247375
0.00909 0.247625
0.00912 0.24775
0.00915 0.248
0.00918 0.248125
0.00921 0.24825
0.00924 0.2485
0.00927 0.248625
0.0093 0.248875
0.00933 0.249
0.00936 0.249125
0.00939 0.249375
0.00942 0.2495
0.00945 0.249625
0.00948 0.249875
0.00951 0.25
0.00954 0.25025
0.00957 0.250375
0.0096 0.2505
0.00963 0.25075
0.00966 0.250875
0.00969 0.251
0.00972 0.25125
0.00975 0.251375
0.00978 0.2515
0.00981 0.25175
0.00984 0.251875
0.00987 0.252
0.0099 0.252125
0.00993 0.252375
0.00996 0.2525
0.00999 0.252625
0.01002 0.252875
0.01005 0.253
0.01008 0.253125
0.01011 0.25325
0.01014 0.2535
0.01017 0.253625
0.0102 0.25375
0.01023 0.253875
0.01026 0.254125
0.01029 0.25425
0.01032 0.254375
0.01035 0.2545
0.01038 0.25475
0.01041 0.254875
0.01044 0.255
0.01047 0.255125
0.0105 0.255375
0.01053 0.2555
0.01056 0.255625
0.01059 0.25575
0.01062 0.255875
0.01065 0.256125
0.01068 0.25625
0.01071 0.256375
0.01074 0.2565
0.01077 0.256625
0.0108 0.25675
0.01083 0.257
0.01086 0.257125
0.01089 0.25725
0.01092 0.257375
0.01095 0.2575
0.01098 0.257625
0.01101 0.257875
0.01104 0.258
0.01107 0.258125
0.0111 0.25825
0.01113 0.258375
0.01116 0.2585
0.01119 0.258625
0.01122 0.25875
0.01125 0.259
0.01128 0.259125
0.01131 0.25925
0.01134 0.259375
0.01137 0.2595
0.0114 0.259625
0.01143 0.25975
0.01146 0.259875
0.01149 0.26
0.01152 0.260125
0.01155 0.26025
0.01158 0.260375
0.01161 0.260625
0.01164 0.26075
0.01167 0.260875
0.0117 0.261
0.01173 0.261125
0.01176 0.26125
0.01179 0.261375
0.01182 0.2615
0.01185 0.261625
0.01188 0.26175
0.01191 0.261875
0.01194 0.262
0.01197 0.262125
0.012 0.26225
0.01203 0.262375
0.01206 0.2625
0.01209 0.262625
0.01212 0.26275
0.01215 0.262875
0.01218 0.263
0.01221 0.263125
0.01224 0.26325
0.01227 0.263375
0.0123 0.2635
0.01233 0.263625
0.01236 0.26375
0.01239 0.263875
0.01242 0.264
0.01245 0.264125
0.01248 0.26425
0.01251 0.264375
0.01254 0.2645
0.01257 0.264625
0.0126 0.26475
0.01263 0.264875
0.01266 0.265
0.01269 0.265125
0.01272 0.26525
0.01275 0.26525
0.01278 0.265375
0.01281 0.2655
0.01284 0.265625
0.01287 0.26575
0.0129 0.265875
0.01293 0.266
0.01296 0.266125
0.01299 0.26625
0.01302 0.266375
0.01305 0.2665
0.01308 0.266625
0.01311 0.266625
0.01314 0.26675
0.01317 0.266875
0.0132 0.267
0.01323 0.267125
0.01326 0.26725
0.01329 0.267375
0.01332 0.2675
0.01335 0.267625
0.01338 0.267625
0.01341 0.26775
0.01344 0.267875
0.01347 0.268
0.0135 0.268125
0.01353 0.26825
0.01356 0.268375
0.01359 0.268375
0.01362 0.2685
0.01365 0.268625
0.01368 0.26875
0.01371 0.268875
0.01374 0.269
0.01377 0.269
0.0138 0.269125
0.01383 0.26925
0.01386 0.269375
0.01389 0.2695
0.01392 0.269625
0.01395 0.269625
0.01398 0.26975
0.01401 0.269875
0.01404 0.27
0.01407 0.270125
0.0141 0.270125
0.01413 0.27025
0.01416 0.270375
0.01419 0.2705
0.01422 0.270625
0.01425 0.270625
0.01428 0.27075
0.01431 0.270875
0.01434 0.271
0.01437 0.271
0.0144 0.271125
0.01443 0.27125
0.01446 0.271375
0.01449 0.2715
0.01452 0.2715
0.01455 0.271625
0.01458 0.27175
0.01461 0.271875
0.01464 0.271875
0.01467 0.272
0.0147 0.272125
0.01473 0.27225
0.01476 0.27225
0.01479 0.272375
0.01482 0.2725
0.01485 0.272625
0.01488 0.272625
0.01491 0.27275
0.01494 0.272875
0.01497 0.272875
0.015 0.273
0.01503 0.273125
0.01506 0.27325
0.01509 0.27325
0.01512 0.273375
0.01515 0.2735
0.01518 0.2735
0.01521 0.273625
0.01524 0.27375
0.01527 0.27375
0.0153 0.273875
0.01533 0.274
0.01536 0.274125
0.01539 0.274125
0.01542 0.27425
0.01545 0.274375
0.01548 0.274375
0.01551 0.2745
0.01554 0.274625
0.01557 0.274625
0.0156 0.27475
0.01563 0.274875
0.01566 0.274875
0.01569 0.275
0.01572 0.275125
0.01575 0.275125
0.01578 0.27525
0.01581 0.275375
0.01584 0.275375
0.01587 0.2755
0.0159 0.275625
0.01593 0.275625
0.01596 0.27575
0.01599 0.27575
0.01602 0.275875
0.01605 0.276
0.01608 0.276
0.01611 0.276125
0.01614 0.27625
0.01617 0.27625
0.0162 0.276375
0.01623 0.276375
0.01626 0.2765
0.01629 0.276625
0.01632 0.276625
0.01635 0.27675
0.01638 0.276875
0.01641 0.276875
0.01644 0.277
0.01647 0.277
0.0165 0.277125
0.01653 0.27725
0.01656 0.27725
0.01659 0.277375
0.01662 0.277375
0.01665 0.2775
0.01668 0.277625
0.01671 0.277625
0.01674 0.27775
0.01677 0.27775
0.0168 0.277875
0.01683 0.277875
0.01686 0.278
0.01689 0.278125
0.01692 0.278125
0.01695 0.27825
0.01698 0.27825
0.01701 0.278375
0.01704 0.278375
0.01707 0.2785
0.0171 0.2785
0.01713 0.278625
0.01716 0.27875
0.01719 0.27875
0.01722 0.278875
0.01725 0.278875
0.01728 0.279
0.01731 0.279
0.01734 0.279125
0.01737 0.279125
0.0174 0.27925
0.01743 0.27925
0.01746 0.279375
0.01749 0.279375
0.01752 0.2795
0.01755 0.279625
0.01758 0.279625
0.01761 0.27975
0.01764 0.27975
0.01767 0.279875
0.0177 0.279875
0.01773 0.28
0.01776 0.28
0.01779 0.280125
0.01782 0.280125
0.01785 0.28025
0.01788 0.28025
0.01791 0.280375
0.01794 0.280375
0.01797 0.2805
0.018 0.2805
0.01803 0.280625
0.01806 0.280625
0.01809 0.28075
0.01812 0.28075
0.01815 0.280875
0.01818 0.280875
0.01821 0.281
0.01824 0.281
0.01827 0.281
0.0183 0.281125
0.01833 0.281125
0.01836 0.28125
0.01839 0.28125
0.01842 0.281375
0.01845 0.281375
0.01848 0.2815
0.01851 0.2815
0.01854 0.281625
0.01857 0.281625
0.0186 0.28175
0.01863 0.28175
0.01866 0.28175
0.01869 0.281875
0.01872 0.281875
0.01875 0.282
0.01878 0.282
0.01881 0.282125
0.01884 0.282125
0.01887 0.28225
0.0189 0.28225
0.01893 0.28225
0.01896 0.282375
0.01899 0.282375
0.01902 0.2825
0.01905 0.2825
0.01908 0.282625
0.01911 0.282625
0.01914 0.282625
0.01917 0.28275
0.0192 0.28275
0.01923 0.282875
0.01926 0.282875
0.01929 0.282875
0.01932 0.283
0.01935 0.283
0.01938 0.283125
0.01941 0.283125
0.01944 0.283125
0.01947 0.28325
0.0195 0.28325
0.01953 0.283375
0.01956 0.283375
0.01959 0.283375
0.01962 0.2835
0.01965 0.2835
0.01968 0.283625
0.01971 0.283625
0.01974 0.283625
0.01977 0.28375
0.0198 0.28375
0.01983 0.283875
0.01986 0.283875
0.01989 0.283875
0.01992 0.284
0.01995 0.284
0.01998 0.284
0.02001 0.284125
0.02004 0.284125
0.02007 0.284125
0.0201 0.28425
0.02013 0.28425
0.02016 0.284375
0.02019 0.284375
0.02022 0.284375
0.02025 0.2845
0.02028 0.2845
0.02031 0.2845
0.02034 0.284625
0.02037 0.284625
0.0204 0.284625
0.02043 0.28475
0.02046 0.28475
0.02049 0.28475
0.02052 0.284875
0.02055 0.284875
0.02058 0.284875
0.02061 0.285
0.02064 0.285
0.02067 0.285
0.0207 0.285125
0.02073 0.285125
0.02076 0.285125
0.02079 0.28525
0.02082 0.28525
0.02085 0.28525
0.02088 0.285375
0.02091 0.285375
0.02094 0.285375
0.02097 0.2855
0.021 0.2855
0.02103 0.2855
0.02106 0.2855
0.02109 0.285625
0.02112 0.285625
0.02115 0.285625
0.02118 0.28575
0.02121 0.28575
0.02124 0.28575
0.02127 0.285875
0.0213 0.285875
0.02133 0.285875
0.02136 0.285875
0.02139 0.286
0.02142 0.286
0.02145 0.286
0.02148 0.286125
0.02151 0.286125
0.02154 0.286125
0.02157 0.286125
0.0216 0.28625
0.02163 0.28625
0.02166 0.28625
0.02169 0.286375
0.02172 0.286375
0.02175 0.286375
0.02178 0.286375
0.02181 0.2865
0.02184 0.2865
0.02187 0.2865
0.0219 0.2865
0.02193 0.286625
0.02196 0.286625
0.02199 0.286625
0.02202 0.286625
0.02205 0.28675
0.02208 0.28675
0.02211 0.28675
0.02214 0.28675
0.02217 0.286875
0.0222 0.286875
0.02223 0.286875
0.02226 0.286875
0.02229 0.287
0.02232 0.287
0.02235 0.287
0.02238 0.287
0.02241 0.287125
0.02244 0.287125
0.02247 0.287125
0.0225 0.287125
0.02253 0.28725
0.02256 0.28725
0.02259 0.28725
0.02262 0.28725
0.02265 0.287375
0.02268 0.287375
0.02271 0.287375
0.02274 0.287375
0.02277 0.287375
0.0228 0.2875
0.02283 0.2875
0.02286 0.2875
0.02289 0.2875
0.02292 0.2875
0.02295 0.287625
0.02298 0.287625
0.02301 0.287625
0.02304 0.287625
0.02307 0.287625
0.0231 0.28775
0.02313 0.28775
0.02316 0.28775
0.02319 0.28775
0.02322 0.28775
0.02325 0.287875
0.02328 0.287875
0.02331 0.287875
0.02334 0.287875
0.02337 0.287875
0.0234 0.288
0.02343 0.288
0.02346 0.288
0.02349 0.288
0.02352 0.288
0.02355 0.288125
0.02358 0.288125
0.02361 0.288125
0.02364 0.288125
0.02367 0.288125
0.0237 0.288125
0.02373 0.28825
0.02376 0.28825
0.02379 0.28825
0.02382 0.28825
0.02385 0.28825
0.02388 0.28825
0.02391 0.288375
0.02394 0.288375
0.02397 0.288375
0.024 0.288375
0.02403 0.288375
0.02406 0.288375
0.02409 0.2885
0.02412 0.2885
0.02415 0.2885
0.02418 0.2885
0.02421 0.2885
0.02424 0.2885
0.02427 0.2885
0.0243 0.288625
0.02433 0.288625
0.02436 0.288625
0.02439 0.288625
0.02442 0.288625
0.02445 0.288625
0.02448 0.288625
0.02451 0.28875
0.02454 0.28875
0.02457 0.28875
0.0246 0.28875
0.02463 0.28875
0.02466 0.28875
0.02469 0.28875
0.02472 0.288875
0.02475 0.288875
0.02478 0.288875
0.02481 0.288875
0.02484 0.288875
0.02487 0.288875
0.0249 0.288875
0.02493 0.288875
0.02496 0.288875
0.02499 0.289
0.02502 0.289
0.02505 0.289
0.02508 0.289
0.02511 0.289
0.02514 0.289
0.02517 0.289
0.0252 0.289
0.02523 0.289
0.02526 0.289125
0.02529 0.289125
0.02532 0.289125
0.02535 0.289125
0.02538 0.289125
0.02541 0.289125
0.02544 0.289125
0.02547 0.289125
0.0255 0.289125
0.02553 0.289125
0.02556 0.28925
0.02559 0.28925
0.02562 0.28925
0.02565 0.28925
0.02568 0.28925
0.02571 0.28925
0.02574 0.28925
0.02577 0.28925
0.0258 0.28925
0.02583 0.28925
0.02586 0.28925
0.02589 0.28925
0.02592 0.289375
0.02595 0.289375
0.02598 0.289375
0.02601 0.289375
0.02604 0.289375
0.02607 0.289375
0.0261 0.289375
0.02613 0.289375
0.02616 0.289375
0.02619 0.289375
0.02622 0.289375
0.02625 0.289375
0.02628 0.289375
0.02631 0.289375
0.02634 0.2895
0.02637 0.2895
0.0264 0.2895
0.02643 0.2895
0.02646 0.2895
0.02649 0.2895
0.02652 0.2895
0.02655 0.2895
0.02658 0.2895
0.02661 0.2895
0.02664 0.2895
0.02667 0.2895
0.0267 0.2895
0.02673 0.2895
0.02676 0.2895
0.02679 0.2895
0.02682 0.2895
0.02685 0.2895
0.02688 0.2895
0.02691 0.289625
0.02694 0.289625
0.02697 0.289625
0.027 0.289625
0.02703 0.289625
0.02706 0.289625
0.02709 0.289625
0.02712 0.289625
0.02715 0.289625
0.02718 0.289625
0.02721 0.289625
0.02724 0.289625
0.02727 0.289625
0.0273 0.289625
0.02733 0.289625
0.02736 0.289625
0.02739 0.289625
0.02742 0.289625
0.02745 0.289625
0.02748 0.289625
0.02751 0.289625
0.02754 0.289625
0.02757 0.289625
0.0276 0.289625
0.02763 0.289625
0.02766 0.289625
0.02769 0.289625
0.02772 0.289625
0.02775 0.289625
0.02778 0.289625
0.02781 0.289625
0.02784 0.289625
0.02787 0.289625
0.0279 0.289625
0.02793 0.289625
0.02796 0.289625
0.02799 0.289625
0.02802 0.289625
0.02805 0.289625
0.02808 0.289625
0.02811 0.289625
0.02814 0.289625
0.02817 0.289625
0.0282 0.289625
0.02823 0.289625
0.02826 0.289625
0.02829 0.289625
0.02832 0.289625
0.02835 0.289625
0.02838 0.289625
0.02841 0.289625
0.02844 0.289625
0.02847 0.289625
0.0285 0.289625
0.02853 0.289625
0.02856 0.289625
0.02859 0.289625
0.02862 0.289625
0.02865 0.289625
0.02868 0.289625
0.02871 0.289625
0.02874 0.289625
0.02877 0.2895
0.0288 0.2895
0.02883 0.2895
0.02886 0.2895
0.02889 0.2895
0.02892 0.2895
0.02895 0.2895
0.02898 0.2895
0.02901 0.2895
0.02904 0.2895
0.02907 0.2895
0.0291 0.2895
0.02913 0.289375
0.02916 0.289375
0.02919 0.289375
0.02922 0.289375
0.02925 0.289375
0.02928 0.289375
0.02931 0.289375
0.02934 0.289375
0.02937 0.289375
0.0294 0.289375
0.02943 0.289375
0.02946 0.28925
0.02949 0.28925
0.02952 0.28925
0.02955 0.28925
0.02958 0.28925
0.02961 0.28925
0.02964 0.28925
0.02967 0.28925
0.0297 0.28925
0.02973 0.28925
0.02976 0.289125
0.02979 0.289125
0.02982 0.289125
0.02985 0.289125
0.02988 0.289125
0.02991 0.289125
0.02994 0.289125
0.02997 0.289125
0.03 0.289
0.03003 0.289
0.03006 0.289
0.03009 0.289
0.03012 0.289
0.03015 0.289
0.03018 0.289
0.03021 0.289
0.03024 0.288875
0.03027 0.288875
0.0303 0.288875
0.03033 0.288875
0.03036 0.288875
0.03039 0.288875
0.03042 0.288875
0.03045 0.288875
0.03048 0.28875
0.03051 0.28875
0.03054 0.28875
0.03057 0.28875
0.0306 0.28875
0.03063 0.28875
0.03066 0.28875
0.03069 0.288625
0.03072 0.288625
0.03075 0.288625
0.03078 0.288625
0.03081 0.288625
0.03084 0.288625
0.03087 0.288625
0.0309 0.2885
0.03093 0.2885
0.03096 0.2885
0.03099 0.2885
0.03102 0.2885
0.03105 0.2885
0.03108 0.288375
0.03111 0.288375
0.03114 0.288375
0.03117 0.288375
0.0312 0.288375
0.03123 0.288375
0.03126 0.28825
0.03129 0.28825
0.03132 0.28825
0.03135 0.28825
0.03138 0.28825
0.03141 0.28825
0.03144 0.288125
0.03147 0.288125
0.0315 0.288125
0.03153 0.288125
0.03156 0.288125
0.03159 0.288125
0.03162 0.288
0.03165 0.288
0.03168 0.288
0.03171 0.288
0.03174 0.288
0.03177 0.287875
0.0318 0.287875
0.03183 0.287875
0.03186 0.287875
0.03189 0.287875
0.03192 0.28775
0.03195 0.28775
0.03198 0.28775
0.03201 0.28775
0.03204 0.28775
0.03207 0.287625
0.0321 0.287625
0.03213 0.287625
0.03216 0.287625
0.03219 0.287625
0.03222 0.2875
0.03225 0.2875
0.03228 0.2875
0.03231 0.2875
0.03234 0.2875
0.03237 0.287375
0.0324 0.287375
0.03243 0.287375
0.03246 0.287375
0.03249 0.28725
0.03252 0.28725
0.03255 0.28725
0.03258 0.28725
0.03261 0.28725
0.03264 0.287125
0.03267 0.287125
0.0327 0.287125
0.03273 0.287125
0.03276 0.287
0.03279 0.287
0.03282 0.287
0.03285 0.287
0.03288 0.287
0.03291 0.286875
0.03294 0.286875
0.03297 0.286875
0.033 0.286875
0.03303 0.28675
0.03306 0.28675
0.03309 0.28675
0.03312 0.28675
0.03315 0.286625
0.03318 0.286625
0.03321 0.286625
0.03324 0.286625
0.03327 0.2865
0.0333 0.2865
0.03333 0.2865
0.03336 0.2865
0.03339 0.286375
0.03342 0.286375
0.03345 0.286375
0.03348 0.286375
0.03351 0.28625
0.03354 0.28625
0.03357 0.28625
0.0336 0.28625
0.03363 0.286125
0.03366 0.286125
0.03369 0.286125
0.03372 0.286125
0.03375 0.286
0.03378 0.286
0.03381 0.286
0.03384 0.286
0.03387 0.285875
0.0339 0.285875
0.03393 0.285875
0.03396 0.28575
0.03399 0.28575
0.03402 0.28575
0.03405 0.28575
0.03408 0.285625
0.03411 0.285625
0.03414 0.285625
0.03417 0.285625
0.0342 0.2855
0.03423 0.2855
0.03426 0.2855
0.03429 0.285375
0.03432 0.285375
0.03435 0.285375
0.03438 0.285375
0.03441 0.28525
0.03444 0.28525
0.03447 0.28525
0.0345 0.285125
0.03453 0.285125
0.03456 0.285125
0.03459 0.285
0.03462 0.285
0.03465 0.285
0.03468 0.285
0.03471 0.284875
0.03474 0.284875
0.03477 0.284875
0.0348 0.28475
0.03483 0.28475
0.03486 0.28475
0.03489 0.284625
0.03492 0.284625
0.03495 0.284625
0.03498 0.284625
0.03501 0.2845
0.03504 0.2845
0.03507 0.2845
0.0351 0.284375
0.03513 0.284375
0.03516 0.284375
0.03519 0.28425
0.03522 0.28425
0.03525 0.28425
0.03528 0.284125
0.03531 0.284125
0.03534 0.284125
0.03537 0.284
0.0354 0.284
0.03543 0.284
0.03546 0.284
0.03549 0.283875
0.03552 0.283875
0.03555 0.283875
0.03558 0.28375
0.03561 0.28375
0.03564 0.28375
0.03567 0.283625
0.0357 0.283625
0.03573 0.283625
0.03576 0.2835
0.03579 0.2835
0.03582 0.2835
0.03585 0.283375
0.03588 0.283375
0.03591 0.28325
0.03594 0.28325
0.03597 0.28325
0.036 0.283125
0.03603 0.283125
0.03606 0.283125
0.03609 0.283
0.03612 0.283
0.03615 0.283
0.03618 0.282875
0.03621 0.282875
0.03624 0.282875
0.03627 0.28275
0.0363 0.28275
0.03633 0.28275
0.03636 0.282625
0.03639 0.282625
0.03642 0.2825
0.03645 0.2825
0.03648 0.2825
0.03651 0.282375
0.03654 0.282375
0.03657 0.282375
0.0366 0.28225
0.03663 0.28225
0.03666 0.28225
0.03669 0.282125
0.03672 0.282125
0.03675 0.282
0.03678 0.282
0.03681 0.282
0.03684 0.281875
0.03687 0.281875
0.0369 0.281875
0.03693 0.28175
0.03696 0.28175
0.03699 0.281625
0.03702 0.281625
0.03705 0.281625
0.03708 0.2815
0.03711 0.2815
0.03714 0.2815
0.03717 0.281375
0.0372 0.281375
0.03723 0.28125
0.03726 0.28125
0.03729 0.28125
0.03732 0.281125
0.03735 0.281125
0.03738 0.281
0.03741 0.281
0.03744 0.281
0.03747 0.280875
0.0375 0.280875
0.03753 0.28075
0.03756 0.28075
0.03759 0.28075
0.03762 0.280625
0.03765 0.280625
0.03768 0.2805
0.03771 0.2805
0.03774 0.2805
0.03777 0.280375
0.0378 0.280375
0.03783 0.28025
0.03786 0.28025
0.03789 0.28025
0.03792 0.280125
0.03795 0.280125
0.03798 0.28
0.03801 0.28
0.03804 0.279875
0.03807 0.279875
0.0381 0.279875
0.03813 0.27975
0.03816 0.27975
0.03819 0.279625
0.03822 0.279625
0.03825 0.279625
0.03828 0.2795
0.03831 0.2795
0.03834 0.279375
0.03837 0.279375
0.0384 0.27925
0.03843 0.27925
0.03846 0.27925
0.03849 0.279125
0.03852 0.279125
0.03855 0.279
0.03858 0.279
0.03861 0.278875
0.03864 0.278875
0.03867 0.278875
0.0387 0.27875
0.03873 0.27875
0.03876 0.278625
0.03879 0.278625
0.03882 0.2785
0.03885 0.2785
0.03888 0.278375
0.03891 0.278375
0.03894 0.278375
0.03897 0.27825
0.039 0.27825
0.03903 0.278125
0.03906 0.278125
0.03909 0.278
0.03912 0.278
0.03915 0.277875
0.03918 0.277875
0.03921 0.27775
0.03924 0.27775
0.03927 0.27775
0.0393 0.277625
0.03933 0.277625
0.03936 0.2775
0.03939 0.2775
0.03942 0.277375
0.03945 0.277375
0.03948 0.27725
0.03951 0.27725
0.03954 0.277125
0.03957 0.277125
0.0396 0.277
0.03963 0.277
0.03966 0.276875
0.03969 0.276875
0.03972 0.276875
0.03975 0.27675
0.03978 0.27675
0.03981 0.276625
0.03984 0.276625
0.03987 0.2765
0.0399 0.2765
0.03993 0.276375
0.03996 0.276375
0.03999 0.27625
0.04002 0.27625
0.04005 0.276125
0.04008 0.276125
0.04011 0.276
0.04014 0.276
0.04017 0.275875
0.0402 0.275875
0.04023 0.27575
0.04026 0.27575
0.04029 0.275625
0.04032 0.275625
0.04035 0.2755
0.04038 0.2755
0.04041 0.275375
0.04044 0.275375
0.04047 0.27525
0.0405 0.27525
0.04053 0.275125
0.04056 0.275125
0.04059 0.275
0.04062 0.275
0.04065 0.274875
0.04068 0.274875
0.04071 0.27475
0.04074 0.27475
0.04077 0.274625
0.0408 0.274625
0.04083 0.2745
0.04086 0.2745
0.04089 0.274375
0.04092 0.274375
0.04095 0.27425
0.04098 0.27425
0.04101 0.274125
0.04104 0.274125
0.04107 0.274
0.0411 0.274
0.04113 0.273875
0.04116 0.273875
0.04119 0.27375
0.04122 0.27375
0.04125 0.273625
0.04128 0.273625
0.04131 0.2735
0.04134 0.273375
0.04137 0.273375
0.0414 0.27325
0.04143 0.27325
0.04146 0.273125
0.04149 0.273125
0.04152 0.273
0.04155 0.273
0.04158 0.272875
0.04161 0.272875
0.04164 0.27275
0.04167 0.27275
0.0417 0.272625
0.04173 0.272625
0.04176 0.2725
0.04179 0.272375
0.04182 0.272375
0.04185 0.27225
0.04188 0.27225
0.04191 0.272125
0.04194 0.272125
0.04197 0.272
0.042 0.272
0.04203 0.271875
0.04206 0.271875
0.04209 0.27175
0.04212 0.271625
0.04215 0.271625
0.04218 0.2715
0.04221 0.2715
0.04224 0.271375
0.04227 0.271375
0.0423 0.27125
0.04233 0.271125
0.04236 0.271125
0.04239 0.271
0.04242 0.271
0.04245 0.270875
0.04248 0.270875
0.04251 0.27075
0.04254 0.27075
0.04257 0.270625
0.0426 0.2705
0.04263 0.2705
0.04266 0.270375
0.04269 0.270375
0.04272 0.27025
0.04275 0.27025
0.04278 0.270125
0.04281 0.27
0.04284 0.27
0.04287 0.269875
0.0429 0.269875
0.04293 0.26975
0.04296 0.269625
0.04299 0.269625
0.04302 0.2695
0.04305 0.2695
0.04308 0.269375
0.04311 0.269375
0.04314 0.26925
0.04317 0.269125
0.0432 0.269125
0.04323 0.269
0.04326 0.269
0.04329 0.268875
0.04332 0.26875
0.04335 0.26875
0.04338 0.268625
0.04341 0.268625
0.04344 0.2685
0.04347 0.268375
0.0435 0.268375
0.04353 0.26825
0.04356 0.26825
0.04359 0.268125
0.04362 0.268
0.04365 0.268
0.04368 0.267875
0.04371 0.267875
0.04374 0.26775
0.04377 0.267625
0.0438 0.267625
0.04383 0.2675
0.04386 0.2675
0.04389 0.267375
0.04392 0.26725
0.04395 0.26725
0.04398 0.267125
0.04401 0.267
0.04404 0.267
0.04407 0.266875
0.0441 0.266875
0.04413 0.26675
0.04416 0.266625
0.04419 0.266625
0.04422 0.2665
0.04425 0.2665
0.04428 0.266375
0.04431 0.26625
0.04434 0.26625
0.04437 0.266125
0.0444 0.266
0.04443 0.266
0.04446 0.265875
0.04449 0.26575
0.04452 0.26575
0.04455 0.265625
0.04458 0.265625
0.04461 0.2655
0.04464 0.265375
0.04467 0.265375
0.0447 0.26525
0.04473 0.265125
0.04476 0.265125
0.04479 0.265
0.04482 0.264875
0.04485 0.264875
0.04488 0.26475
0.04491 0.26475
0.04494 0.264625
0.04497 0.2645
0.045 0.2645
0.04503 0.264375
0.04506 0.26425
0.04509 0.26425
0.04512 0.264125
0.04515 0.264
0.04518 0.264
0.04521 0.263875
0.04524 0.26375
0.04527 0.26375
0.0453 0.263625
0.04533 0.2635
0.04536 0.2635
0.04539 0.263375
0.04542 0.26325
0.04545 0.26325
0.04548 0.263125
0.04551 0.263
0.04554 0.263
0.04557 0.262875
0.0456 0.26275
0.04563 0.26275
0.04566 0.262625
0.04569 0.2625
0.04572 0.2625
0.04575 0.262375
0.04578 0.26225
0.04581 0.26225
0.04584 0.262125
0.04587 0.262
0.0459 0.262
0.04593 0.261875
0.04596 0.26175
0.04599 0.26175
0.04602 0.261625
0.04605 0.2615
0.04608 0.2615
0.04611 0.261375
0.04614 0.26125
0.04617 0.261125
0.0462 0.261125
0.04623 0.261
0.04626 0.260875
0.04629 0.260875
0.04632 0.26075
0.04635 0.260625
0.04638 0.260625
0.04641 0.2605
0.04644 0.260375
0.04647 0.260375
0.0465 0.26025
0.04653 0.260125
0.04656 0.26
0.04659 0.26
0.04662 0.259875
0.04665 0.25975
0.04668 0.25975
0.04671 0.259625
0.04674 0.2595
0.04677 0.2595
0.0468 0.259375
0.04683 0.25925
0.04686 0.259125
0.04689 0.259125
0.04692 0.259
0.04695 0.258875
0.04698 0.258875
0.04701 0.25875
0.04704 0.258625
0.04707 0.2585
0.0471 0.2585
0.04713 0.258375
0.04716 0.25825
0.04719 0.25825
0.04722 0.258125
0.04725 0.258
0.04728 0.257875
0.04731 0.257875
0.04734 0.25775
0.04737 0.257625
0.0474 0.2575
0.04743 0.2575
0.04746 0.257375
0.04749 0.25725
0.04752 0.25725
0.04755 0.257125
0.04758 0.257
0.04761 0.256875
0.04764 0.256875
0.04767 0.25675
0.0477 0.256625
0.04773 0.2565
0.04776 0.2565
0.04779 0.256375
0.04782 0.25625
0.04785 0.256125
0.04788 0.256125
0.04791 0.256
0.04794 0.255875
0.04797 0.25575
0.048 0.25575
0.04803 0.255625
0.04806 0.2555
0.04809 0.255375
0.04812 0.255375
0.04815 0.25525
0.04818 0.255125
0.04821 0.255
0.04824 0.255
0.04827 0.254875
0.0483 0.25475
0.04833 0.254625
0.04836 0.254625
0.04839 0.2545
0.04842 0.254375
0.04845 0.25425
0.04848 0.25425
0.04851 0.254125
0.04854 0.254
0.04857 0.253875
0.0486 0.25375
0.04863 0.25375
0.04866 0.253625
0.04869 0.2535
0.04872 0.253375
0.04875 0.253375
0.04878 0.25325
0.04881 0.253125
0.04884 0.253
0.04887 0.253
0.0489 0.252875
0.04893 0.25275
0.04896 0.252625
0.04899 0.2525
0.04902 0.2525
0.04905 0.252375
0.04908 0.25225
0.04911 0.252125
0.04914 0.252
0.04917 0.252
0.0492 0.251875
0.04923 0.25175
0.04926 0.251625
0.04929 0.251625
0.04932 0.2515
0.04935 0.251375
0.04938 0.25125
0.04941 0.251125
0.04944 0.251125
0.04947 0.251
0.0495 0.250875
0.04953 0.25075
0.04956 0.250625
0.04959 0.250625
0.04962 0.2505
0.04965 0.250375
0.04968 0.25025
0.04971 0.250125
0.04974 0.250125
0.04977 0.25
0.0498 0.249875
0.04983 0.24975
0.04986 0.249625
0.04989 0.249625
0.04992 0.2495
0.04995 0.249375
0.04998 0.24925
0.05001 0.249125
0.05004 0.249
0.05007 0.249
0.0501 0.248875
0.05013 0.24875
0.05016 0.248625
0.05019 0.2485
0.05022 0.2485
0.05025 0.248375
0.05028 0.24825
0.05031 0.248125
0.05034 0.248
0.05037 0.247875
0.0504 0.247875
0.05043 0.24775
0.05046 0.247625
0.05049 0.2475
0.05052 0.247375
0.05055 0.24725
0.05058 0.24725
0.05061 0.247125
0.05064 0.247
0.05067 0.246875
0.0507 0.24675
0.05073 0.246625
0.05076 0.246625
0.05079 0.2465
0.05082 0.246375
0.05085 0.24625
0.05088 0.246125
0.05091 0.246
0.05094 0.245875
0.05097 0.245875
0.051 0.24575
0.05103 0.245625
0.05106 0.2455
0.05109 0.245375
0.05112 0.24525
0.05115 0.24525
0.05118 0.245125
0.05121 0.245
0.05124 0.244875
0.05127 0.24475
0.0513 0.244625
0.05133 0.2445
0.05136 0.244375
0.05139 0.244375
0.05142 0.24425
0.05145 0.244125
0.05148 0.244
0.05151 0.243875
0.05154 0.24375
0.05157 0.243625
0.0516 0.243625
0.05163 0.2435
0.05166 0.243375
0.05169 0.24325
0.05172 0.243125
0.05175 0.243
0.05178 0.242875
0.05181 0.24275
0.05184 0.24275
0.05187 0.242625
0.0519 0.2425
0.05193 0.242375
0.05196 0.24225
0.05199 0.242125
0.05202 0.242
0.05205 0.241875
0.05208 0.241875
0.05211 0.24175
0.05214 0.241625
0.05217 0.2415
0.0522 0.241375
0.05223 0.24125
0.05226 0.241125
0.05229 0.241
0.05232 0.240875
0.05235 0.24075
0.05238 0.24075
0.05241 0.240625
0.05244 0.2405
0.05247 0.240375
0.0525 0.24025
0.05253 0.240125
0.05256 0.24
0.05259 0.239875
0.05262 0.23975
0.05265 0.239625
0.05268 0.239625
0.05271 0.2395
0.05274 0.239375
0.05277 0.23925
0.0528 0.239125
0.05283 0.239
0.05286 0.238875
0.05289 0.23875
0.05292 0.238625
0.05295 0.2385
0.05298 0.238375
0.05301 0.23825
0.05304 0.23825
0.05307 0.238125
0.0531 0.238
0.05313 0.237875
0.05316 0.23775
0.05319 0.237625
0.05322 0.2375
0.05325 0.237375
0.05328 0.23725
0.05331 0.237125
0.05334 0.237
0.05337 0.236875
0.0534 0.23675
0.05343 0.23675
0.05346 0.236625
0.05349 0.2365
0.05352 0.236375
0.05355 0.23625
0.05358 0.236125
0.05361 0.236
0.05364 0.235875
0.05367 0.23575
0.0537 0.235625
0.05373 0.2355
0.05376 0.235375
0.05379 0.23525
0.05382 0.235125
0.05385 0.235
0.05388 0.234875
0.05391 0.23475
0.05394 0.234625
0.05397 0.234625
0.054 0.2345
0.05403 0.234375
0.05406 0.23425
0.05409 0.234125
0.05412 0.234
0.05415 0.233875
0.05418 0.23375
0.05421 0.233625
0.05424 0.2335
0.05427 0.233375
0.0543 0.23325
0.05433 0.233125
0.05436 0.233
0.05439 0.232875
0.05442 0.23275
0.05445 0.232625
0.05448 0.2325
0.05451 0.232375
0.05454 0.23225
0.05457 0.232125
0.0546 0.232
0.05463 0.231875
0.05466 0.23175
0.05469 0.231625
0.05472 0.2315
0.05475 0.231375
0.05478 0.23125
0.05481 0.231125
0.05484 0.231
0.05487 0.230875
0.0549 0.23075
0.05493 0.230625
0.05496 0.2305
0.05499 0.230375
0.05502 0.23025
0.05505 0.230125
0.05508 0.23
0.05511 0.229875
0.05514 0.22975
0.05517 0.229625
0.0552 0.2295
0.05523 0.229375
0.05526 0.22925
0.05529 0.229125
0.05532 0.229
0.05535 0.228875
0.05538 0.22875
0.05541 0.228625
0.05544 0.2285
0.05547 0.228375
0.0555 0.22825
0.05553 0.228125
0.05556 0.228
0.05559 0.227875
0.05562 0.22775
0.05565 0.227625
0.05568 0.2275
0.05571 0.227375
0.05574 0.22725
0.05577 0.227125
0.0558 0.227
0.05583 0.226875
0.05586 0.22675
0.05589 0.226625
0.05592 0.2265
0.05595 0.226375
0.05598 0.22625
0.05601 0.226125
0.05604 0.226
0.05607 0.225875
0.0561 0.22575
0.05613 0.225625
0.05616 0.2255
0.05619 0.225375
0.05622 0.22525
0.05625 0.225125
0.05628 0.225
0.05631 0.224875
0.05634 0.22475
0.05637 0.224625
0.0564 0.2245
0.05643 0.224375
0.05646 0.22425
0.05649 0.224125
0.05652 0.223875
0.05655 0.22375
0.05658 0.223625
0.05661 0.2235
0.05664 0.223375
0.05667 0.22325
0.0567 0.223125
0.05673 0.223
0.05676 0.222875
0.05679 0.22275
0.05682 0.222625
0.05685 0.2225
0.05688 0.222375
0.05691 0.22225
0.05694 0.222125
0.05697 0.222
0.057 0.221875
0.05703 0.221625
0.05706 0.2215
0.05709 0.221375
0.05712 0.22125
0.05715 0.221125
0.05718 0.221
0.05721 0.220875
0.05724 0.22075
0.05727 0.220625
0.0573 0.2205
0.05733 0.220375
0.05736 0.22025
0.05739 0.220125
0.05742 0.22
0.05745 0.21975
0.05748 0.219625
0.05751 0.2195
0.05754 0.219375
0.05757 0.21925
0.0576 0.219125
0.05763 0.219
0.05766 0.218875
0.05769 0.21875
0.05772 0.218625
0.05775 0.2185
0.05778 0.21825
0.05781 0.218125
0.05784 0.218
0.05787 0.217875
0.0579 0.21775
0.05793 0.217625
0.05796 0.2175
0.05799 0.217375
0.05802 0.21725
0.05805 0.217125
0.05808 0.216875
0.05811 0.21675
0.05814 0.216625
0.05817 0.2165
0.0582 0.216375
0.05823 0.21625
0.05826 0.216125
0.05829 0.216
0.05832 0.21575
0.05835 0.215625
0.05838 0.2155
0.05841 0.215375
0.05844 0.21525
0.05847 0.215125
0.0585 0.215
0.05853 0.214875
0.05856 0.214625
0.05859 0.2145
0.05862 0.214375
0.05865 0.21425
0.05868 0.214125
0.05871 0.214
0.05874 0.213875
0.05877 0.21375
0.0588 0.2135
0.05883 0.213375
0.05886 0.21325
0.05889 0.213125
0.05892 0.213
0.05895 0.212875
0.05898 0.21275
0.05901 0.2125
0.05904 0.212375
0.05907 0.21225
0.0591 0.212125
0.05913 0.212
0.05916 0.211875
0.05919 0.21175
0.05922 0.2115
0.05925 0.211375
0.05928 0.21125
0.05931 0.211125
0.05934 0.211
0.05937 0.210875
0.0594 0.210625
0.05943 0.2105
0.05946 0.210375
0.05949 0.21025
0.05952 0.210125
0.05955 0.21
0.05958 0.20975
0.05961 0.209625
0.05964 0.2095
0.05967 0.209375
0.0597 0.20925
0.05973 0.209125
0.05976 0.208875
0.05979 0.20875
0.05982 0.208625
0.05985 0.2085
0.05988 0.208375
0.05991 0.208125
0.05994 0.208
0.05997 0.207875
0.06 0.20775
0.06003 0.207625
0.06006 0.2075
0.06009 0.20725
0.06012 0.207125
0.06015 0.207
0.06018 0.206875
0.06021 0.20675
0.06024 0.2065
0.06027 0.206375
0.0603 0.20625
0.06033 0.206125
0.06036 0.206
0.06039 0.20575
0.06042 0.205625
0.06045 0.2055
0.06048 0.205375
0.06051 0.20525
0.06054 0.205
0.06057 0.204875
0.0606 0.20475
0.06063 0.204625
0.06066 0.204375
0.06069 0.20425
0.06072 0.204125
0.06075 0.204
0.06078 0.203875
0.06081 0.203625
0.06084 0.2035
0.06087 0.203375
0.0609 0.20325
0.06093 0.203
0.06096 0.202875
0.06099 0.20275
0.06102 0.202625
0.06105 0.2025
0.06108 0.20225
0.06111 0.202125
0.06114 0.202
0.06117 0.201875
0.0612 0.201625
0.06123 0.2015
0.06126 0.201375
0.06129 0.20125
0.06132 0.201
0.06135 0.200875
0.06138 0.20075
0.06141 0.200625
0.06144 0.200375
0.06147 0.20025
0.0615 0.200125
0.06153 0.2
0.06156 0.19975
0.06159 0.199625
0.06162 0.1995
0.06165 0.199375
0.06168 0.199125
0.06171 0.199
0.06174 0.198875
0.06177 0.19875
0.0618 0.1985
0.06183 0.198375
0.06186 0.19825
0.06189 0.198
0.06192 0.197875
0.06195 0.19775
0.06198 0.197625
0.06201 0.197375
0.06204 0.19725
0.06207 0.197125
0.0621 0.196875
0.06213 0.19675
0.06216 0.196625
0.06219 0.1965
0.06222 0.19625
0.06225 0.196125
0.06228 0.196
0.06231 0.195875
0.06234 0.195625
0.06237 0.1955
0.0624 0.195375
0.06243 0.195125
0.06246 0.195
0.06249 0.194875
0.06252 0.194625
0.06255 0.1945
0.06258 0.194375
0.06261 0.19425
0.06264 0.194
0.06267 0.193875
0.0627 0.19375
0.06273 0.1935
0.06276 0.193375
0.06279 0.19325
0.06282 0.193
0.06285 0.192875
0.06288 0.19275
0.06291 0.1925
0.06294 0.192375
0.06297 0.19225
0.063 0.192
0.06303 0.191875
0.06306 0.19175
0.06309 0.1915
0.06312 0.191375
0.06315 0.19125
0.06318 0.191
0.06321 0.190875
0.06324 0.19075
0.06327 0.1905
0.0633 0.190375
0.06333 0.19025
0.06336 0.19
0.06339 0.189875
0.06342 0.18975
0.06345 0.1895
0.06348 0.189375
0.06351 0.18925
0.06354 0.189
0.06357 0.188875
0.0636 0.18875
0.06363 0.1885
0.06366 0.188375
0.06369 0.18825
0.06372 0.188
0.06375 0.187875
0.06378 0.18775
0.06381 0.1875
0.06384 0.187375
0.06387 0.187125
0.0639 0.187
0.06393 0.186875
0.06396 0.186625
0.06399 0.1865
0.06402 0.186375
0.06405 0.186125
0.06408 0.186
0.06411 0.18575
0.06414 0.185625
0.06417 0.1855
0.0642 0.18525
0.06423 0.185125
0.06426 0.184875
0.06429 0.18475
0.06432 0.184625
0.06435 0.184375
0.06438 0.18425
0.06441 0.184125
0.06444 0.183875
0.06447 0.18375
0.0645 0.1835
0.06453 0.183375
0.06456 0.18325
0.06459 0.183
0.06462 0.182875
0.06465 0.182625
0.06468 0.1825
0.06471 0.182375
0.06474 0.182125
0.06477 0.182
0.0648 0.18175
0.06483 0.181625
0.06486 0.181375
0.06489 0.18125
0.06492 0.181125
0.06495 0.180875
0.06498 0.18075
0.06501 0.1805
0.06504 0.180375
0.06507 0.180125
0.0651 0.18
0.06513 0.179875
0.06516 0.179625
0.06519 0.1795
0.06522 0.17925
0.06525 0.179125
0.06528 0.178875
0.06531 0.17875
0.06534 0.178625
0.06537 0.178375
0.0654 0.17825
0.06543 0.178
0.06546 0.177875
0.06549 0.177625
0.06552 0.1775
0.06555 0.17725
0.06558 0.177125
0.06561 0.177
0.06564 0.17675
0.06567 0.176625
0.0657 0.176375
0.06573 0.17625
0.06576 0.176
0.06579 0.175875
0.06582 0.175625
0.06585 0.1755
0.06588 0.17525
0.06591 0.175125
0.06594 0.174875
0.06597 0.17475
0.066 0.1745
0.06603 0.174375
0.06606 0.174125
0.06609 0.174
0.06612 0.17375
0.06615 0.173625
0.06618 0.173375
0.06621 0.17325
0.06624 0.173
0.06627 0.172875
0.0663 0.172625
0.06633 0.1725
0.06636 0.17225
0.06639 0.172125
0.06642 0.171875
0.06645 0.17175
0.06648 0.1715
0.06651 0.171375
0.06654 0.171125
0.06657 0.171
0.0666 0.17075
0.06663 0.170625
0.06666 0.170375
0.06669 0.17025
0.06672 0.17
0.06675 0.169875
0.06678 0.169625
0.06681 0.1695
0.06684 0.16925
0.06687 0.169125
0.0669 0.168875
0.06693 0.16875
0.06696 0.1685
0.06699 0.168375
0.06702 0.168125
0.06705 0.168
0.06708 0.16775
0.06711 0.1675
0.06714 0.167375
0.06717 0.167125
0.0672 0.167
0.06723 0.16675
0.06726 0.166625
0.06729 0.166375
0.06732 0.16625
0.06735 0.166
0.06738 0.16575
0.06741 0.165625
0.06744 0.165375
0.06747 0.16525
0.0675 0.165
0.06753 0.164875
0.06756 0.164625
0.06759 0.164375
0.06762 0.16425
0.06765 0.164
0.06768 0.163875
0.06771 0.163625
0.06774 0.1635
0.06777 0.16325
0.0678 0.163
0.06783 0.162875
0.06786 0.162625
0.06789 0.1625
0.06792 0.16225
0.06795 0.162
0.06798 0.161875
0.06801 0.161625
0.06804 0.1615
0.06807 0.16125
0.0681 0.161
0.06813 0.160875
0.06816 0.160625
0.06819 0.1605
0.06822 0.16025
0.06825 0.16
0.06828 0.159875
0.06831 0.159625
0.06834 0.1595
0.06837 0.15925
0.0684 0.159
0.06843 0.158875
0.06846 0.158625
0.06849 0.158375
0.06852 0.15825
0.06855 0.158
0.06858 0.15775
0.06861 0.157625
0.06864 0.157375
0.06867 0.15725
0.0687 0.157
0.06873 0.15675
0.06876 0.156625
0.06879 0.156375
0.06882 0.156125
0.06885 0.156
0.06888 0.15575
0.06891 0.1555
0.06894 0.155375
0.06897 0.155125
0.069 0.154875
0.06903 0.15475
0.06906 0.1545
0.06909 0.15425
0.06912 0.154125
0.06915 0.153875
0.06918 0.153625
0.06921 0.1535
0.06924 0.15325
0.06927 0.153
0.0693 0.152875
0.06933 0.152625
0.06936 0.152375
0.06939 0.152125
0.06942 0.152
0.06945 0.15175
0.06948 0.1515
0.06951 0.151375
0.06954 0.151125
0.06957 0.150875
0.0696 0.15075
0.06963 0.1505
0.06966 0.15025
0.06969 0.15
0.06972 0.149875
0.06975 0.149625
0.06978 0.149375
0.06981 0.14925
0.06984 0.149
0.06987 0.14875
0.0699 0.1485
0.06993 0.148375
0.06996 0.148125
0.06999 0.147875
0.07002 0.147625
0.07005 0.1475
0.07008 0.14725
0.07011 0.147
0.07014 0.14675
0.07017 0.146625
0.0702 0.146375
0.07023 0.146125
0.07026 0.145875
0.07029 0.14575
0.07032 0.1455
0.07035 0.14525
0.07038 0.145
0.07041 0.144875
0.07044 0.144625
0.07047 0.144375
0.0705 0.144125
0.07053 0.144
0.07056 0.14375
0.07059 0.1435
0.07062 0.14325
0.07065 0.143
0.07068 0.142875
0.07071 0.142625
0.07074 0.142375
0.07077 0.142125
0.0708 0.141875
0.07083 0.14175
0.07086 0.1415
0.07089 0.14125
0.07092 0.141
0.07095 0.14075
0.07098 0.140625
0.07101 0.140375
0.07104 0.140125
0.07107 0.139875
0.0711 0.139625
0.07113 0.1395
0.07116 0.13925
0.07119 0.139
0.07122 0.13875
0.07125 0.1385
0.07128 0.13825
0.07131 0.138
0.07134 0.137875
0.07137 0.137625
0.0714 0.137375
0.07143 0.137125
0.07146 0.136875
0.07149 0.136625
0.07152 0.1365
0.07155 0.13625
0.07158 0.136
0.07161 0.13575
0.07164 0.1355
0.07167 0.13525
0.0717 0.135
0.07173 0.13475
0.07176 0.134625
0.07179 0.134375
0.07182 0.134125
0.07185 0.133875
0.07188 0.133625
0.07191 0.133375
0.07194 0.133125
0.07197 0.132875
0.072 0.132625
0.07203 0.1325
0.07206 0.13225
0.07209 0.132
0.07212 0.13175
0.07215 0.1315
0.07218 0.13125
0.07221 0.131
0.07224 0.13075
0.07227 0.1305
0.0723 0.13025
0.07233 0.13
0.07236 0.12975
0.07239 0.129625
0.07242 0.129375
0.07245 0.129125
0.07248 0.128875
0.07251 0.128625
0.07254 0.128375
0.07257 0.128125
0.0726 0.127875
0.07263 0.127625
0.07266 0.127375
0.07269 0.127125
0.07272 0.126875
0.07275 0.126625
0.07278 0.126375
0.07281 0.126125
0.07284 0.125875
0.07287 0.125625
0.0729 0.125375
0.07293 0.125125
0.07296 0.124875
0.07299 0.124625
0.07302 0.124375
0.07305 0.124125
0.07308 0.123875
0.07311 0.123625
0.07314 0.123375
0.07317 0.123125
0.0732 0.122875
0.07323 0.122625
0.07326 0.122375
0.07329 0.122125
0.07332 0.121875
0.07335 0.121625
0.07338 0.121375
0.07341 0.121125
0.07344 0.120875
0.07347 0.120625
0.0735 0.120375
0.07353 0.120125
0.07356 0.119875
0.07359 0.119625
0.07362 0.119375
0.07365 0.119125
0.07368 0.118875
0.07371 0.118625
0.07374 0.118375
0.07377 0.118
0.0738 0.11775
0.07383 0.1175
0.07386 0.11725
0.07389 0.117
0.07392 0.11675
0.07395 0.1165
0.07398 0.11625
0.07401 0.116
0.07404 0.11575
0.07407 0.1155
0.0741 0.115125
0.07413 0.114875
0.07416 0.114625
0.07419 0.114375
0.07422 0.114125
0.07425 0.113875
0.07428 0.113625
0.07431 0.113375
0.07434 0.113
0.07437 0.11275
0.0744 0.1125
0.07443 0.11225
0.07446 0.112
0.07449 0.11175
0.07452 0.1115
0.07455 0.111125
0.07458 0.110875
0.07461 0.110625
0.07464 0.110375
0.07467 0.110125
0.0747 0.109875
0.07473 0.1095
0.07476 0.10925
0.07479 0.109
0.07482 0.10875
0.07485 0.1085
0.07488 0.108125
0.07491 0.107875
0.07494 0.107625
0.07497 0.107375
0.075 0.107125
0.07503 0.10675
0.07506 0.1065
0.07509 0.10625
0.07512 0.106
0.07515 0.105625
0.07518 0.105375
0.07521 0.105125
0.07524 0.104875
0.07527 0.1045
0.0753 0.10425
0.07533 0.104
0.07536 0.10375
0.07539 0.103375
0.07542 0.103125
0.07545 0.102875
0.07548 0.102625
0.07551 0.10225
0.07554 0.102
0.07557 0.10175
0.0756 0.101375
0.07563 0.101125
0.07566 0.100875
0.07569 0.100625
0.07572 0.10025
0.07575 0.1
0.07578 0.09975
0.07581 0.099375
0.07584 0.099125
0.07587 0.098875
0.0759 0.0985
0.07593 0.09825
0.07596 0.098
0.07599 0.097625
0.07602 0.097375
0.07605 0.097
0.07608 0.09675
0.07611 0.0965
0.07614 0.096125
0.07617 0.095875
0.0762 0.095625
0.07623 0.09525
0.07626 0.095
0.07629 0.094625
0.07632 0.094375
0.07635 0.094125
0.07638 0.09375
0.07641 0.0935
0.07644 0.093125
0.07647 0.092875
0.0765 0.0925
0.07653 0.09225
0.07656 0.091875
0.07659 0.091625
0.07662 0.091375
0.07665 0.091
0.07668 0.09075
0.07671 0.090375
0.07674 0.090125
0.07677 0.08975
0.0768 0.0895
0.07683 0.089125
0.07686 0.088875
0.07689 0.0885
0.07692 0.08825
0.07695 0.087875
0.07698 0.087625
0.07701 0.08725
0.07704 0.087
0.07707 0.086625
0.0771 0.08625
0.07713 0.086
0.07716 0.085625
0.07719 0.085375
0.07722 0.085
0.07725 0.08475
0.07728 0.084375
0.07731 0.084
0.07734 0.08375
0.07737 0.083375
0.0774 0.083125
0.07743 0.08275
0.07746 0.082375
0.07749 0.082125
0.07752 0.08175
0.07755 0.081375
0.07758 0.081125
0.07761 0.08075
0.07764 0.080375
0.07767 0.080125
0.0777 0.07975
0.07773 0.079375
0.07776 0.079125
0.07779 0.07875
0.07782 0.078375
0.07785 0.078125
0.07788 0.07775
0.07791 0.077375
0.07794 0.077
0.07797 0.07675
0.078 0.076375
0.07803 0.076
0.07806 0.075625
0.07809 0.07525
0.07812 0.075
0.07815 0.074625
0.07818 0.07425
0.07821 0.073875
0.07824 0.0735
0.07827 0.07325
0.0783 0.072875
0.07833 0.0725
0.07836 0.072125
0.07839 0.07175
0.07842 0.071375
0.07845 0.071
0.07848 0.070625
0.07851 0.07025
0.07854 0.07
0.07857 0.069625
0.0786 0.06925
0.07863 0.068875
0.07866 0.0685
0.07869 0.068125
0.07872 0.06775
0.07875 0.067375
0.07878 0.067
0.07881 0.066625
0.07884 0.06625
0.07887 0.065875
0.0789 0.065375
0.07893 0.065
0.07896 0.064625
0.07899 0.06425
0.07902 0.063875
0.07905 0.0635
0.07908 0.063125
0.07911 0.06275
0.07914 0.06225
0.07917 0.061875
0.0792 0.0615
0.07923 0.061125
0.07926 0.06075
0.07929 0.06025
0.07932 0.059875
0.07935 0.0595
0.07938 0.059
0.07941 0.058625
0.07944 0.05825
0.07947 0.05775
0.0795 0.057375
0.07953 0.057
0.07956 0.0565
0.07959 0.056125
0.07962 0.055625
0.07965 0.05525
0.07968 0.05475
0.07971 0.054375
0.07974 0.053875
0.07977 0.0535
0.0798 0.053
0.07983 0.052625
0.07986 0.052125
0.07989 0.051625
0.07992 0.05125
0.07995 0.05075
0.07998 0.05025
0.08001 0.04975
0.08004 0.049375
0.08007 0.048875
0.0801 0.048375
0.08013 0.047875
0.08016 0.047375
0.08019 0.046875
0.08022 0.046375
0.08025 0.045875
0.08028 0.045375
0.08031 0.044875
0.08034 0.04425
0.08037 0.04375
0.0804 0.04325
0.08043 0.04275
0.08046 0.042125
0.08049 0.041625
0.08052 0.041
0.08055 0.0405
0.08058 0.039875
0.08061 0.039375
0.08064 0.03875
0.08067 0.038125
0.0807 0.0375
0.08073 0.036875
0.08076 0.03625
0.08079 0.035625
0.08082 0.035
0.08085 0.03425
0.08088 0.033625
0.08091 0.032875
0.08094 0.03225
0.08097 0.0315
0.081 0.03075
0.08103 0.03
0.08106 0.029125
0.08109 0.028375
0.08112 0.0275
0.08115 0.026625
0.08118 0.02575
0.08121 0.02475
0.08124 0.02375
0.08127 0.02275
0.0813 0.021625
0.08133 0.0205
0.08136 0.019125
0.08139 0.01775
0.08142 0.01625
0.08145 0.0145
0.08148 0.012375
0.08151 0.009875
0.08154 0.006
0.08157 0
0.0816 0
0.08163 0
0.08166 0
0.08169 0
0.08172 0
0.08175 0
0.08178 0
0.08181 0
0.08184 0
0.08187 0
0.0819 0
0.08193 0
0.08196 0
0.08199 0
0.08202 0
0.08205 0
0.08208 0
0.08211 0
0.08214 0
0.08217 0
0.0822 0
0.08223 0
0.08226 0
0.08229 0
0.08232 0
0.08235 0
0.08238 0
0.08241 0
0.08244 0
0.08247 0
0.0825 0
0.08253 0
0.08256 0
0.08259 0
0.08262 0
0.08265 0
0.08268 0
0.08271 0
0.08274 0
0.08277 0
0.0828 0
0.08283 0
0.08286 0
0.08289 0
0.08292 0
0.08295 0
0.08298 0
0.08301 0
0.08304 0
0.08307 0
0.0831 0
0.08313 0
0.08316 0
0.08319 0
0.08322 0
0.08325 0
0.08328 0
0.08331 0
0.08334 0
0.08337 0
0.0834 0
0.08343 0
0.08346 0
0.08349 0
0.08352 0
0.08355 0
0.08358 0
0.08361 0
0.08364 0
0.08367 0
0.0837 0
0.08373 0
0.08376 0
0.08379 0
0.08382 0
0.08385 0
0.08388 0
0.08391 0
0.08394 0
0.08397 0
0.084 0
0.08403 0
0.08406 0
0.08409 0
0.08412 0
0.08415 0
0.08418 0
0.08421 0
0.08424 0
0.08427 0
0.0843 0
0.08433 0
0.08436 0
0.08439 0
0.08442 0
0.08445 0
0.08448 0
0.08451 0
0.08454 0
