0 0.055
3e-05 0.0595
6e-05 0.06275
9e-05 0.065625
0.00012 0.068
0.00015 0.07025
0.00018 0.07225
0.00021 0.074
0.00024 0.07575
0.00027 0.077375
0.0003 0.078875
0.00033 0.080375
0.00036 0.08175
0.00039 0.083
0.00042 0.08425
0.00045 0.0855
0.00048 0.086625
0.00051 0.08775
0.00054 0.08875
0.00057 0.089875
0.0006 0.090875
0.00063 0.091875
0.00066 0.092875
0.00069 0.09375
0.00072 0.09475
0.00075 0.095625
0.00078 0.0965
0.00081 0.09725
0.00084 0.098125
0.00087 0.098875
0.0009 0.09975
0.00093 0.1005
0.00096 0.10125
0.00099 0.101875
0.00102 0.102625
0.00105 0.103375
0.00108 0.104
0.00111 0.10475
0.00114 0.105375
0.00117 0.106
0.0012 0.106625
0.00123 0.10725
0.00126 0.107875
0.00129 0.108375
0.00132 0.109
0.00135 0.109625
0.00138 0.110125
0.00141 0.11075
0.00144 0.11125
0.00147 0.11175
0.0015 0.112375
0.00153 0.112875
0.00156 0.113375
0.00159 0.113875
0.00162 0.114375
0.00165 0.114875
0.00168 0.11525
0.00171 0.11575
0.00174 0.11625
0.00177 0.11675
0.0018 0.117125
0.00183 0.117625
0.00186 0.118
0.00189 0.1185
0.00192 0.118875
0.00195 0.11925
0.00198 0.119625
0.00201 0.120125
0.00204 0.1205
0.00207 0.120875
0.0021 0.12125
0.00213 0.121625
0.00216 0.122
0.00219 0.122375
0.00222 0.12275
0.00225 0.123125
0.00228 0.1235
0.00231 0.12375
0.00234 0.124125
0.00237 0.1245
0.0024 0.124875
0.00243 0.125125
0.00246 0.1255
0.00249 0.12575
0.00252 0.126125
0.00255 0.126375
0.00258 0.12675
0.00261 0.127
0.00264 0.127375
0.00267 0.127625
0.0027 0.127875
0.00273 0.12825
0.00276 0.1285
0.00279 0.12875
0.00282 0.129
0.00285 0.12925
0.00288 0.129625
0.00291 0.129875
0.00294 0.130125
0.00297 0.130375
0.003 0.130625
0.00303 0.130875
0.00306 0.131125
0.00309 0.131375
0.00312 0.131625
0.00315 0.131875
0.00318 0.132
0.00321 0.13225
0.00324 0.1325
0.00327 0.13275
0.0033 0.133
0.00333 0.133125
0.00336 0.133375
0.00339 0.133625
0.00342 0.133875
0.00345 0.134
0.00348 0.13425
0.00351 0.134375
0.00354 0.134625
0.00357 0.134875
0.0036 0.135
0.00363 0.13525
0.00366 0.135375
0.00369 0.135625
0.00372 0.13575
0.00375 0.136
0.00378 0.136125
0.00381 0.13625
0.00384 0.1365
0.00387 0.136625
0.0039 0.13675
0.00393 0.137
0.00396 0.137125
0.00399 0.13725
0.00402 0.1375
0.00405 0.137625
0.00408 0.13775
0.00411 0.137875
0.00414 0.138125
0.00417 0.13825
0.0042 0.138375
0.00423 0.1385
0.00426 0.138625
0.00429 0.13875
0.00432 0.138875
0.00435 0.139
0.00438 0.139125
0.00441 0.13925
0.00444 0.1395
0.00447 0.139625
0.0045 0.13975
0.00453 0.139875
0.00456 0.139875
0.00459 0.14
0.00462 0.140125
0.00465 0.14025
0.00468 0.140375
0.00471 0.1405
0.00474 0.140625
0.00477 0.14075
0.0048 0.140875
0.00483 0.140875
0.00486 0.141
0.00489 0.141125
0.00492 0.14125
0.00495 0.141375
0.00498 0.141375
0.00501 0.1415
0.00504 0.141625
0.00507 0.14175
0.0051 0.14175
0.00513 0.141875
0.00516 0.142
0.00519 0.142
0.00522 0.142125
0.00525 0.14225
0.00528 0.14225
0.00531 0.142375
0.00534 0.142375
0.00537 0.1425
0.0054 0.142625
0.00543 0.142625
0.00546 0.14275
0.00549 0.14275
0.00552 0.142875
0.00555 0.142875
0.00558 0.143
0.00561 0.143
0.00564 0.143125
0.00567 0.143125
0.0057 0.14325
0.00573 0.14325
0.00576 0.143375
0.00579 0.143375
0.00582 0.143375
0.00585 0.1435
0.00588 0.1435
0.00591 0.143625
0.00594 0.143625
0.00597 0.143625
0.006 0.14375
0.00603 0.14375
0.00606 0.14375
0.00609 0.143875
0.00612 0.143875
0.00615 0.143875
0.00618 0.144
0.00621 0.144
0.00624 0.144
0.00627 0.144
0.0063 0.144125
0.00633 0.144125
0.00636 0.144125
0.00639 0.144125
0.00642 0.14425
0.00645 0.14425
0.00648 0.14425
0.00651 0.14425
0.00654 0.14425
0.00657 0.144375
0.0066 0.144375
0.00663 0.144375
0.00666 0.144375
0.00669 0.144375
0.00672 0.144375
0.00675 0.144375
0.00678 0.1445
0.00681 0.1445
0.00684 0.1445
0.00687 0.1445
0.0069 0.1445
0.00693 0.1445
0.00696 0.1445
0.00699 0.1445
0.00702 0.1445
0.00705 0.1445
0.00708 0.1445
0.00711 0.1445
0.00714 0.1445
0.00717 0.1445
0.0072 0.1445
0.00723 0.144625
0.00726 0.144625
0.00729 0.144625
0.00732 0.144625
0.00735 0.144625
0.00738 0.1445
0.00741 0.1445
0.00744 0.1445
0.00747 0.1445
0.0075 0.144375
0.00753 0.144375
0.00756 0.144375
0.00759 0.144375
0.00762 0.14425
0.00765 0.14425
0.00768 0.14425
0.00771 0.14425
0.00774 0.144125
0.00777 0.144125
0.0078 0.144125
0.00783 0.144
0.00786 0.144
0.00789 0.144
0.00792 0.143875
0.00795 0.143875
0.00798 0.143875
0.00801 0.14375
0.00804 0.14375
0.00807 0.14375
0.0081 0.143625
0.00813 0.143625
0.00816 0.143625
0.00819 0.1435
0.00822 0.1435
0.00825 0.143375
0.00828 0.143375
0.00831 0.14325
0.00834 0.14325
0.00837 0.14325
0.0084 0.143125
0.00843 0.143125
0.00846 0.143
0.00849 0.143
0.00852 0.142875
0.00855 0.142875
0.00858 0.14275
0.00861 0.14275
0.00864 0.142625
0.00867 0.142625
0.0087 0.1425
0.00873 0.142375
0.00876 0.142375
0.00879 0.14225
0.00882 0.14225
0.00885 0.142125
0.00888 0.142125
0.00891 0.142
0.00894 0.141875
0.00897 0.141875
0.009 0.14175
0.00903 0.141625
0.00906 0.141625
0.00909 0.1415
0.00912 0.1415
0.00915 0.141375
0.00918 0.14125
0.00921 0.141125
0.00924 0.141125
0.00927 0.141
0.0093 0.140875
0.00933 0.140875
0.00936 0.14075
0.00939 0.140625
0.00942 0.140625
0.00945 0.1405
0.00948 0.140375
0.00951 0.14025
0.00954 0.140125
0.00957 0.140125
0.0096 0.14
0.00963 0.139875
0.00966 0.13975
0.00969 0.13975
0.00972 0.139625
0.00975 0.1395
0.00978 0.139375
0.00981 0.13925
0.00984 0.139125
0.00987 0.139125
0.0099 0.139
0.00993 0.138875
0.00996 0.13875
0.00999 0.138625
0.01002 0.1385
0.01005 0.138375
0.01008 0.13825
0.01011 0.13825
0.01014 0.138125
0.01017 0.138
0.0102 0.137875
0.01023 0.13775
0.01026 0.137625
0.01029 0.1375
0.01032 0.137375
0.01035 0.13725
0.01038 0.137125
0.01041 0.137
0.01044 0.136875
0.01047 0.13675
0.0105 0.136625
0.01053 0.1365
0.01056 0.136375
0.01059 0.13625
0.01062 0.136125
0.01065 0.136
0.01068 0.135875
0.01071 0.13575
0.01074 0.135625
0.01077 0.1355
0.0108 0.135375
0.01083 0.13525
0.01086 0.135125
0.01089 0.134875
0.01092 0.13475
0.01095 0.134625
0.01098 0.1345
0.01101 0.134375
0.01104 0.13425
0.01107 0.134125
0.0111 0.134
0.01113 0.13375
0.01116 0.133625
0.01119 0.1335
0.01122 0.133375
0.01125 0.13325
0.01128 0.133125
0.01131 0.132875
0.01134 0.13275
0.01137 0.132625
0.0114 0.1325
0.01143 0.13225
0.01146 0.132125
0.01149 0.132
0.01152 0.131875
0.01155 0.131625
0.01158 0.1315
0.01161 0.131375
0.01164 0.13125
0.01167 0.131
0.0117 0.130875
0.01173 0.13075
0.01176 0.130625
0.01179 0.130375
0.01182 0.13025
0.01185 0.130125
0.01188 0.129875
0.01191 0.12975
0.01194 0.1295
0.01197 0.129375
0.012 0.12925
0.01203 0.129
0.01206 0.128875
0.01209 0.12875
0.01212 0.1285
0.01215 0.128375
0.01218 0.128125
0.01221 0.128
0.01224 0.127875
0.01227 0.127625
0.0123 0.1275
0.01233 0.12725
0.01236 0.127125
0.01239 0.126875
0.01242 0.12675
0.01245 0.1265
0.01248 0.126375
0.01251 0.126125
0.01254 0.126
0.01257 0.12575
0.0126 0.125625
0.01263 0.125375
0.01266 0.12525
0.01269 0.125
0.01272 0.124875
0.01275 0.124625
0.01278 0.1245
0.01281 0.12425
0.01284 0.124125
0.01287 0.123875
0.0129 0.123625
0.01293 0.1235
0.01296 0.12325
0.01299 0.123125
0.01302 0.122875
0.01305 0.122625
0.01308 0.1225
0.01311 0.12225
0.01314 0.122
0.01317 0.121875
0.0132 0.121625
0.01323 0.121375
0.01326 0.12125
0.01329 0.121
0.01332 0.12075
0.01335 0.120625
0.01338 0.120375
0.01341 0.120125
0.01344 0.119875
0.01347 0.11975
0.0135 0.1195
0.01353 0.11925
0.01356 0.119
0.01359 0.118875
0.01362 0.118625
0.01365 0.118375
0.01368 0.118125
0.01371 0.117875
0.01374 0.11775
0.01377 0.1175
0.0138 0.11725
0.01383 0.117
0.01386 0.11675
0.01389 0.1165
0.01392 0.116375
0.01395 0.116125
0.01398 0.115875
0.01401 0.115625
0.01404 0.115375
0.01407 0.115125
0.0141 0.114875
0.01413 0.114625
0.01416 0.114375
0.01419 0.11425
0.01422 0.114
0.01425 0.11375
0.01428 0.1135
0.01431 0.11325
0.01434 0.113
0.01437 0.11275
0.0144 0.1125
0.01443 0.11225
0.01446 0.112
0.01449 0.11175
0.01452 0.1115
0.01455 0.11125
0.01458 0.111
0.01461 0.11075
0.01464 0.110375
0.01467 0.110125
0.0147 0.109875
0.01473 0.109625
0.01476 0.109375
0.01479 0.109125
0.01482 0.108875
0.01485 0.108625
0.01488 0.108375
0.01491 0.108
0.01494 0.10775
0.01497 0.1075
0.015 0.10725
0.01503 0.107
0.01506 0.10675
0.01509 0.106375
0.01512 0.106125
0.01515 0.105875
0.01518 0.105625
0.01521 0.10525
0.01524 0.105
0.01527 0.10475
0.0153 0.1045
0.01533 0.104125
0.01536 0.103875
0.01539 0.103625
0.01542 0.10325
0.01545 0.103
0.01548 0.10275
0.01551 0.102375
0.01554 0.102125
0.01557 0.101875
0.0156 0.1015
0.01563 0.10125
0.01566 0.101
0.01569 0.100625
0.01572 0.100375
0.01575 0.1
0.01578 0.09975
0.01581 0.099375
0.01584 0.099125
0.01587 0.098875
0.0159 0.0985
0.01593 0.09825
0.01596 0.097875
0.01599 0.097625
0.01602 0.09725
0.01605 0.096875
0.01608 0.096625
0.01611 0.09625
0.01614 0.096
0.01617 0.095625
0.0162 0.095375
0.01623 0.095
0.01626 0.094625
0.01629 0.094375
0.01632 0.094
0.01635 0.09375
0.01638 0.093375
0.01641 0.093
0.01644 0.092625
0.01647 0.092375
0.0165 0.092
0.01653 0.091625
0.01656 0.091375
0.01659 0.091
0.01662 0.090625
0.01665 0.09025
0.01668 0.09
0.01671 0.089625
0.01674 0.08925
0.01677 0.088875
0.0168 0.0885
0.01683 0.088125
0.01686 0.087875
0.01689 0.0875
0.01692 0.087125
0.01695 0.08675
0.01698 0.086375
0.01701 0.086
0.01704 0.085625
0.01707 0.08525
0.0171 0.084875
0.01713 0.0845
0.01716 0.084125
0.01719 0.08375
0.01722 0.083375
0.01725 0.083
0.01728 0.082625
0.01731 0.08225
0.01734 0.081875
0.01737 0.0815
0.0174 0.081125
0.01743 0.080625
0.01746 0.08025
0.01749 0.079875
0.01752 0.0795
0.01755 0.079125
0.01758 0.07875
0.01761 0.07825
0.01764 0.077875
0.01767 0.0775
0.0177 0.077125
0.01773 0.076625
0.01776 0.07625
0.01779 0.075875
0.01782 0.075375
0.01785 0.075
0.01788 0.0745
0.01791 0.074125
0.01794 0.07375
0.01797 0.07325
0.018 0.072875
0.01803 0.072375
0.01806 0.072
0.01809 0.0715
0.01812 0.071125
0.01815 0.070625
0.01818 0.070125
0.01821 0.06975
0.01824 0.06925
0.01827 0.068875
0.0183 0.068375
0.01833 0.067875
0.01836 0.067375
0.01839 0.067
0.01842 0.0665
0.01845 0.066
0.01848 0.0655
0.01851 0.065125
0.01854 0.064625
0.01857 0.064125
0.0186 0.063625
0.01863 0.063125
0.01866 0.062625
0.01869 0.062125
0.01872 0.061625
0.01875 0.061125
0.01878 0.060625
0.01881 0.060125
0.01884 0.059625
0.01887 0.059
0.0189 0.0585
0.01893 0.058
0.01896 0.0575
0.01899 0.057
0.01902 0.056375
0.01905 0.055875
0.01908 0.05525
0.01911 0.05475
0.01914 0.05425
0.01917 0.053625
0.0192 0.053125
0.01923 0.0525
0.01926 0.051875
0.01929 0.051375
0.01932 0.05075
0.01935 0.050125
0.01938 0.0495
0.01941 0.049
0.01944 0.048375
0.01947 0.04775
0.0195 0.047125
0.01953 0.0465
0.01956 0.045875
0.01959 0.045125
0.01962 0.0445
0.01965 0.043875
0.01968 0.04325
0.01971 0.0425
0.01974 0.041875
0.01977 0.041125
0.0198 0.040375
0.01983 0.03975
0.01986 0.039
0.01989 0.03825
0.01992 0.0375
0.01995 0.03675
0.01998 0.036
0.02001 0.035125
0.02004 0.034375
0.02007 0.0335
0.0201 0.032625
0.02013 0.03175
0.02016 0.030875
0.02019 0.03
0.02022 0.029
0.02025 0.028
0.02028 0.027
0.02031 0.026
0.02034 0.024875
0.02037 0.02375
0.0204 0.0225
0.02043 0.02125
0.02046 0.019875
0.02049 0.018375
0.02052 0.016625
0.02055 0.01475
0.02058 0.012625
0.02061 0.009875
0.02064 0.00575
0.02067 0
0.0207 0
0.02073 0
0.02076 0
0.02079 0
0.02082 0
0.02085 0
0.02088 0
0.02091 0
0.02094 0
0.02097 0
0.021 0
0.02103 0
0.02106 0
0.02109 0
0.02112 0
0.02115 0
0.02118 0
0.02121 0
0.02124 0
0.02127 0
0.0213 0
0.02133 0
0.02136 0
0.02139 0
0.02142 0
0.02145 0
0.02148 0
0.02151 0
0.02154 0
0.02157 0
0.0216 0
0.02163 0
0.02166 0
0.02169 0
0.02172 0
0.02175 0
0.02178 0
0.02181 0
0.02184 0
0.02187 0
