0 952.291810255 
0.000125 952.291810287 
0.00025 952.291810356 
0.000375 952.291810467 
0.0005 952.291810619 
0.000625 952.291810815 
0.00075 952.291811053 
0.000875 952.291811334 
0.001 952.291811658 
0.001125 952.291812025 
0.00125 952.291812435 
0.001375 952.291812888 
0.0015 952.291813384 
0.001625 952.291813923 
0.00175 952.291814505 
0.001875 952.29181513 
0.002 952.291815798 
0.002125 952.291816509 
0.00225 952.291817264 
0.002375 952.291818061 
0.0025 952.291818901 
0.002625 952.291819784 
0.00275 952.291820711 
0.002875 952.29182168 
0.003 952.291822693 
0.003125 952.291823748 
0.00325 952.291824847 
0.003375 952.291825989 
0.0035 952.291827173 
0.003625 952.291828401 
0.00375 952.291829672 
0.003875 952.291830986 
0.004 952.291832343 
0.004125 952.291833743 
0.00425 952.291835186 
0.004375 952.291836672 
0.0045 952.291838201 
0.004625 952.291839774 
0.00475 952.291841389 
0.004875 952.291843047 
0.005 952.291844749 
0.005125 952.291846493 
0.00525 952.291848281 
0.005375 952.291850111 
0.0055 952.291851985 
0.005625 952.291853902 
0.00575 952.291855862 
0.005875 952.291857864 
0.006 952.29185991 
0.006125 952.291861999 
0.00625 952.291864131 
0.006375 952.291866306 
0.0065 952.291868524 
0.006625 952.291870785 
0.00675 952.29187309 
0.006875 952.291875437 
0.007 952.291877827 
0.007125 952.291880261 
0.00725 952.291882737 
0.007375 952.291885256 
0.0075 952.291887819 
0.007625 952.291890424 
0.00775 952.291893073 
0.007875 952.291895764 
0.008 952.291898499 
0.008125 952.291901277 
0.00825 952.291904097 
0.008375 952.291906961 
0.0085 952.291909868 
0.008625 952.291912818 
0.00875 952.29191581 
0.008875 952.291918846 
0.009 952.291921925 
0.009125 952.291925047 
0.00925 952.291928212 
0.009375 952.29193142 
0.0095 952.291934671 
0.009625 952.291937965 
0.00975 952.291941302 
0.009875 952.291944682 
0.01 952.291948105 
0.010125 952.291951572 
0.01025 952.291955081 
0.010375 952.291958633 
0.0105 952.291962228 
0.010625 952.291965866 
0.01075 952.291969548 
0.010875 952.291973272 
0.011 952.291977039 
0.011125 952.291980849 
0.01125 952.291984703 
0.011375 952.291988599 
0.0115 952.291992538 
0.011625 952.29199652 
0.01175 952.292000546 
0.011875 952.292004614 
0.012 952.292008725 
0.012125 952.292012879 
0.01225 952.292017077 
0.012375 952.292021317 
0.0125 952.2920256 
0.012625 952.292029926 
0.01275 952.292034296 
0.012875 952.292038708 
0.013 952.292043163 
0.013125 952.292047661 
0.01325 952.292052203 
0.013375 952.292056787 
0.0135 952.292061414 
0.013625 952.292066084 
0.01375 952.292070797 
0.013875 952.292075553 
0.014 952.292080352 
0.014125 952.292085194 
0.01425 952.292090079 
0.014375 952.292095007 
0.0145 952.292099978 
0.014625 952.292104992 
0.01475 952.292110049 
0.014875 952.292115149 
0.015 952.292120291 
0.015125 952.292125477 
0.01525 952.292130706 
0.015375 952.292135977 
0.0155 952.292141292 
0.015625 952.29214665 
0.01575 952.29215205 
0.015875 952.292157493 
0.016 952.29216298 
0.016125 952.292168509 
0.01625 952.292174081 
0.016375 952.292179697 
0.0165 952.292185355 
0.016625 952.292191056 
0.01675 952.2921968 
0.016875 952.292202587 
0.017 952.292208416 
0.017125 952.292214289 
0.01725 952.292220205 
0.017375 952.292226163 
0.0175 952.292232165 
0.017625 952.292238209 
0.01775 952.292244297 
0.017875 952.292250427 
0.018 952.2922566 
0.018125 952.292262816 
0.01825 952.292269075 
0.018375 952.292275377 
0.0185 952.292281722 
0.018625 952.292288109 
0.01875 952.29229454 
0.018875 952.292301013 
0.019 952.292307529 
0.019125 952.292314089 
0.01925 952.292320691 
0.019375 952.292327336 
0.0195 952.292334024 
0.019625 952.292340754 
0.01975 952.292347528 
0.019875 952.292354344 
0.02 952.292361204 
0.020125 952.292368106 
0.02025 952.292375051 
0.020375 952.292382039 
0.0205 952.29238907 
0.020625 952.292396143 
0.02075 952.29240326 
0.020875 952.292410419 
0.021 952.292417621 
0.021125 952.292424866 
0.02125 952.292432154 
0.021375 952.292439485 
0.0215 952.292446858 
0.021625 952.292454275 
0.02175 952.292461734 
0.021875 952.292469236 
0.022 952.292476781 
0.022125 952.292484368 
0.02225 952.292491999 
0.022375 952.292499672 
0.0225 952.292507388 
0.022625 952.292515147 
0.02275 952.292522949 
0.022875 952.292530793 
0.023 952.292538681 
0.023125 952.292546611 
0.02325 952.292554584 
0.023375 952.292562599 
0.0235 952.292570658 
0.023625 952.292578759 
0.02375 952.292586903 
0.023875 952.29259509 
0.024 952.29260332 
0.024125 952.292611592 
0.02425 952.292619907 
0.024375 952.292628265 
0.0245 952.292636666 
0.024625 952.292645109 
0.02475 952.292653596 
0.024875 952.292662125 
0.025 952.292670696 
0.025125 952.292679311 
0.02525 952.292687968 
0.025375 952.292696668 
0.0255 952.292705411 
0.025625 952.292714196 
0.02575 952.292723024 
0.025875 952.292731895 
0.026 952.292740809 
0.026125 952.292749765 
0.02625 952.292758764 
0.026375 952.292767806 
0.0265 952.29277689 
0.026625 952.292786017 
0.02675 952.292795187 
0.026875 952.2928044 
0.027 952.292813655 
0.027125 952.292822953 
0.02725 952.292832294 
0.027375 952.292841677 
0.0275 952.292851103 
0.027625 952.292860572 
0.02775 952.292870083 
0.027875 952.292879637 
0.028 952.292889234 
0.028125 952.292898874 
0.02825 952.292908556 
0.028375 952.29291828 
0.0285 952.292928048 
0.028625 952.292937858 
0.02875 952.29294771 
0.028875 952.292957606 
0.029 952.292967544 
0.029125 952.292977524 
0.02925 952.292987547 
0.029375 952.292997613 
0.0295 952.293007722 
0.029625 952.293017873 
0.02975 952.293028067 
0.029875 952.293038303 
0.03 952.293048582 
0.030125 952.293058903 
0.03025 952.293069267 
0.030375 952.293079674 
0.0305 952.293090123 
0.030625 952.293100615 
0.03075 952.29311115 
0.030875 952.293121727 
0.031 952.293132347 
0.031125 952.293143009 
0.03125 952.293153714 
0.031375 952.293164461 
0.0315 952.293175251 
0.031625 952.293186083 
0.03175 952.293196958 
0.031875 952.293207876 
0.032 952.293218836 
0.032125 952.293229839 
0.03225 952.293240884 
0.032375 952.293251972 
0.0325 952.293263102 
0.032625 952.293274275 
0.03275 952.29328549 
0.032875 952.293296748 
0.033 952.293308048 
0.033125 952.293319391 
0.03325 952.293330776 
0.033375 952.293342204 
0.0335 952.293353674 
0.033625 952.293365187 
0.03375 952.293376742 
0.033875 952.29338834 
0.034 952.293399981 
0.034125 952.293411663 
0.03425 952.293423388 
0.034375 952.293435156 
0.0345 952.293446966 
0.034625 952.293458819 
0.03475 952.293470714 
0.034875 952.293482651 
0.035 952.293494631 
0.035125 952.293506653 
0.03525 952.293518718 
0.035375 952.293530825 
0.0355 952.293542975 
0.035625 952.293555167 
0.03575 952.293567401 
0.035875 952.293579678 
0.036 952.293591998 
0.036125 952.293604359 
0.03625 952.293616763 
0.036375 952.29362921 
0.0365 952.293641699 
0.036625 952.29365423 
0.03675 952.293666803 
0.036875 952.293679419 
0.037 952.293692078 
0.037125 952.293704778 
0.03725 952.293717521 
0.037375 952.293730307 
0.0375 952.293743134 
0.037625 952.293756004 
0.03775 952.293768917 
0.037875 952.293781872 
0.038 952.293794869 
0.038125 952.293807908 
0.03825 952.29382099 
0.038375 952.293834114 
0.0385 952.29384728 
0.038625 952.293860489 
0.03875 952.29387374 
0.038875 952.293887033 
0.039 952.293900368 
0.039125 952.293913746 
0.03925 952.293927166 
0.039375 952.293940628 
0.0395 952.293954133 
0.039625 952.29396768 
0.03975 952.293981269 
0.039875 952.2939949 
0.04 952.294008574 
0.040125 952.29402229 
0.04025 952.294036048 
0.040375 952.294049848 
0.0405 952.294063691 
0.040625 952.294077576 
0.04075 952.294091502 
0.040875 952.294105472 
0.041 952.294119483 
0.041125 952.294133537 
0.04125 952.294147632 
0.041375 952.29416177 
0.0415 952.294175951 
0.041625 952.294190173 
0.04175 952.294204437 
0.041875 952.294218744 
0.042 952.294233093 
0.042125 952.294247484 
0.04225 952.294261917 
0.042375 952.294276392 
0.0425 952.29429091 
0.042625 952.294305469 
0.04275 952.294320071 
0.042875 952.294334715 
0.043 952.294349401 
0.043125 952.294364129 
0.04325 952.294378899 
0.043375 952.294393711 
0.0435 952.294408566 
0.043625 952.294423462 
0.04375 952.2944384 
0.043875 952.294453381 
0.044 952.294468404 
0.044125 952.294483468 
0.04425 952.294498575 
0.044375 952.294513724 
0.0445 952.294528915 
0.044625 952.294544148 
0.04475 952.294559423 
0.044875 952.29457474 
0.045 952.294590099 
0.045125 952.2946055 
0.04525 952.294620943 
0.045375 952.294636428 
0.0455 952.294651955 
0.045625 952.294667524 
0.04575 952.294683135 
0.045875 952.294698789 
0.046 952.294714484 
0.046125 952.294730221 
0.04625 952.294746 
0.046375 952.294761821 
0.0465 952.294777683 
0.046625 952.294793588 
0.04675 952.294809535 
0.046875 952.294825524 
0.047 952.294841554 
0.047125 952.294857627 
0.04725 952.294873742 
0.047375 952.294889898 
0.0475 952.294906096 
0.047625 952.294922337 
0.04775 952.294938619 
0.047875 952.294954943 
0.048 952.294971309 
0.048125 952.294987716 
0.04825 952.295004166 
0.048375 952.295020658 
0.0485 952.295037191 
0.048625 952.295053766 
0.04875 952.295070383 
0.048875 952.295087042 
0.049 952.295103743 
0.049125 952.295120485 
0.04925 952.29513727 
0.049375 952.295154096 
0.0495 952.295170964 
0.049625 952.295187874 
0.04975 952.295204825 
0.049875 952.295221819 
0.05 952.295238854 
0.050125 952.295255931 
0.05025 952.29527305 
0.050375 952.29529021 
0.0505 952.295307412 
0.050625 952.295324656 
0.05075 952.295341942 
0.050875 952.29535927 
0.051 952.295376639 
0.051125 952.29539405 
0.05125 952.295411502 
0.051375 952.295428997 
0.0515 952.295446533 
0.051625 952.295464111 
0.05175 952.29548173 
0.051875 952.295499391 
0.052 952.295517094 
0.052125 952.295534838 
0.05225 952.295552625 
0.052375 952.295570452 
0.0525 952.295588322 
0.052625 952.295606233 
0.05275 952.295624186 
0.052875 952.29564218 
0.053 952.295660216 
0.053125 952.295678293 
0.05325 952.295696413 
0.053375 952.295714573 
0.0535 952.295732776 
0.053625 952.29575102 
0.05375 952.295769305 
0.053875 952.295787633 
0.054 952.295806001 
0.054125 952.295824412 
0.05425 952.295842863 
0.054375 952.295861357 
0.0545 952.295879892 
0.054625 952.295898468 
0.05475 952.295917086 
0.054875 952.295935746 
0.055 952.295954447 
0.055125 952.295973189 
0.05525 952.295991973 
0.055375 952.296010799 
0.0555 952.296029666 
0.055625 952.296048574 
0.05575 952.296067524 
0.055875 952.296086515 
0.056 952.296105548 
0.056125 952.296124623 
0.05625 952.296143738 
0.056375 952.296162895 
0.0565 952.296182094 
0.056625 952.296201334 
0.05675 952.296220615 
0.056875 952.296239938 
0.057 952.296259303 
0.057125 952.296278708 
0.05725 952.296298155 
0.057375 952.296317644 
0.0575 952.296337173 
0.057625 952.296356744 
0.05775 952.296376357 
0.057875 952.296396011 
0.058 952.296415706 
0.058125 952.296435442 
0.05825 952.29645522 
0.058375 952.296475039 
0.0585 952.2964949 
0.058625 952.296514801 
0.05875 952.296534744 
0.058875 952.296554729 
0.059 952.296574754 
0.059125 952.296594821 
0.05925 952.296614929 
0.059375 952.296635078 
0.0595 952.296655269 
0.059625 952.296675501 
0.05975 952.296695774 
0.059875 952.296716088 
0.06 952.296736444 
0.060125 952.29675684 
0.06025 952.296777278 
0.060375 952.296797758 
0.0605 952.296818278 
0.060625 952.296838839 
0.06075 952.296859442 
0.060875 952.296880086 
0.061 952.296900771 
0.061125 952.296921497 
0.06125 952.296942264 
0.061375 952.296963073 
0.0615 952.296983922 
0.061625 952.297004813 
0.06175 952.297025745 
0.061875 952.297046717 
0.062 952.297067731 
0.062125 952.297088786 
0.06225 952.297109882 
0.062375 952.29713102 
0.0625 952.297152198 
0.062625 952.297173417 
0.06275 952.297194677 
0.062875 952.297215979 
0.063 952.297237321 
0.063125 952.297258705 
0.06325 952.297280129 
0.063375 952.297301594 
0.0635 952.297323101 
0.063625 952.297344648 
0.06375 952.297366237 
0.063875 952.297387866 
0.064 952.297409536 
0.064125 952.297431248 
0.06425 952.297453 
0.064375 952.297474793 
0.0645 952.297496627 
0.064625 952.297518502 
0.06475 952.297540418 
0.064875 952.297562375 
0.065 952.297584373 
0.065125 952.297606411 
0.06525 952.297628491 
0.065375 952.297650611 
0.0655 952.297672772 
0.065625 952.297694975 
0.06575 952.297717217 
0.065875 952.297739501 
0.066 952.297761826 
0.066125 952.297784191 
0.06625 952.297806598 
0.066375 952.297829045 
0.0665 952.297851532 
0.066625 952.297874061 
0.06675 952.297896631 
0.066875 952.297919241 
0.067 952.297941892 
0.067125 952.297964583 
0.06725 952.297987316 
0.067375 952.298010089 
0.0675 952.298032903 
0.067625 952.298055758 
0.06775 952.298078653 
0.067875 952.298101589 
0.068 952.298124566 
0.068125 952.298147583 
0.06825 952.298170641 
0.068375 952.29819374 
0.0685 952.298216879 
0.068625 952.29824006 
0.06875 952.29826328 
0.068875 952.298286542 
0.069 952.298309844 
0.069125 952.298333186 
0.06925 952.298356569 
0.069375 952.298379993 
0.0695 952.298403458 
0.069625 952.298426963 
0.06975 952.298450508 
0.069875 952.298474094 
0.07 952.298497721 
0.070125 952.298521388 
0.07025 952.298545096 
0.070375 952.298568844 
0.0705 952.298592633 
0.070625 952.298616462 
0.07075 952.298640332 
0.070875 952.298664242 
0.071 952.298688193 
0.071125 952.298712184 
0.07125 952.298736216 
0.071375 952.298760288 
0.0715 952.298784401 
0.071625 952.298808554 
0.07175 952.298832747 
0.071875 952.298856981 
0.072 952.298881256 
0.072125 952.29890557 
0.07225 952.298929925 
0.072375 952.298954321 
0.0725 952.298978757 
0.072625 952.299003233 
0.07275 952.299027749 
0.072875 952.299052306 
0.073 952.299076903 
0.073125 952.299101541 
0.07325 952.299126219 
0.073375 952.299150937 
0.0735 952.299175696 
0.073625 952.299200494 
0.07375 952.299225333 
0.073875 952.299250213 
0.074 952.299275132 
0.074125 952.299300092 
0.07425 952.299325092 
0.074375 952.299350133 
0.0745 952.299375213 
0.074625 952.299400334 
0.07475 952.299425495 
0.074875 952.299450696 
0.075 952.299475937 
0.075125 952.299501219 
0.07525 952.29952654 
0.075375 952.299551902 
0.0755 952.299577304 
0.075625 952.299602746 
0.07575 952.299628229 
0.075875 952.299653751 
0.076 952.299679313 
0.076125 952.299704916 
0.07625 952.299730559 
0.076375 952.299756241 
0.0765 952.299781964 
0.076625 952.299807727 
0.07675 952.29983353 
0.076875 952.299859373 
0.077 952.299885256 
0.077125 952.299911179 
0.07725 952.299937142 
0.077375 952.299963145 
0.0775 952.299989188 
0.077625 952.300015271 
0.07775 952.300041394 
0.077875 952.300067557 
0.078 952.30009376 
0.078125 952.300120003 
0.07825 952.300146285 
0.078375 952.300172608 
0.0785 952.300198971 
0.078625 952.300225373 
0.07875 952.300251816 
0.078875 952.300278298 
0.079 952.30030482 
0.079125 952.300331382 
0.07925 952.300357984 
0.079375 952.300384626 
0.0795 952.300411307 
0.079625 952.300438029 
0.07975 952.30046479 
0.079875 952.300491591 
0.08 952.300518431 
0.080125 952.300545312 
0.08025 952.300572232 
0.080375 952.300599192 
0.0805 952.300626192 
0.080625 952.300653232 
0.08075 952.300680311 
0.080875 952.30070743 
0.081 952.300734589 
0.081125 952.300761787 
0.08125 952.300789026 
0.081375 952.300816303 
0.0815 952.300843621 
0.081625 952.300870978 
0.08175 952.300898375 
0.081875 952.300925811 
0.082 952.300953287 
0.082125 952.300980803 
0.08225 952.301008358 
0.082375 952.301035953 
0.0825 952.301063588 
0.082625 952.301091262 
0.08275 952.301118976 
0.082875 952.301146729 
0.083 952.301174522 
0.083125 952.301202354 
0.08325 952.301230226 
0.083375 952.301258137 
0.0835 952.301286088 
0.083625 952.301314078 
0.08375 952.301342108 
0.083875 952.301370177 
0.084 952.301398286 
0.084125 952.301426434 
0.08425 952.301454622 
0.084375 952.301482849 
0.0845 952.301511115 
0.084625 952.301539421 
0.08475 952.301567766 
0.084875 952.301596151 
0.085 952.301624575 
0.085125 952.301653039 
0.08525 952.301681541 
0.085375 952.301710083 
0.0855 952.301738665 
0.085625 952.301767286 
0.08575 952.301795946 
0.085875 952.301824645 
0.086 952.301853384 
0.086125 952.301882162 
0.08625 952.301910979 
0.086375 952.301939836 
0.0865 952.301968731 
0.086625 952.301997666 
0.08675 952.30202664 
0.086875 952.302055654 
0.087 952.302084707 
0.087125 952.302113798 
0.08725 952.302142929 
0.087375 952.3021721 
0.0875 952.302201309 
0.087625 952.302230557 
0.08775 952.302259845 
0.087875 952.302289172 
0.088 952.302318538 
0.088125 952.302347943 
0.08825 952.302377387 
0.088375 952.30240687 
0.0885 952.302436392 
0.088625 952.302465953 
0.08875 952.302495554 
0.088875 952.302525193 
0.089 952.302554871 
0.089125 952.302584589 
0.08925 952.302614345 
0.089375 952.302644141 
0.0895 952.302673975 
0.089625 952.302703848 
0.08975 952.302733761 
0.089875 952.302763712 
0.09 952.302793702 
0.090125 952.302823731 
0.09025 952.302853799 
0.090375 952.302883906 
0.0905 952.302914052 
0.090625 952.302944237 
0.09075 952.302974461 
0.090875 952.303004723 
0.091 952.303035024 
0.091125 952.303065365 
0.09125 952.303095744 
0.091375 952.303126161 
0.0915 952.303156618 
0.091625 952.303187113 
0.09175 952.303217647 
0.091875 952.30324822 
0.092 952.303278832 
0.092125 952.303309483 
0.09225 952.303340172 
0.092375 952.3033709 
0.0925 952.303401666 
0.092625 952.303432471 
0.09275 952.303463315 
0.092875 952.303494198 
0.093 952.303525119 
0.093125 952.303556079 
0.09325 952.303587078 
0.093375 952.303618115 
0.0935 952.303649191 
0.093625 952.303680306 
0.09375 952.303711459 
0.093875 952.30374265 
0.094 952.303773881 
0.094125 952.303805149 
0.09425 952.303836457 
0.094375 952.303867802 
0.0945 952.303899187 
0.094625 952.30393061 
0.09475 952.303962071 
0.094875 952.303993571 
0.095 952.304025109 
0.095125 952.304056686 
0.09525 952.304088301 
0.095375 952.304119955 
0.0955 952.304151647 
0.095625 952.304183378 
0.09575 952.304215147 
0.095875 952.304246954 
0.096 952.3042788 
0.096125 952.304310684 
0.09625 952.304342606 
0.096375 952.304374567 
0.0965 952.304406566 
0.096625 952.304438604 
0.09675 952.30447068 
0.096875 952.304502794 
0.097 952.304534946 
0.097125 952.304567137 
0.09725 952.304599366 
0.097375 952.304631633 
0.0975 952.304663938 
0.097625 952.304696282 
0.09775 952.304728663 
0.097875 952.304761083 
0.098 952.304793542 
0.098125 952.304826038 
0.09825 952.304858573 
0.098375 952.304891145 
0.0985 952.304923756 
0.098625 952.304956405 
0.09875 952.304989092 
0.098875 952.305021817 
0.099 952.305054581 
0.099125 952.305087382 
0.09925 952.305120221 
0.099375 952.305153099 
0.0995 952.305186014 
0.099625 952.305218968 
0.09975 952.305251959 
0.099875 952.305284989 
0.1 952.305318056 
0.100125 952.305351162 
0.10025 952.305384305 
0.100375 952.305417487 
0.1005 952.305450706 
0.100625 952.305483964 
0.10075 952.305517259 
0.100875 952.305550592 
0.101 952.305583963 
0.101125 952.305617372 
0.10125 952.305650819 
0.101375 952.305684303 
0.1015 952.305717826 
0.101625 952.305751386 
0.10175 952.305784984 
0.101875 952.30581862 
0.102 952.305852294 
0.102125 952.305886005 
0.10225 952.305919754 
0.102375 952.305953541 
0.1025 952.305987366 
0.102625 952.306021229 
0.10275 952.306055129 
0.102875 952.306089067 
0.103 952.306123042 
0.103125 952.306157056 
0.10325 952.306191106 
0.103375 952.306225195 
0.1035 952.306259321 
0.103625 952.306293485 
0.10375 952.306327687 
0.103875 952.306361926 
0.104 952.306396202 
0.104125 952.306430516 
0.10425 952.306464868 
0.104375 952.306499258 
0.1045 952.306533684 
0.104625 952.306568149 
0.10475 952.306602651 
0.104875 952.30663719 
0.105 952.306671767 
0.105125 952.306706381 
0.10525 952.306741033 
0.105375 952.306775722 
0.1055 952.306810449 
0.105625 952.306845213 
0.10575 952.306880015 
0.105875 952.306914854 
0.106 952.30694973 
0.106125 952.306984644 
0.10625 952.307019595 
0.106375 952.307054583 
0.1065 952.307089609 
0.106625 952.307124672 
0.10675 952.307159772 
0.106875 952.307194909 
0.107 952.307230084 
0.107125 952.307265296 
0.10725 952.307300546 
0.107375 952.307335832 
0.1075 952.307371156 
0.107625 952.307406517 
0.10775 952.307441916 
0.107875 952.307477351 
0.108 952.307512824 
0.108125 952.307548333 
0.10825 952.30758388 
0.108375 952.307619464 
0.1085 952.307655085 
0.108625 952.307690744 
0.10875 952.307726439 
0.108875 952.307762171 
0.109 952.307797941 
0.109125 952.307833747 
0.10925 952.307869591 
0.109375 952.307905472 
0.1095 952.307941389 
0.109625 952.307977344 
0.10975 952.308013335 
0.109875 952.308049364 
0.11 952.308085429 
0.110125 952.308121532 
0.11025 952.308157671 
0.110375 952.308193847 
0.1105 952.308230061 
0.110625 952.308266311 
0.11075 952.308302598 
0.110875 952.308338921 
0.111 952.308375282 
0.111125 952.30841168 
0.11125 952.308448114 
0.111375 952.308484585 
0.1115 952.308521093 
0.111625 952.308557638 
0.11175 952.308594219 
0.111875 952.308630837 
0.112 952.308667492 
0.112125 952.308704184 
0.11225 952.308740912 
0.112375 952.308777677 
0.1125 952.308814479 
0.112625 952.308851317 
0.11275 952.308888193 
0.112875 952.308925104 
0.113 952.308962053 
0.113125 952.308999038 
0.11325 952.309036059 
0.113375 952.309073117 
0.1135 952.309110212 
0.113625 952.309147343 
0.11375 952.309184511 
0.113875 952.309221716 
0.114 952.309258956 
0.114125 952.309296234 
0.11425 952.309333548 
0.114375 952.309370898 
0.1145 952.309408285 
0.114625 952.309445708 
0.11475 952.309483168 
0.114875 952.309520664 
0.115 952.309558196 
0.115125 952.309595765 
0.11525 952.309633371 
0.115375 952.309671012 
0.1155 952.30970869 
0.115625 952.309746405 
0.11575 952.309784155 
0.115875 952.309821942 
0.116 952.309859766 
0.116125 952.309897625 
0.11625 952.309935521 
0.116375 952.309973453 
0.1165 952.310011421 
0.116625 952.310049426 
0.11675 952.310087466 
0.116875 952.310125543 
0.117 952.310163656 
0.117125 952.310201806 
0.11725 952.310239991 
0.117375 952.310278213 
0.1175 952.31031647 
0.117625 952.310354764 
0.11775 952.310393094 
0.117875 952.31043146 
0.118 952.310469862 
0.118125 952.3105083 
0.11825 952.310546774 
0.118375 952.310585284 
0.1185 952.31062383 
0.118625 952.310662412 
0.11875 952.310701031 
0.118875 952.310739685 
0.119 952.310778375 
0.119125 952.310817101 
0.11925 952.310855863 
0.119375 952.31089466 
0.1195 952.310933494 
0.119625 952.310972364 
0.11975 952.311011269 
0.119875 952.31105021 
0.12 952.311089187 
0.120125 952.3111282 
0.12025 952.311167249 
0.120375 952.311206333 
0.1205 952.311245454 
0.120625 952.31128461 
0.12075 952.311323802 
0.120875 952.311363029 
0.121 952.311402292 
0.121125 952.311441591 
0.12125 952.311480926 
0.121375 952.311520296 
0.1215 952.311559702 
0.121625 952.311599144 
0.12175 952.311638621 
0.121875 952.311678134 
0.122 952.311717682 
0.122125 952.311757267 
0.12225 952.311796886 
0.122375 952.311836541 
0.1225 952.311876232 
0.122625 952.311915958 
0.12275 952.31195572 
0.122875 952.311995517 
0.123 952.31203535 
0.123125 952.312075218 
0.12325 952.312115122 
0.123375 952.312155061 
0.1235 952.312195035 
0.123625 952.312235045 
0.12375 952.312275091 
0.123875 952.312315171 
0.124 952.312355287 
0.124125 952.312395439 
0.12425 952.312435626 
0.124375 952.312475848 
0.1245 952.312516105 
0.124625 952.312556398 
0.12475 952.312596725 
0.124875 952.312637089 
0.125 952.312677487 
0.125125 952.312717921 
0.12525 952.31275839 
0.125375 952.312798894 
0.1255 952.312839433 
0.125625 952.312880007 
0.12575 952.312920617 
0.125875 952.312961261 
0.126 952.313001941 
0.126125 952.313042656 
0.12625 952.313083406 
0.126375 952.313124191 
0.1265 952.313165011 
0.126625 952.313205867 
0.12675 952.313246757 
0.126875 952.313287682 
0.127 952.313328642 
0.127125 952.313369637 
0.12725 952.313410668 
0.127375 952.313451733 
0.1275 952.313492833 
0.127625 952.313533968 
0.12775 952.313575138 
0.127875 952.313616343 
0.128 952.313657582 
0.128125 952.313698857 
0.12825 952.313740166 
0.128375 952.31378151 
0.1285 952.313822889 
0.128625 952.313864303 
0.12875 952.313905752 
0.128875 952.313947235 
0.129 952.313988754 
0.129125 952.314030306 
0.12925 952.314071894 
0.129375 952.314113516 
0.1295 952.314155173 
0.129625 952.314196865 
0.12975 952.314238591 
0.129875 952.314280352 
0.13 952.314322148 
0.130125 952.314363978 
0.13025 952.314405843 
0.130375 952.314447743 
0.1305 952.314489677 
0.130625 952.314531645 
0.13075 952.314573648 
0.130875 952.314615686 
0.131 952.314657758 
0.131125 952.314699864 
0.13125 952.314742006 
0.131375 952.314784181 
0.1315 952.314826391 
0.131625 952.314868635 
0.13175 952.314910914 
0.131875 952.314953227 
0.132 952.314995575 
0.132125 952.315037957 
0.13225 952.315080373 
0.132375 952.315122824 
0.1325 952.315165309 
0.132625 952.315207828 
0.13275 952.315250382 
0.132875 952.31529297 
0.133 952.315335592 
0.133125 952.315378248 
0.13325 952.315420938 
0.133375 952.315463663 
0.1335 952.315506422 
0.133625 952.315549215 
0.13375 952.315592042 
0.133875 952.315634904 
0.134 952.315677799 
0.134125 952.315720729 
0.13425 952.315763693 
0.134375 952.315806691 
0.1345 952.315849722 
0.134625 952.315892788 
0.13475 952.315935888 
0.134875 952.315979022 
0.135 952.31602219 
0.135125 952.316065392 
0.13525 952.316108628 
0.135375 952.316151898 
0.1355 952.316195202 
0.135625 952.316238539 
0.13575 952.316281911 
0.135875 952.316325317 
0.136 952.316368756 
0.136125 952.316412229 
0.13625 952.316455736 
0.136375 952.316499277 
0.1365 952.316542852 
0.136625 952.31658646 
0.13675 952.316630103 
0.136875 952.316673779 
0.137 952.316717488 
0.137125 952.316761232 
0.13725 952.316805009 
0.137375 952.31684882 
0.1375 952.316892664 
0.137625 952.316936543 
0.13775 952.316980454 
0.137875 952.3170244 
0.138 952.317068379 
0.138125 952.317112392 
0.13825 952.317156438 
0.138375 952.317200518 
0.1385 952.317244631 
0.138625 952.317288778 
0.13875 952.317332958 
0.138875 952.317377172 
0.139 952.31742142 
0.139125 952.317465701 
0.13925 952.317510015 
0.139375 952.317554363 
0.1395 952.317598744 
0.139625 952.317643158 
0.13975 952.317687606 
0.139875 952.317732088 
0.14 952.317776602 
0.140125 952.31782115 
0.14025 952.317865731 
0.140375 952.317910346 
0.1405 952.317954994 
0.140625 952.317999675 
0.14075 952.318044389 
0.140875 952.318089137 
0.141 952.318133918 
0.141125 952.318178732 
0.14125 952.318223579 
0.141375 952.318268459 
0.1415 952.318313373 
0.141625 952.318358319 
0.14175 952.318403299 
0.141875 952.318448312 
0.142 952.318493358 
0.142125 952.318538437 
0.14225 952.318583549 
0.142375 952.318628694 
0.1425 952.318673872 
0.142625 952.318719083 
0.14275 952.318764327 
0.142875 952.318809604 
0.143 952.318854914 
0.143125 952.318900257 
0.14325 952.318945633 
0.143375 952.318991042 
0.1435 952.319036484 
0.143625 952.319081958 
0.14375 952.319127465 
0.143875 952.319173006 
0.144 952.319218579 
0.144125 952.319264184 
0.14425 952.319309823 
0.144375 952.319355494 
0.1445 952.319401198 
0.144625 952.319446935 
0.14475 952.319492705 
0.144875 952.319538507 
0.145 952.319584342 
0.145125 952.319630209 
0.14525 952.319676109 
0.145375 952.319722042 
0.1455 952.319768007 
0.145625 952.319814006 
0.14575 952.319860036 
0.145875 952.319906099 
0.146 952.319952195 
0.146125 952.319998323 
0.14625 952.320044484 
0.146375 952.320090677 
0.1465 952.320136903 
0.146625 952.320183161 
0.14675 952.320229451 
0.146875 952.320275774 
0.147 952.32032213 
0.147125 952.320368518 
0.14725 952.320414938 
0.147375 952.32046139 
0.1475 952.320507875 
0.147625 952.320554392 
0.14775 952.320600942 
0.147875 952.320647524 
0.148 952.320694138 
0.148125 952.320740784 
0.14825 952.320787462 
0.148375 952.320834173 
0.1485 952.320880916 
0.148625 952.320927691 
0.14875 952.320974498 
0.148875 952.321021338 
0.149 952.321068209 
0.149125 952.321115113 
0.14925 952.321162049 
0.149375 952.321209017 
0.1495 952.321256017 
0.149625 952.321303048 
0.14975 952.321350112 
0.149875 952.321397208 
0.15 952.321444336 
0.150125 952.321491496 
0.15025 952.321538688 
0.150375 952.321585912 
0.1505 952.321633168 
0.150625 952.321680455 
0.15075 952.321727775 
0.150875 952.321775126 
0.151 952.321822509 
0.151125 952.321869925 
0.15125 952.321917371 
0.151375 952.32196485 
0.1515 952.322012361 
0.151625 952.322059903 
0.15175 952.322107477 
0.151875 952.322155083 
0.152 952.32220272 
0.152125 952.322250389 
0.15225 952.32229809 
0.152375 952.322345822 
0.1525 952.322393586 
0.152625 952.322441382 
0.15275 952.322489209 
0.152875 952.322537068 
0.153 952.322584959 
0.153125 952.322632881 
0.15325 952.322680834 
0.153375 952.322728819 
0.1535 952.322776836 
0.153625 952.322824884 
0.15375 952.322872964 
0.153875 952.322921074 
0.154 952.322969217 
0.154125 952.323017391 
0.15425 952.323065596 
0.154375 952.323113832 
0.1545 952.3231621 
0.154625 952.323210399 
0.15475 952.32325873 
0.154875 952.323307092 
0.155 952.323355485 
0.155125 952.323403909 
0.15525 952.323452365 
0.155375 952.323500852 
0.1555 952.32354937 
0.155625 952.323597919 
0.15575 952.3236465 
0.155875 952.323695112 
0.156 952.323743754 
0.156125 952.323792428 
0.15625 952.323841133 
0.156375 952.323889869 
0.1565 952.323938637 
0.156625 952.323987435 
0.15675 952.324036264 
0.156875 952.324085124 
0.157 952.324134016 
0.157125 952.324182938 
0.15725 952.324231891 
0.157375 952.324280875 
0.1575 952.32432989 
0.157625 952.324378936 
0.15775 952.324428013 
0.157875 952.324477121 
0.158 952.324526259 
0.158125 952.324575429 
0.15825 952.324624629 
0.158375 952.32467386 
0.1585 952.324723122 
0.158625 952.324772415 
0.15875 952.324821738 
0.158875 952.324871092 
0.159 952.324920477 
0.159125 952.324969892 
0.15925 952.325019338 
0.159375 952.325068815 
0.1595 952.325118322 
0.159625 952.32516786 
0.15975 952.325217429 
0.159875 952.325267028 
0.16 952.325316658 
0.160125 952.325366318 
0.16025 952.325416009 
0.160375 952.325465731 
0.1605 952.325515482 
0.160625 952.325565265 
0.16075 952.325615077 
0.160875 952.325664921 
0.161 952.325714794 
0.161125 952.325764698 
0.16125 952.325814633 
0.161375 952.325864597 
0.1615 952.325914592 
0.161625 952.325964618 
0.16175 952.326014674 
0.161875 952.32606476 
0.162 952.326114876 
0.162125 952.326165022 
0.16225 952.326215199 
0.162375 952.326265406 
0.1625 952.326315643 
0.162625 952.32636591 
0.16275 952.326416208 
0.162875 952.326466536 
0.163 952.326516893 
0.163125 952.326567281 
0.16325 952.326617699 
0.163375 952.326668147 
0.1635 952.326718625 
0.163625 952.326769133 
0.16375 952.326819671 
0.163875 952.326870239 
0.164 952.326920837 
0.164125 952.326971465 
0.16425 952.327022123 
0.164375 952.327072811 
0.1645 952.327123529 
0.164625 952.327174276 
0.16475 952.327225054 
0.164875 952.327275861 
0.165 952.327326698 
0.165125 952.327377565 
0.16525 952.327428462 
0.165375 952.327479388 
0.1655 952.327530345 
0.165625 952.32758133 
0.16575 952.327632346 
0.165875 952.327683392 
0.166 952.327734467 
0.166125 952.327785571 
0.16625 952.327836706 
0.166375 952.327887869 
0.1665 952.327939063 
0.166625 952.327990286 
0.16675 952.328041539 
0.166875 952.328092821 
0.167 952.328144133 
0.167125 952.328195474 
0.16725 952.328246845 
0.167375 952.328298245 
0.1675 952.328349674 
0.167625 952.328401133 
0.16775 952.328452622 
0.167875 952.32850414 
0.168 952.328555687 
0.168125 952.328607264 
0.16825 952.328658869 
0.168375 952.328710505 
0.1685 952.328762169 
0.168625 952.328813863 
0.16875 952.328865586 
0.168875 952.328917338 
0.169 952.32896912 
0.169125 952.329020931 
0.16925 952.32907277 
0.169375 952.329124639 
0.1695 952.329176538 
0.169625 952.329228465 
0.16975 952.329280421 
0.169875 952.329332407 
0.17 952.329384421 
0.170125 952.329436465 
0.17025 952.329488538 
0.170375 952.329540639 
0.1705 952.32959277 
0.170625 952.32964493 
0.17075 952.329697118 
0.170875 952.329749336 
0.171 952.329801582 
0.171125 952.329853857 
0.17125 952.329906162 
0.171375 952.329958495 
0.1715 952.330010856 
0.171625 952.330063247 
0.17175 952.330115667 
0.171875 952.330168115 
0.172 952.330220592 
0.172125 952.330273098 
0.17225 952.330325632 
0.172375 952.330378195 
0.1725 952.330430787 
0.172625 952.330483408 
0.17275 952.330536057 
0.172875 952.330588735 
0.173 952.330641441 
0.173125 952.330694176 
0.17325 952.33074694 
0.173375 952.330799732 
0.1735 952.330852552 
0.173625 952.330905402 
0.17375 952.330958279 
0.173875 952.331011185 
0.174 952.33106412 
0.174125 952.331117083 
0.17425 952.331170074 
0.174375 952.331223094 
0.1745 952.331276142 
0.174625 952.331329219 
0.17475 952.331382324 
0.174875 952.331435457 
0.175 952.331488618 
0.175125 952.331541808 
0.17525 952.331595026 
0.175375 952.331648272 
0.1755 952.331701547 
0.175625 952.331754849 
0.17575 952.33180818 
0.175875 952.331861539 
0.176 952.331914926 
0.176125 952.331968341 
0.17625 952.332021785 
0.176375 952.332075256 
0.1765 952.332128756 
0.176625 952.332182283 
0.17675 952.332235839 
0.176875 952.332289422 
0.177 952.332343034 
0.177125 952.332396673 
0.17725 952.332450341 
0.177375 952.332504036 
0.1775 952.332557759 
0.177625 952.33261151 
0.17775 952.332665289 
0.177875 952.332719096 
0.178 952.332772931 
0.178125 952.332826793 
0.17825 952.332880684 
0.178375 952.332934602 
0.1785 952.332988547 
0.178625 952.333042521 
0.17875 952.333096522 
0.178875 952.333150551 
0.179 952.333204608 
0.179125 952.333258692 
0.17925 952.333312804 
0.179375 952.333366943 
0.1795 952.33342111 
0.179625 952.333475305 
0.17975 952.333529527 
0.179875 952.333583777 
0.18 952.333638054 
0.180125 952.333692358 
0.18025 952.333746691 
0.180375 952.33380105 
0.1805 952.333855437 
0.180625 952.333909852 
0.18075 952.333964294 
0.180875 952.334018763 
0.181 952.334073259 
0.181125 952.334127783 
0.18125 952.334182334 
0.181375 952.334236913 
0.1815 952.334291519 
0.181625 952.334346152 
0.18175 952.334400812 
0.181875 952.334455499 
0.182 952.334510214 
0.182125 952.334564956 
0.18225 952.334619725 
0.182375 952.334674521 
0.1825 952.334729344 
0.182625 952.334784194 
0.18275 952.334839072 
0.182875 952.334893976 
0.183 952.334948907 
0.183125 952.335003866 
0.18325 952.335058851 
0.183375 952.335113864 
0.1835 952.335168903 
0.183625 952.335223969 
0.18375 952.335279062 
0.183875 952.335334183 
0.184 952.335389329 
0.184125 952.335444503 
0.18425 952.335499704 
0.184375 952.335554931 
0.1845 952.335610186 
0.184625 952.335665467 
0.18475 952.335720774 
0.184875 952.335776109 
0.185 952.33583147 
0.185125 952.335886858 
0.18525 952.335942272 
0.185375 952.335997714 
0.1855 952.336053181 
0.185625 952.336108676 
0.18575 952.336164197 
0.185875 952.336219744 
0.186 952.336275318 
0.186125 952.336330919 
0.18625 952.336386546 
0.186375 952.3364422 
0.1865 952.33649788 
0.186625 952.336553587 
0.18675 952.33660932 
0.186875 952.336665079 
0.187 952.336720865 
0.187125 952.336776677 
0.18725 952.336832515 
0.187375 952.33688838 
0.1875 952.336944271 
0.187625 952.337000188 
0.18775 952.337056132 
0.187875 952.337112102 
0.188 952.337168098 
0.188125 952.33722412 
0.18825 952.337280169 
0.188375 952.337336243 
0.1885 952.337392344 
0.188625 952.337448471 
0.18875 952.337504624 
0.188875 952.337560803 
0.189 952.337617008 
0.189125 952.337673239 
0.18925 952.337729497 
0.189375 952.33778578 
0.1895 952.337842089 
0.189625 952.337898424 
0.18975 952.337954785 
0.189875 952.338011172 
0.19 952.338067585 
0.190125 952.338124024 
0.19025 952.338180488 
0.190375 952.338236979 
0.1905 952.338293495 
0.190625 952.338350037 
0.19075 952.338406605 
0.190875 952.338463198 
0.191 952.338519817 
0.191125 952.338576462 
0.19125 952.338633133 
0.191375 952.338689829 
0.1915 952.338746551 
0.191625 952.338803299 
0.19175 952.338860072 
0.191875 952.338916871 
0.192 952.338973695 
0.192125 952.339030545 
0.19225 952.339087421 
0.192375 952.339144322 
0.1925 952.339201248 
0.192625 952.3392582 
0.19275 952.339315177 
0.192875 952.33937218 
0.193 952.339429208 
0.193125 952.339486261 
0.19325 952.33954334 
0.193375 952.339600444 
0.1935 952.339657574 
0.193625 952.339714729 
0.19375 952.339771909 
0.193875 952.339829114 
0.194 952.339886345 
0.194125 952.3399436 
0.19425 952.340000881 
0.194375 952.340058188 
0.1945 952.340115519 
0.194625 952.340172875 
0.19475 952.340230257 
0.194875 952.340287663 
0.195 952.340345095 
0.195125 952.340402552 
0.19525 952.340460033 
0.195375 952.34051754 
0.1955 952.340575072 
0.195625 952.340632629 
0.19575 952.34069021 
0.195875 952.340747817 
0.196 952.340805448 
0.196125 952.340863105 
0.19625 952.340920786 
0.196375 952.340978492 
0.1965 952.341036223 
0.196625 952.341093978 
0.19675 952.341151759 
0.196875 952.341209564 
0.197 952.341267394 
0.197125 952.341325248 
0.19725 952.341383128 
0.197375 952.341441031 
0.1975 952.34149896 
0.197625 952.341556913 
0.19775 952.341614891 
0.197875 952.341672893 
0.198 952.34173092 
0.198125 952.341788972 
0.19825 952.341847048 
0.198375 952.341905149 
0.1985 952.341963274 
0.198625 952.342021423 
0.19875 952.342079597 
0.198875 952.342137795 
0.199 952.342196018 
0.199125 952.342254265 
0.19925 952.342312536 
0.199375 952.342370832 
0.1995 952.342429152 
0.199625 952.342487497 
0.19975 952.342545865 
0.199875 952.342604258 
0.2 952.342662675 
0.200125 952.342721117 
0.20025 952.342779582 
0.200375 952.342838072 
0.2005 952.342896586 
0.200625 952.342955124 
0.20075 952.343013686 
0.200875 952.343072272 
0.201 952.343130882 
0.201125 952.343189516 
0.20125 952.343248174 
0.201375 952.343306856 
0.2015 952.343365563 
0.201625 952.343424293 
0.20175 952.343483047 
0.201875 952.343541825 
0.202 952.343600626 
0.202125 952.343659452 
0.20225 952.343718302 
0.202375 952.343777175 
0.2025 952.343836072 
0.202625 952.343894993 
0.20275 952.343953938 
0.202875 952.344012906 
0.203 952.344071899 
0.203125 952.344130914 
0.20325 952.344189954 
0.203375 952.344249017 
0.2035 952.344308104 
0.203625 952.344367214 
0.20375 952.344426348 
0.203875 952.344485506 
0.204 952.344544687 
0.204125 952.344603892 
0.20425 952.34466312 
0.204375 952.344722371 
0.2045 952.344781646 
0.204625 952.344840945 
0.20475 952.344900267 
0.204875 952.344959612 
0.205 952.345018981 
0.205125 952.345078373 
0.20525 952.345137788 
0.205375 952.345197227 
0.2055 952.345256689 
0.205625 952.345316174 
0.20575 952.345375683 
0.205875 952.345435214 
0.206 952.345494769 
0.206125 952.345554347 
0.20625 952.345613949 
0.206375 952.345673573 
0.2065 952.34573322 
0.206625 952.345792891 
0.20675 952.345852585 
0.206875 952.345912301 
0.207 952.345972041 
0.207125 952.346031804 
0.20725 952.34609159 
0.207375 952.346151398 
0.2075 952.34621123 
0.207625 952.346271084 
0.20775 952.346330962 
0.207875 952.346390862 
0.208 952.346450785 
0.208125 952.346510731 
0.20825 952.3465707 
0.208375 952.346630692 
0.2085 952.346690706 
0.208625 952.346750743 
0.20875 952.346810803 
0.208875 952.346870886 
0.209 952.346930991 
0.209125 952.346991119 
0.20925 952.34705127 
0.209375 952.347111443 
0.2095 952.347171638 
0.209625 952.347231857 
0.20975 952.347292098 
0.209875 952.347352361 
0.21 952.347412647 
0.210125 952.347472955 
0.21025 952.347533286 
0.210375 952.34759364 
0.2105 952.347654015 
0.210625 952.347714414 
0.21075 952.347774834 
0.210875 952.347835277 
0.211 952.347895742 
0.211125 952.34795623 
0.21125 952.34801674 
0.211375 952.348077272 
0.2115 952.348137826 
0.211625 952.348198403 
0.21175 952.348259001 
0.211875 952.348319622 
0.212 952.348380266 
0.212125 952.348440931 
0.21225 952.348501618 
0.212375 952.348562328 
0.2125 952.348623059 
0.212625 952.348683813 
0.21275 952.348744588 
0.212875 952.348805386 
0.213 952.348866206 
0.213125 952.348927047 
0.21325 952.348987911 
0.213375 952.349048796 
0.2135 952.349109703 
0.213625 952.349170633 
0.21375 952.349231584 
0.213875 952.349292557 
0.214 952.349353551 
0.214125 952.349414568 
0.21425 952.349475606 
0.214375 952.349536666 
0.2145 952.349597748 
0.214625 952.349658851 
0.21475 952.349719976 
0.214875 952.349781123 
0.215 952.349842292 
0.215125 952.349903482 
0.21525 952.349964693 
0.215375 952.350025926 
0.2155 952.350087181 
0.215625 952.350148457 
0.21575 952.350209755 
0.215875 952.350271074 
0.216 952.350332415 
0.216125 952.350393777 
0.21625 952.350455161 
0.216375 952.350516566 
0.2165 952.350577992 
0.216625 952.350639439 
0.21675 952.350700908 
0.216875 952.350762399 
0.217 952.35082391 
0.217125 952.350885443 
0.21725 952.350946997 
0.217375 952.351008572 
0.2175 952.351070169 
0.217625 952.351131786 
0.21775 952.351193425 
0.217875 952.351255085 
0.218 952.351316766 
0.218125 952.351378468 
0.21825 952.351440191 
0.218375 952.351501936 
0.2185 952.351563701 
0.218625 952.351625487 
0.21875 952.351687294 
0.218875 952.351749122 
0.219 952.351810971 
0.219125 952.351872841 
0.21925 952.351934732 
0.219375 952.351996644 
0.2195 952.352058576 
0.219625 952.35212053 
0.21975 952.352182504 
0.219875 952.352244499 
0.22 952.352306514 
0.220125 952.352368551 
0.22025 952.352430608 
0.220375 952.352492686 
0.2205 952.352554784 
0.220625 952.352616903 
0.22075 952.352679043 
0.220875 952.352741203 
0.221 952.352803384 
0.221125 952.352865585 
0.22125 952.352927807 
0.221375 952.35299005 
0.2215 952.353052313 
0.221625 952.353114596 
0.22175 952.3531769 
0.221875 952.353239224 
0.222 952.353301569 
0.222125 952.353363934 
0.22225 952.353426319 
0.222375 952.353488725 
0.2225 952.353551151 
0.222625 952.353613597 
0.22275 952.353676064 
0.222875 952.35373855 
0.223 952.353801057 
0.223125 952.353863584 
0.22325 952.353926132 
0.223375 952.353988699 
0.2235 952.354051287 
0.223625 952.354113895 
0.22375 952.354176522 
0.223875 952.35423917 
0.224 952.354301838 
0.224125 952.354364526 
0.22425 952.354427234 
0.224375 952.354489962 
0.2245 952.354552709 
0.224625 952.354615477 
0.22475 952.354678265 
0.224875 952.354741072 
0.225 952.3548039 
0.225125 952.354866747 
0.22525 952.354929614 
0.225375 952.3549925 
0.2255 952.355055407 
0.225625 952.355118333 
0.22575 952.355181279 
0.225875 952.355244245 
0.226 952.35530723 
0.226125 952.355370235 
0.22625 952.35543326 
0.226375 952.355496304 
0.2265 952.355559368 
0.226625 952.355622451 
0.22675 952.355685554 
0.226875 952.355748677 
0.227 952.355811819 
0.227125 952.35587498 
0.22725 952.355938161 
0.227375 952.356001361 
0.2275 952.356064581 
0.227625 952.35612782 
0.22775 952.356191079 
0.227875 952.356254356 
0.228 952.356317654 
0.228125 952.35638097 
0.22825 952.356444306 
0.228375 952.356507661 
0.2285 952.356571035 
0.228625 952.356634428 
0.22875 952.35669784 
0.228875 952.356761272 
0.229 952.356824723 
0.229125 952.356888193 
0.22925 952.356951682 
0.229375 952.35701519 
0.2295 952.357078717 
0.229625 952.357142263 
0.22975 952.357205828 
0.229875 952.357269412 
0.23 952.357333015 
0.230125 952.357396637 
0.23025 952.357460278 
0.230375 952.357523938 
0.2305 952.357587617 
0.230625 952.357651314 
0.23075 952.35771503 
0.230875 952.357778765 
0.231 952.357842519 
0.231125 952.357906292 
0.23125 952.357970083 
0.231375 952.358033893 
0.2315 952.358097722 
0.231625 952.358161569 
0.23175 952.358225435 
0.231875 952.35828932 
0.232 952.358353223 
0.232125 952.358417145 
0.23225 952.358481085 
0.232375 952.358545044 
0.2325 952.358609021 
0.232625 952.358673017 
0.23275 952.358737031 
0.232875 952.358801064 
0.233 952.358865115 
0.233125 952.358929184 
0.23325 952.358993272 
0.233375 952.359057378 
0.2335 952.359121503 
0.233625 952.359185646 
0.23375 952.359249807 
0.233875 952.359313986 
0.234 952.359378183 
0.234125 952.359442399 
0.23425 952.359506633 
0.234375 952.359570885 
0.2345 952.359635155 
0.234625 952.359699443 
0.23475 952.35976375 
0.234875 952.359828074 
0.235 952.359892417 
0.235125 952.359956777 
0.23525 952.360021156 
0.235375 952.360085552 
0.2355 952.360149966 
0.235625 952.360214399 
0.23575 952.360278849 
0.235875 952.360343317 
0.236 952.360407803 
0.236125 952.360472307 
0.23625 952.360536828 
0.236375 952.360601368 
0.2365 952.360665925 
0.236625 952.3607305 
0.23675 952.360795092 
0.236875 952.360859703 
0.237 952.360924331 
0.237125 952.360988976 
0.23725 952.361053639 
0.237375 952.36111832 
0.2375 952.361183019 
0.237625 952.361247735 
0.23775 952.361312468 
0.237875 952.361377219 
0.238 952.361441988 
0.238125 952.361506774 
0.23825 952.361571577 
0.238375 952.361636398 
0.2385 952.361701236 
0.238625 952.361766092 
0.23875 952.361830965 
0.238875 952.361895855 
0.239 952.361960763 
0.239125 952.362025688 
0.23925 952.36209063 
0.239375 952.36215559 
0.2395 952.362220566 
0.239625 952.36228556 
0.23975 952.362350571 
0.239875 952.362415599 
0.24 952.362480644 
0.240125 952.362545707 
0.24025 952.362610786 
0.240375 952.362675882 
0.2405 952.362740996 
0.240625 952.362806126 
0.24075 952.362871274 
0.240875 952.362936438 
0.241 952.36300162 
0.241125 952.363066818 
0.24125 952.363132033 
0.241375 952.363197265 
0.2415 952.363262514 
0.241625 952.36332778 
0.24175 952.363393062 
0.241875 952.363458362 
0.242 952.363523678 
0.242125 952.36358901 
0.24225 952.36365436 
0.242375 952.363719726 
0.2425 952.363785109 
0.242625 952.363850508 
0.24275 952.363915924 
0.242875 952.363981357 
0.243 952.364046806 
0.243125 952.364112272 
0.24325 952.364177754 
0.243375 952.364243253 
0.2435 952.364308768 
0.243625 952.3643743 
0.24375 952.364439848 
0.243875 952.364505412 
0.244 952.364570993 
0.244125 952.364636591 
0.24425 952.364702204 
0.244375 952.364767834 
0.2445 952.36483348 
0.244625 952.364899143 
0.24475 952.364964821 
0.244875 952.365030516 
0.245 952.365096227 
0.245125 952.365161955 
0.24525 952.365227698 
0.245375 952.365293458 
0.2455 952.365359233 
0.245625 952.365425025 
0.24575 952.365490833 
0.245875 952.365556657 
0.246 952.365622496 
0.246125 952.365688352 
0.24625 952.365754224 
0.246375 952.365820112 
0.2465 952.365886015 
0.246625 952.365951935 
0.24675 952.36601787 
0.246875 952.366083822 
0.247 952.366149789 
0.247125 952.366215771 
0.24725 952.36628177 
0.247375 952.366347784 
0.2475 952.366413815 
0.247625 952.36647986 
0.24775 952.366545922 
0.247875 952.366611999 
0.248 952.366678092 
0.248125 952.3667442 
0.24825 952.366810324 
0.248375 952.366876464 
0.2485 952.366942619 
0.248625 952.367008789 
0.24875 952.367074976 
0.248875 952.367141177 
0.249 952.367207394 
0.249125 952.367273627 
0.24925 952.367339874 
0.249375 952.367406138 
0.2495 952.367472416 
0.249625 952.36753871 
0.24975 952.36760502 
0.249875 952.367671344 
0.25 952.367737684 
0.250125 952.367804039 
0.25025 952.367870409 
0.250375 952.367936795 
0.2505 952.368003195 
0.250625 952.368069611 
0.25075 952.368136042 
0.250875 952.368202488 
0.251 952.368268949 
0.251125 952.368335425 
0.25125 952.368401916 
0.251375 952.368468422 
0.2515 952.368534943 
0.251625 952.368601479 
0.25175 952.36866803 
0.251875 952.368734596 
0.252 952.368801177 
0.252125 952.368867773 
0.25225 952.368934383 
0.252375 952.369001008 
0.2525 952.369067649 
0.252625 952.369134303 
0.25275 952.369200973 
0.252875 952.369267657 
0.253 952.369334356 
0.253125 952.36940107 
0.25325 952.369467799 
0.253375 952.369534542 
0.2535 952.369601299 
0.253625 952.369668071 
0.25375 952.369734858 
0.253875 952.369801659 
0.254 952.369868475 
0.254125 952.369935306 
0.25425 952.37000215 
0.254375 952.37006901 
0.2545 952.370135883 
0.254625 952.370202771 
0.25475 952.370269674 
0.254875 952.37033659 
0.255 952.370403521 
0.255125 952.370470467 
0.25525 952.370537426 
0.255375 952.3706044 
0.2555 952.370671388 
0.255625 952.370738391 
0.25575 952.370805407 
0.255875 952.370872438 
0.256 952.370939483 
0.256125 952.371006541 
0.25625 952.371073614 
0.256375 952.371140702 
0.2565 952.371207803 
0.256625 952.371274918 
0.25675 952.371342047 
0.256875 952.37140919 
0.257 952.371476347 
0.257125 952.371543518 
0.25725 952.371610703 
0.257375 952.371677902 
0.2575 952.371745114 
0.257625 952.371812341 
0.25775 952.371879581 
0.257875 952.371946835 
0.258 952.372014102 
0.258125 952.372081384 
0.25825 952.372148679 
0.258375 952.372215988 
0.2585 952.372283311 
0.258625 952.372350647 
0.25875 952.372417997 
0.258875 952.37248536 
0.259 952.372552737 
0.259125 952.372620128 
0.25925 952.372687532 
0.259375 952.372754949 
0.2595 952.37282238 
0.259625 952.372889825 
0.25975 952.372957283 
0.259875 952.373024754 
0.26 952.373092239 
0.260125 952.373159737 
0.26025 952.373227248 
0.260375 952.373294773 
0.2605 952.373362311 
0.260625 952.373429862 
0.26075 952.373497426 
0.260875 952.373565004 
0.261 952.373632595 
0.261125 952.373700199 
0.26125 952.373767816 
0.261375 952.373835446 
0.2615 952.37390309 
0.261625 952.373970746 
0.26175 952.374038416 
0.261875 952.374106098 
0.262 952.374173794 
0.262125 952.374241502 
0.26225 952.374309224 
0.262375 952.374376958 
0.2625 952.374444706 
0.262625 952.374512466 
0.26275 952.374580239 
0.262875 952.374648025 
0.263 952.374715824 
0.263125 952.374783635 
0.26325 952.374851459 
0.263375 952.374919296 
0.2635 952.374987146 
0.263625 952.375055008 
0.26375 952.375122884 
0.263875 952.375190771 
0.264 952.375258672 
0.264125 952.375326585 
0.26425 952.37539451 
0.264375 952.375462448 
0.2645 952.375530399 
0.264625 952.375598362 
0.26475 952.375666338 
0.264875 952.375734326 
0.265 952.375802326 
0.265125 952.375870339 
0.26525 952.375938364 
0.265375 952.376006402 
0.2655 952.376074452 
0.265625 952.376142514 
0.26575 952.376210589 
0.265875 952.376278676 
0.266 952.376346775 
0.266125 952.376414886 
0.26625 952.37648301 
0.266375 952.376551145 
0.2665 952.376619293 
0.266625 952.376687453 
0.26675 952.376755625 
0.266875 952.376823809 
0.267 952.376892005 
0.267125 952.376960214 
0.26725 952.377028434 
0.267375 952.377096666 
0.2675 952.37716491 
0.267625 952.377233166 
0.26775 952.377301434 
0.267875 952.377369714 
0.268 952.377438006 
0.268125 952.377506309 
0.26825 952.377574625 
0.268375 952.377642952 
0.2685 952.377711291 
0.268625 952.377779642 
0.26875 952.377848004 
0.268875 952.377916378 
0.269 952.377984764 
0.269125 952.378053161 
0.26925 952.37812157 
0.269375 952.378189991 
0.2695 952.378258423 
0.269625 952.378326867 
0.26975 952.378395323 
0.269875 952.378463789 
0.27 952.378532268 
0.270125 952.378600757 
0.27025 952.378669259 
0.270375 952.378737771 
0.2705 952.378806295 
0.270625 952.378874831 
0.27075 952.378943377 
0.270875 952.379011935 
0.271 952.379080505 
0.271125 952.379149085 
0.27125 952.379217677 
0.271375 952.37928628 
0.2715 952.379354894 
0.271625 952.37942352 
0.27175 952.379492156 
0.271875 952.379560804 
0.272 952.379629463 
0.272125 952.379698132 
0.27225 952.379766813 
0.272375 952.379835505 
0.2725 952.379904208 
0.272625 952.379972922 
0.27275 952.380041647 
0.272875 952.380110383 
0.273 952.380179129 
0.273125 952.380247887 
0.27325 952.380316656 
0.273375 952.380385435 
0.2735 952.380454225 
0.273625 952.380523026 
0.27375 952.380591837 
0.273875 952.38066066 
0.274 952.380729493 
0.274125 952.380798337 
0.27425 952.380867191 
0.274375 952.380936056 
0.2745 952.381004932 
0.274625 952.381073819 
0.27475 952.381142715 
0.274875 952.381211623 
0.275 952.381280541 
0.275125 952.381349469 
0.27525 952.381418408 
0.275375 952.381487358 
0.2755 952.381556318 
0.275625 952.381625288 
0.27575 952.381694269 
0.275875 952.38176326 
0.276 952.381832261 
0.276125 952.381901273 
0.27625 952.381970295 
0.276375 952.382039327 
0.2765 952.382108369 
0.276625 952.382177422 
0.27675 952.382246485 
0.276875 952.382315558 
0.277 952.382384641 
0.277125 952.382453734 
0.27725 952.382522838 
0.277375 952.382591951 
0.2775 952.382661075 
0.277625 952.382730208 
0.27775 952.382799352 
0.277875 952.382868505 
0.278 952.382937669 
0.278125 952.383006842 
0.27825 952.383076026 
0.278375 952.383145219 
0.2785 952.383214422 
0.278625 952.383283635 
0.27875 952.383352858 
0.278875 952.38342209 
0.279 952.383491332 
0.279125 952.383560584 
0.27925 952.383629846 
0.279375 952.383699117 
0.2795 952.383768398 
0.279625 952.383837689 
0.27975 952.383906989 
0.279875 952.383976299 
0.28 952.384045619 
0.280125 952.384114948 
0.28025 952.384184286 
0.280375 952.384253634 
0.2805 952.384322992 
0.280625 952.384392359 
0.28075 952.384461735 
0.280875 952.384531121 
0.281 952.384600516 
0.281125 952.384669921 
0.28125 952.384739335 
0.281375 952.384808758 
0.2815 952.38487819 
0.281625 952.384947632 
0.28175 952.385017083 
0.281875 952.385086543 
0.282 952.385156012 
0.282125 952.385225491 
0.28225 952.385294978 
0.282375 952.385364475 
0.2825 952.385433981 
0.282625 952.385503496 
0.28275 952.38557302 
0.282875 952.385642553 
0.283 952.385712095 
0.283125 952.385781646 
0.28325 952.385851206 
0.283375 952.385920774 
0.2835 952.385990352 
0.283625 952.386059939 
0.28375 952.386129534 
0.283875 952.386199138 
0.284 952.386268751 
0.284125 952.386338373 
0.28425 952.386408004 
0.284375 952.386477643 
0.2845 952.386547291 
0.284625 952.386616948 
0.28475 952.386686613 
0.284875 952.386756287 
0.285 952.38682597 
0.285125 952.386895661 
0.28525 952.386965361 
0.285375 952.387035069 
0.2855 952.387104786 
0.285625 952.387174511 
0.28575 952.387244245 
0.285875 952.387313987 
0.286 952.387383738 
0.286125 952.387453497 
0.28625 952.387523265 
0.286375 952.38759304 
0.2865 952.387662824 
0.286625 952.387732617 
0.28675 952.387802417 
0.286875 952.387872226 
0.287 952.387942044 
0.287125 952.388011869 
0.28725 952.388081702 
0.287375 952.388151544 
0.2875 952.388221394 
0.287625 952.388291252 
0.28775 952.388361118 
0.287875 952.388430992 
0.288 952.388500874 
0.288125 952.388570764 
0.28825 952.388640662 
0.288375 952.388710568 
0.2885 952.388780482 
0.288625 952.388850404 
0.28875 952.388920334 
0.288875 952.388990272 
0.289 952.389060217 
0.289125 952.389130171 
0.28925 952.389200132 
0.289375 952.389270101 
0.2895 952.389340077 
0.289625 952.389410062 
0.28975 952.389480054 
0.289875 952.389550053 
0.29 952.389620061 
0.290125 952.389690076 
0.29025 952.389760098 
0.290375 952.389830129 
0.2905 952.389900166 
0.290625 952.389970212 
0.29075 952.390040265 
0.290875 952.390110325 
0.291 952.390180393 
0.291125 952.390250468 
0.29125 952.39032055 
0.291375 952.39039064 
0.2915 952.390460738 
0.291625 952.390530842 
0.29175 952.390600954 
0.291875 952.390671074 
0.292 952.3907412 
0.292125 952.390811334 
0.29225 952.390881475 
0.292375 952.390951623 
0.2925 952.391021779 
0.292625 952.391091941 
0.29275 952.391162111 
0.292875 952.391232288 
0.293 952.391302472 
0.293125 952.391372663 
0.29325 952.39144286 
0.293375 952.391513065 
0.2935 952.391583277 
0.293625 952.391653496 
0.29375 952.391723722 
0.293875 952.391793955 
0.294 952.391864194 
0.294125 952.391934441 
0.29425 952.392004694 
0.294375 952.392074954 
0.2945 952.392145221 
0.294625 952.392215495 
0.29475 952.392285775 
0.294875 952.392356062 
0.295 952.392426356 
0.295125 952.392496656 
0.29525 952.392566963 
0.295375 952.392637277 
0.2955 952.392707597 
0.295625 952.392777924 
0.29575 952.392848258 
0.295875 952.392918598 
0.296 952.392988944 
0.296125 952.393059297 
0.29625 952.393129656 
0.296375 952.393200022 
0.2965 952.393270394 
0.296625 952.393340773 
0.29675 952.393411158 
0.296875 952.393481549 
0.297 952.393551947 
0.297125 952.393622351 
0.29725 952.393692761 
0.297375 952.393763177 
0.2975 952.3938336 
0.297625 952.393904028 
0.29775 952.393974463 
0.297875 952.394044904 
0.298 952.394115352 
0.298125 952.394185805 
0.29825 952.394256264 
0.298375 952.39432673 
0.2985 952.394397201 
0.298625 952.394467678 
0.29875 952.394538162 
0.298875 952.394608651 
0.299 952.394679146 
0.299125 952.394749647 
0.29925 952.394820154 
0.299375 952.394890667 
0.2995 952.394961186 
0.299625 952.39503171 
0.29975 952.395102241 
0.299875 952.395172777 
0.3 952.395243318 
0.300125 952.395313866 
0.30025 952.395384419 
0.300375 952.395454978 
0.3005 952.395525542 
0.300625 952.395596112 
0.30075 952.395666688 
0.300875 952.395737269 
0.301 952.395807856 
0.301125 952.395878448 
0.30125 952.395949046 
0.301375 952.396019649 
0.3015 952.396090258 
0.301625 952.396160872 
0.30175 952.396231491 
0.301875 952.396302116 
0.302 952.396372746 
0.302125 952.396443382 
0.30225 952.396514023 
0.302375 952.396584669 
0.3025 952.39665532 
0.302625 952.396725977 
0.30275 952.396796638 
0.302875 952.396867305 
0.303 952.396937977 
0.303125 952.397008655 
0.30325 952.397079337 
0.303375 952.397150025 
0.3035 952.397220717 
0.303625 952.397291415 
0.30375 952.397362117 
0.303875 952.397432825 
0.304 952.397503537 
0.304125 952.397574254 
0.30425 952.397644977 
0.304375 952.397715704 
0.3045 952.397786436 
0.304625 952.397857173 
0.30475 952.397927915 
0.304875 952.397998661 
0.305 952.398069413 
0.305125 952.398140169 
0.30525 952.39821093 
0.305375 952.398281695 
0.3055 952.398352465 
0.305625 952.39842324 
0.30575 952.39849402 
0.305875 952.398564804 
0.306 952.398635592 
0.306125 952.398706386 
0.30625 952.398777183 
0.306375 952.398847986 
0.3065 952.398918792 
0.306625 952.398989603 
0.30675 952.399060419 
0.306875 952.399131239 
0.307 952.399202064 
0.307125 952.399272892 
0.30725 952.399343725 
0.307375 952.399414563 
0.3075 952.399485405 
0.307625 952.399556251 
0.30775 952.399627101 
0.307875 952.399697955 
0.308 952.399768814 
0.308125 952.399839677 
0.30825 952.399910544 
0.308375 952.399981415 
0.3085 952.40005229 
0.308625 952.40012317 
0.30875 952.400194053 
0.308875 952.40026494 
0.309 952.400335832 
0.309125 952.400406727 
0.30925 952.400477626 
0.309375 952.40054853 
0.3095 952.400619437 
0.309625 952.400690348 
0.30975 952.400761263 
0.309875 952.400832182 
0.31 952.400903104 
0.310125 952.40097403 
0.31025 952.401044961 
0.310375 952.401115894 
0.3105 952.401186832 
0.310625 952.401257773 
0.31075 952.401328718 
0.310875 952.401399667 
0.311 952.401470619 
0.311125 952.401541575 
0.31125 952.401612534 
0.311375 952.401683497 
0.3115 952.401754464 
0.311625 952.401825434 
0.31175 952.401896407 
0.311875 952.401967384 
0.312 952.402038364 
0.312125 952.402109348 
0.31225 952.402180335 
0.312375 952.402251326 
0.3125 952.40232232 
0.312625 952.402393317 
0.31275 952.402464317 
0.312875 952.402535321 
0.313 952.402606328 
0.313125 952.402677338 
0.31325 952.402748351 
0.313375 952.402819368 
0.3135 952.402890387 
0.313625 952.40296141 
0.31375 952.403032436 
0.313875 952.403103465 
0.314 952.403174497 
0.314125 952.403245532 
0.31425 952.40331657 
0.314375 952.403387611 
0.3145 952.403458655 
0.314625 952.403529702 
0.31475 952.403600752 
0.314875 952.403671804 
0.315 952.40374286 
0.315125 952.403813918 
0.31525 952.403884979 
0.315375 952.403956043 
0.3155 952.40402711 
0.315625 952.40409818 
0.31575 952.404169252 
0.315875 952.404240327 
0.316 952.404311404 
0.316125 952.404382484 
0.31625 952.404453567 
0.316375 952.404524653 
0.3165 952.404595741 
0.316625 952.404666831 
0.31675 952.404737924 
0.316875 952.40480902 
0.317 952.404880118 
0.317125 952.404951218 
0.31725 952.405022321 
0.317375 952.405093426 
0.3175 952.405164534 
0.317625 952.405235644 
0.31775 952.405306756 
0.317875 952.405377871 
0.318 952.405448988 
0.318125 952.405520107 
0.31825 952.405591229 
0.318375 952.405662353 
0.3185 952.405733478 
0.318625 952.405804606 
0.31875 952.405875737 
0.318875 952.405946869 
0.319 952.406018003 
0.319125 952.40608914 
0.31925 952.406160278 
0.319375 952.406231419 
0.3195 952.406302561 
0.319625 952.406373706 
0.31975 952.406444852 
0.319875 952.406516001 
0.32 952.406587151 
0.320125 952.406658303 
0.32025 952.406729457 
0.320375 952.406800613 
0.3205 952.406871771 
0.320625 952.406942931 
0.32075 952.407014092 
0.320875 952.407085255 
0.321 952.407156419 
0.321125 952.407227586 
0.32125 952.407298754 
0.321375 952.407369924 
0.3215 952.407441095 
0.321625 952.407512268 
0.32175 952.407583442 
0.321875 952.407654618 
0.322 952.407725796 
0.322125 952.407796975 
0.32225 952.407868156 
0.322375 952.407939338 
0.3225 952.408010521 
0.322625 952.408081706 
0.32275 952.408152892 
0.322875 952.40822408 
0.323 952.408295269 
0.323125 952.408366459 
0.32325 952.40843765 
0.323375 952.408508843 
0.3235 952.408580037 
0.323625 952.408651232 
0.32375 952.408722429 
0.323875 952.408793626 
0.324 952.408864825 
0.324125 952.408936025 
0.32425 952.409007226 
0.324375 952.409078428 
0.3245 952.409149631 
0.324625 952.409220835 
0.32475 952.40929204 
0.324875 952.409363246 
0.325 952.409434453 
0.325125 952.409505661 
0.32525 952.40957687 
0.325375 952.40964808 
0.3255 952.409719291 
0.325625 952.409790502 
0.32575 952.409861714 
0.325875 952.409932927 
0.326 952.410004141 
0.326125 952.410075356 
0.32625 952.410146571 
0.326375 952.410217787 
0.3265 952.410289004 
0.326625 952.410360221 
0.32675 952.410431439 
0.326875 952.410502658 
0.327 952.410573877 
0.327125 952.410645096 
0.32725 952.410716317 
0.327375 952.410787537 
0.3275 952.410858758 
0.327625 952.41092998 
0.32775 952.411001202 
0.327875 952.411072425 
0.328 952.411143647 
0.328125 952.411214871 
0.32825 952.411286094 
0.328375 952.411357318 
0.3285 952.411428542 
0.328625 952.411499767 
0.32875 952.411570992 
0.328875 952.411642216 
0.329 952.411713442 
0.329125 952.411784667 
0.32925 952.411855892 
0.329375 952.411927118 
0.3295 952.411998344 
0.329625 952.412069569 
0.32975 952.412140795 
0.329875 952.412212021 
0.33 952.412283247 
0.330125 952.412354473 
0.33025 952.412425699 
0.330375 952.412496924 
0.3305 952.41256815 
0.330625 952.412639376 
0.33075 952.412710601 
0.330875 952.412781826 
0.331 952.412853051 
0.331125 952.412924276 
0.33125 952.412995501 
0.331375 952.413066725 
0.3315 952.413137949 
0.331625 952.413209173 
0.33175 952.413280397 
0.331875 952.41335162 
0.332 952.413422843 
0.332125 952.413494065 
0.33225 952.413565287 
0.332375 952.413636509 
0.3325 952.41370773 
0.332625 952.413778951 
0.33275 952.413850171 
0.332875 952.41392139 
0.333 952.413992609 
0.333125 952.414063828 
0.33325 952.414135046 
0.333375 952.414206263 
0.3335 952.414277479 
0.333625 952.414348695 
0.33375 952.41441991 
0.333875 952.414491125 
0.334 952.414562339 
0.334125 952.414633552 
0.33425 952.414704764 
0.334375 952.414775975 
0.3345 952.414847186 
0.334625 952.414918395 
0.33475 952.414989604 
0.334875 952.415060812 
0.335 952.415132019 
0.335125 952.415203225 
0.33525 952.41527443 
0.335375 952.415345634 
0.3355 952.415416837 
0.335625 952.415488039 
0.33575 952.41555924 
0.335875 952.41563044 
0.336 952.415701638 
0.336125 952.415772836 
0.33625 952.415844032 
0.336375 952.415915227 
0.3365 952.415986421 
0.336625 952.416057614 
0.33675 952.416128805 
0.336875 952.416199995 
0.337 952.416271184 
0.337125 952.416342372 
0.33725 952.416413558 
0.337375 952.416484743 
0.3375 952.416555926 
0.337625 952.416627108 
0.33775 952.416698289 
0.337875 952.416769468 
0.338 952.416840645 
0.338125 952.416911821 
0.33825 952.416982996 
0.338375 952.417054169 
0.3385 952.41712534 
0.338625 952.41719651 
0.33875 952.417267678 
0.338875 952.417338844 
0.339 952.417410009 
0.339125 952.417481172 
0.33925 952.417552333 
0.339375 952.417623493 
0.3395 952.417694651 
0.339625 952.417765807 
0.33975 952.417836961 
0.339875 952.417908113 
0.34 952.417979264 
0.340125 952.418050412 
0.34025 952.418121559 
0.340375 952.418192704 
0.3405 952.418263847 
0.340625 952.418334987 
0.34075 952.418406126 
0.340875 952.418477263 
0.341 952.418548398 
0.341125 952.41861953 
0.34125 952.418690661 
0.341375 952.418761789 
0.3415 952.418832915 
0.341625 952.418904039 
0.34175 952.418975161 
0.341875 952.419046281 
0.342 952.419117398 
0.342125 952.419188514 
0.34225 952.419259627 
0.342375 952.419330737 
0.3425 952.419401845 
0.342625 952.419472951 
0.34275 952.419544055 
0.342875 952.419615156 
0.343 952.419686254 
0.343125 952.419757351 
0.34325 952.419828444 
0.343375 952.419899536 
0.3435 952.419970624 
0.343625 952.420041711 
0.34375 952.420112794 
0.343875 952.420183875 
0.344 952.420254954 
0.344125 952.420326029 
0.34425 952.420397103 
0.344375 952.420468173 
0.3445 952.420539241 
0.344625 952.420610306 
0.34475 952.420681368 
0.344875 952.420752428 
0.345 952.420823484 
0.345125 952.420894538 
0.34525 952.420965589 
0.345375 952.421036637 
0.3455 952.421107683 
0.345625 952.421178725 
0.34575 952.421249764 
0.345875 952.421320801 
0.346 952.421391834 
0.346125 952.421462865 
0.34625 952.421533892 
0.346375 952.421604917 
0.3465 952.421675938 
0.346625 952.421746956 
0.34675 952.421817971 
0.346875 952.421888983 
0.347 952.421959992 
0.347125 952.422030997 
0.34725 952.422102 
0.347375 952.422172999 
0.3475 952.422243995 
0.347625 952.422314987 
0.34775 952.422385977 
0.347875 952.422456963 
0.348 952.422527945 
0.348125 952.422598924 
0.34825 952.4226699 
0.348375 952.422740873 
0.3485 952.422811842 
0.348625 952.422882807 
0.34875 952.422953769 
0.348875 952.423024728 
0.349 952.423095683 
0.349125 952.423166634 
0.34925 952.423237582 
0.349375 952.423308526 
0.3495 952.423379467 
0.349625 952.423450403 
0.34975 952.423521337 
0.349875 952.423592266 
0.35 952.423663192 
0.350125 952.423734114 
0.35025 952.423805032 
0.350375 952.423875947 
0.3505 952.423946858 
0.350625 952.424017765 
0.35075 952.424088668 
0.350875 952.424159567 
0.351 952.424230462 
0.351125 952.424301353 
0.35125 952.42437224 
0.351375 952.424443124 
0.3515 952.424514003 
0.351625 952.424584879 
0.35175 952.42465575 
0.351875 952.424726617 
0.352 952.42479748 
0.352125 952.424868339 
0.35225 952.424939194 
0.352375 952.425010045 
0.3525 952.425080891 
0.352625 952.425151734 
0.35275 952.425222572 
0.352875 952.425293406 
0.353 952.425364235 
0.353125 952.425435061 
0.35325 952.425505882 
0.353375 952.425576698 
0.3535 952.425647511 
0.353625 952.425718319 
0.35375 952.425789122 
0.353875 952.425859921 
0.354 952.425930716 
0.354125 952.426001506 
0.35425 952.426072291 
0.354375 952.426143073 
0.3545 952.426213849 
0.354625 952.426284621 
0.35475 952.426355388 
0.354875 952.426426151 
0.355 952.426496909 
0.355125 952.426567663 
0.35525 952.426638412 
0.355375 952.426709156 
0.3555 952.426779895 
0.355625 952.42685063 
0.35575 952.426921359 
0.355875 952.426992084 
0.356 952.427062805 
0.356125 952.42713352 
0.35625 952.427204231 
0.356375 952.427274936 
0.3565 952.427345637 
0.356625 952.427416333 
0.35675 952.427487023 
0.356875 952.427557709 
0.357 952.42762839 
0.357125 952.427699066 
0.35725 952.427769736 
0.357375 952.427840402 
0.3575 952.427911063 
0.357625 952.427981718 
0.35775 952.428052368 
0.357875 952.428123014 
0.358 952.428193654 
0.358125 952.428264288 
0.35825 952.428334918 
0.358375 952.428405542 
0.3585 952.428476161 
0.358625 952.428546775 
0.35875 952.428617383 
0.358875 952.428687986 
0.359 952.428758584 
0.359125 952.428829176 
0.35925 952.428899763 
0.359375 952.428970345 
0.3595 952.42904092 
0.359625 952.429111491 
0.35975 952.429182056 
0.359875 952.429252615 
0.36 952.429323169 
0.360125 952.429393718 
0.36025 952.42946426 
0.360375 952.429534798 
0.3605 952.429605329 
0.360625 952.429675855 
0.36075 952.429746375 
0.360875 952.42981689 
0.361 952.429887398 
0.361125 952.429957901 
0.36125 952.430028398 
0.361375 952.43009889 
0.3615 952.430169375 
0.361625 952.430239855 
0.36175 952.430310329 
0.361875 952.430380797 
0.362 952.430451259 
0.362125 952.430521715 
0.36225 952.430592165 
0.362375 952.43066261 
0.3625 952.430733048 
0.362625 952.43080348 
0.36275 952.430873906 
0.362875 952.430944326 
0.363 952.43101474 
0.363125 952.431085148 
0.36325 952.43115555 
0.363375 952.431225945 
0.3635 952.431296335 
0.363625 952.431366718 
0.36375 952.431437095 
0.363875 952.431507466 
0.364 952.43157783 
0.364125 952.431648188 
0.36425 952.43171854 
0.364375 952.431788886 
0.3645 952.431859225 
0.364625 952.431929558 
0.36475 952.431999884 
0.364875 952.432070204 
0.365 952.432140517 
0.365125 952.432210824 
0.36525 952.432281125 
0.365375 952.432351419 
0.3655 952.432421706 
0.365625 952.432491987 
0.36575 952.432562262 
0.365875 952.432632529 
0.366 952.432702791 
0.366125 952.432773045 
0.36625 952.432843293 
0.366375 952.432913534 
0.3665 952.432983768 
0.366625 952.433053996 
0.36675 952.433124217 
0.366875 952.433194431 
0.367 952.433264638 
0.367125 952.433334838 
0.36725 952.433405032 
0.367375 952.433475219 
0.3675 952.433545398 
0.367625 952.433615571 
0.36775 952.433685737 
0.367875 952.433755896 
0.368 952.433826048 
0.368125 952.433896193 
0.36825 952.433966331 
0.368375 952.434036462 
0.3685 952.434106586 
0.368625 952.434176703 
0.36875 952.434246812 
0.368875 952.434316915 
0.369 952.43438701 
0.369125 952.434457098 
0.36925 952.434527179 
0.369375 952.434597253 
0.3695 952.434667319 
0.369625 952.434737378 
0.36975 952.43480743 
0.369875 952.434877475 
0.37 952.434947512 
0.370125 952.435017542 
0.37025 952.435087564 
0.370375 952.435157579 
0.3705 952.435227587 
0.370625 952.435297587 
0.37075 952.43536758 
0.370875 952.435437565 
0.371 952.435507543 
0.371125 952.435577513 
0.37125 952.435647475 
0.371375 952.43571743 
0.3715 952.435787378 
0.371625 952.435857317 
0.37175 952.435927249 
0.371875 952.435997174 
0.372 952.43606709 
0.372125 952.436136999 
0.37225 952.436206901 
0.372375 952.436276794 
0.3725 952.43634668 
0.372625 952.436416558 
0.37275 952.436486428 
0.372875 952.43655629 
0.373 952.436626144 
0.373125 952.436695991 
0.37325 952.436765829 
0.373375 952.43683566 
0.3735 952.436905483 
0.373625 952.436975297 
0.37375 952.437045104 
0.373875 952.437114903 
0.374 952.437184693 
0.374125 952.437254476 
0.37425 952.43732425 
0.374375 952.437394016 
0.3745 952.437463774 
0.374625 952.437533524 
0.37475 952.437603266 
0.374875 952.437673 
0.375 952.437742725 
0.375125 952.437812442 
0.37525 952.437882151 
0.375375 952.437951852 
0.3755 952.438021544 
0.375625 952.438091228 
0.37575 952.438160904 
0.375875 952.438230571 
0.376 952.43830023 
0.376125 952.43836988 
0.37625 952.438439522 
0.376375 952.438509155 
0.3765 952.43857878 
0.376625 952.438648397 
0.37675 952.438718005 
0.376875 952.438787604 
0.377 952.438857195 
0.377125 952.438926777 
0.37725 952.438996351 
0.377375 952.439065915 
0.3775 952.439135472 
0.377625 952.439205019 
0.37775 952.439274558 
0.377875 952.439344088 
0.378 952.43941361 
0.378125 952.439483122 
0.37825 952.439552626 
0.378375 952.439622121 
0.3785 952.439691607 
0.378625 952.439761085 
0.37875 952.439830553 
0.378875 952.439900013 
0.379 952.439969463 
0.379125 952.440038905 
0.37925 952.440108338 
0.379375 952.440177761 
0.3795 952.440247176 
0.379625 952.440316582 
0.37975 952.440385978 
0.379875 952.440455366 
0.38 952.440524744 
0.380125 952.440594114 
0.38025 952.440663474 
0.380375 952.440732825 
0.3805 952.440802166 
0.380625 952.440871499 
0.38075 952.440940822 
0.380875 952.441010137 
0.381 952.441079441 
0.381125 952.441148737 
0.38125 952.441218023 
0.381375 952.4412873 
0.3815 952.441356568 
0.381625 952.441425826 
0.38175 952.441495075 
0.381875 952.441564314 
0.382 952.441633544 
0.382125 952.441702764 
0.38225 952.441771975 
0.382375 952.441841177 
0.3825 952.441910369 
0.382625 952.441979551 
0.38275 952.442048724 
0.382875 952.442117887 
0.383 952.44218704 
0.383125 952.442256184 
0.38325 952.442325319 
0.383375 952.442394443 
0.3835 952.442463558 
0.383625 952.442532663 
0.38375 952.442601758 
0.383875 952.442670844 
0.384 952.44273992 
0.384125 952.442808986 
0.38425 952.442878042 
0.384375 952.442947088 
0.3845 952.443016125 
0.384625 952.443085151 
0.38475 952.443154168 
0.384875 952.443223175 
0.385 952.443292172 
0.385125 952.443361158 
0.38525 952.443430135 
0.385375 952.443499102 
0.3855 952.443568058 
0.385625 952.443637005 
0.38575 952.443705942 
0.385875 952.443774868 
0.386 952.443843784 
0.386125 952.44391269 
0.38625 952.443981586 
0.386375 952.444050472 
0.3865 952.444119347 
0.386625 952.444188213 
0.38675 952.444257068 
0.386875 952.444325912 
0.387 952.444394747 
0.387125 952.444463571 
0.38725 952.444532385 
0.387375 952.444601188 
0.3875 952.444669981 
0.387625 952.444738764 
0.38775 952.444807536 
0.387875 952.444876298 
0.388 952.444945049 
0.388125 952.445013789 
0.38825 952.44508252 
0.388375 952.445151239 
0.3885 952.445219948 
0.388625 952.445288647 
0.38875 952.445357335 
0.388875 952.445426012 
0.389 952.445494679 
0.389125 952.445563335 
0.38925 952.44563198 
0.389375 952.445700615 
0.3895 952.445769239 
0.389625 952.445837852 
0.38975 952.445906454 
0.389875 952.445975046 
0.39 952.446043626 
0.390125 952.446112196 
0.39025 952.446180755 
0.390375 952.446249303 
0.3905 952.446317841 
0.390625 952.446386367 
0.39075 952.446454882 
0.390875 952.446523387 
0.391 952.44659188 
0.391125 952.446660363 
0.39125 952.446728834 
0.391375 952.446797295 
0.3915 952.446865744 
0.391625 952.446934182 
0.39175 952.447002609 
0.391875 952.447071025 
0.392 952.44713943 
0.392125 952.447207824 
0.39225 952.447276206 
0.392375 952.447344577 
0.3925 952.447412937 
0.392625 952.447481286 
0.39275 952.447549623 
0.392875 952.44761795 
0.393 952.447686264 
0.393125 952.447754568 
0.39325 952.44782286 
0.393375 952.447891141 
0.3935 952.44795941 
0.393625 952.448027668 
0.39375 952.448095915 
0.393875 952.44816415 
0.394 952.448232373 
0.394125 952.448300585 
0.39425 952.448368786 
0.394375 952.448436974 
0.3945 952.448505152 
0.394625 952.448573318 
0.39475 952.448641472 
0.394875 952.448709614 
0.395 952.448777745 
0.395125 952.448845864 
0.39525 952.448913972 
0.395375 952.448982068 
0.3955 952.449050152 
0.395625 952.449118224 
0.39575 952.449186284 
0.395875 952.449254333 
0.396 952.44932237 
0.396125 952.449390395 
0.39625 952.449458408 
0.396375 952.449526409 
0.3965 952.449594399 
0.396625 952.449662376 
0.39675 952.449730341 
0.396875 952.449798295 
0.397 952.449866237 
0.397125 952.449934166 
0.39725 952.450002083 
0.397375 952.450069989 
0.3975 952.450137882 
0.397625 952.450205764 
0.39775 952.450273633 
0.397875 952.45034149 
0.398 952.450409335 
0.398125 952.450477167 
0.39825 952.450544988 
0.398375 952.450612796 
0.3985 952.450680592 
0.398625 952.450748376 
0.39875 952.450816147 
0.398875 952.450883907 
0.399 952.450951653 
0.399125 952.451019388 
0.39925 952.45108711 
0.399375 952.45115482 
0.3995 952.451222517 
0.399625 952.451290202 
0.39975 952.451357875 
0.399875 952.451425535 
0.4 952.451493182 
0.400125 952.451560818 
0.40025 952.45162844 
0.400375 952.45169605 
0.4005 952.451763647 
0.400625 952.451831232 
0.40075 952.451898805 
0.400875 952.451966364 
0.401 952.452033911 
0.401125 952.452101445 
0.40125 952.452168967 
0.401375 952.452236476 
0.4015 952.452303972 
0.401625 952.452371455 
0.40175 952.452438926 
0.401875 952.452506384 
0.402 952.452573829 
0.402125 952.452641261 
0.40225 952.45270868 
0.402375 952.452776087 
0.4025 952.45284348 
0.402625 952.452910861 
0.40275 952.452978229 
0.402875 952.453045583 
0.403 952.453112925 
0.403125 952.453180254 
0.40325 952.45324757 
0.403375 952.453314872 
0.4035 952.453382162 
0.403625 952.453449439 
0.40375 952.453516702 
0.403875 952.453583953 
0.404 952.45365119 
0.404125 952.453718414 
0.40425 952.453785625 
0.404375 952.453852822 
0.4045 952.453920007 
0.404625 952.453987178 
0.40475 952.454054336 
0.404875 952.454121481 
0.405 952.454188612 
0.405125 952.45425573 
0.40525 952.454322835 
0.405375 952.454389926 
0.4055 952.454457004 
0.405625 952.454524069 
0.40575 952.45459112 
0.405875 952.454658158 
0.406 952.454725182 
0.406125 952.454792193 
0.40625 952.45485919 
0.406375 952.454926174 
0.4065 952.454993144 
0.406625 952.4550601 
0.40675 952.455127043 
0.406875 952.455193973 
0.407 952.455260889 
0.407125 952.455327791 
0.40725 952.455394679 
0.407375 952.455461554 
0.4075 952.455528415 
0.407625 952.455595262 
0.40775 952.455662096 
0.407875 952.455728916 
0.408 952.455795722 
0.408125 952.455862514 
0.40825 952.455929293 
0.408375 952.455996057 
0.4085 952.456062808 
0.408625 952.456129545 
0.40875 952.456196268 
0.408875 952.456262977 
0.409 952.456329672 
0.409125 952.456396353 
0.40925 952.45646302 
0.409375 952.456529673 
0.4095 952.456596312 
0.409625 952.456662937 
0.40975 952.456729548 
0.409875 952.456796145 
0.41 952.456862728 
0.410125 952.456929296 
0.41025 952.456995851 
0.410375 952.457062391 
0.4105 952.457128917 
0.410625 952.457195429 
0.41075 952.457261927 
0.410875 952.45732841 
0.411 952.457394879 
0.411125 952.457461334 
0.41125 952.457527775 
0.411375 952.457594201 
0.4115 952.457660613 
0.411625 952.457727011 
0.41175 952.457793394 
0.411875 952.457859763 
0.412 952.457926117 
0.412125 952.457992457 
0.41225 952.458058782 
0.412375 952.458125093 
0.4125 952.45819139 
0.412625 952.458257672 
0.41275 952.458323939 
0.412875 952.458390192 
0.413 952.45845643 
0.413125 952.458522654 
0.41325 952.458588863 
0.413375 952.458655057 
0.4135 952.458721237 
0.413625 952.458787402 
0.41375 952.458853552 
0.413875 952.458919688 
0.414 952.458985809 
0.414125 952.459051915 
0.41425 952.459118006 
0.414375 952.459184083 
0.4145 952.459250145 
0.414625 952.459316191 
0.41475 952.459382223 
0.414875 952.459448241 
0.415 952.459514243 
0.415125 952.45958023 
0.41525 952.459646203 
0.415375 952.45971216 
0.4155 952.459778102 
0.415625 952.45984403 
0.41575 952.459909942 
0.415875 952.45997584 
0.416 952.460041722 
0.416125 952.460107589 
0.41625 952.460173442 
0.416375 952.460239279 
0.4165 952.460305101 
0.416625 952.460370908 
0.41675 952.460436699 
0.416875 952.460502476 
0.417 952.460568237 
0.417125 952.460633983 
0.41725 952.460699714 
0.417375 952.460765429 
0.4175 952.460831129 
0.417625 952.460896814 
0.41775 952.460962484 
0.417875 952.461028138 
0.418 952.461093777 
0.418125 952.4611594 
0.41825 952.461225008 
0.418375 952.461290601 
0.4185 952.461356178 
0.418625 952.46142174 
0.41875 952.461487286 
0.418875 952.461552817 
0.419 952.461618332 
0.419125 952.461683832 
0.41925 952.461749316 
0.419375 952.461814785 
0.4195 952.461880238 
0.419625 952.461945675 
0.41975 952.462011097 
0.419875 952.462076503 
0.42 952.462141893 
0.420125 952.462207268 
0.42025 952.462272627 
0.420375 952.46233797 
0.4205 952.462403298 
0.420625 952.462468609 
0.42075 952.462533905 
0.420875 952.462599185 
0.421 952.46266445 
0.421125 952.462729698 
0.42125 952.462794931 
0.421375 952.462860147 
0.4215 952.462925348 
0.421625 952.462990533 
0.42175 952.463055702 
0.421875 952.463120855 
0.422 952.463185992 
0.422125 952.463251113 
0.42225 952.463316218 
0.422375 952.463381307 
0.4225 952.46344638 
0.422625 952.463511436 
0.42275 952.463576477 
0.422875 952.463641502 
0.423 952.46370651 
0.423125 952.463771502 
0.42325 952.463836479 
0.423375 952.463901439 
0.4235 952.463966382 
0.423625 952.46403131 
0.42375 952.464096221 
0.423875 952.464161116 
0.424 952.464225995 
0.424125 952.464290857 
0.42425 952.464355703 
0.424375 952.464420533 
0.4245 952.464485346 
0.424625 952.464550143 
0.42475 952.464614924 
0.424875 952.464679688 
0.425 952.464744436 
0.425125 952.464809167 
0.42525 952.464873882 
0.425375 952.46493858 
0.4255 952.465003262 
0.425625 952.465067927 
0.42575 952.465132576 
0.425875 952.465197208 
0.426 952.465261824 
0.426125 952.465326423 
0.42625 952.465391005 
0.426375 952.465455571 
0.4265 952.46552012 
0.426625 952.465584652 
0.42675 952.465649168 
0.426875 952.465713667 
0.427 952.465778149 
0.427125 952.465842614 
0.42725 952.465907063 
0.427375 952.465971495 
0.4275 952.46603591 
0.427625 952.466100308 
0.42775 952.466164689 
0.427875 952.466229054 
0.428 952.466293401 
0.428125 952.466357732 
0.42825 952.466422046 
0.428375 952.466486343 
0.4285 952.466550622 
0.428625 952.466614885 
0.42875 952.466679131 
0.428875 952.46674336 
0.429 952.466807572 
0.429125 952.466871767 
0.42925 952.466935944 
0.429375 952.467000105 
0.4295 952.467064249 
0.429625 952.467128375 
0.42975 952.467192484 
0.429875 952.467256576 
0.43 952.467320651 
0.430125 952.467384709 
0.43025 952.467448749 
0.430375 952.467512772 
0.4305 952.467576778 
0.430625 952.467640767 
0.43075 952.467704738 
0.430875 952.467768692 
0.431 952.467832629 
0.431125 952.467896548 
0.43125 952.46796045 
0.431375 952.468024335 
0.4315 952.468088202 
0.431625 952.468152052 
0.43175 952.468215884 
0.431875 952.468279699 
0.432 952.468343497 
0.432125 952.468407277 
0.43225 952.468471039 
0.432375 952.468534784 
0.4325 952.468598511 
0.432625 952.468662221 
0.43275 952.468725913 
0.432875 952.468789587 
0.433 952.468853244 
0.433125 952.468916884 
0.43325 952.468980505 
0.433375 952.469044109 
0.4335 952.469107695 
0.433625 952.469171264 
0.43375 952.469234815 
0.433875 952.469298347 
0.434 952.469361863 
0.434125 952.46942536 
0.43425 952.46948884 
0.434375 952.469552302 
0.4345 952.469615746 
0.434625 952.469679172 
0.43475 952.46974258 
0.434875 952.46980597 
0.435 952.469869342 
0.435125 952.469932697 
0.43525 952.469996033 
0.435375 952.470059352 
0.4355 952.470122652 
0.435625 952.470185935 
0.43575 952.470249199 
0.435875 952.470312446 
0.436 952.470375674 
0.436125 952.470438885 
0.43625 952.470502077 
0.436375 952.470565251 
0.4365 952.470628407 
0.436625 952.470691545 
0.43675 952.470754664 
0.436875 952.470817766 
0.437 952.470880849 
0.437125 952.470943914 
0.43725 952.471006961 
0.437375 952.471069989 
0.4375 952.471132999 
0.437625 952.471195991 
0.43775 952.471258965 
0.437875 952.47132192 
0.438 952.471384857 
0.438125 952.471447776 
0.43825 952.471510676 
0.438375 952.471573558 
0.4385 952.471636421 
0.438625 952.471699266 
0.43875 952.471762092 
0.438875 952.4718249 
0.439 952.47188769 
0.439125 952.471950461 
0.43925 952.472013213 
0.439375 952.472075947 
0.4395 952.472138662 
0.439625 952.472201359 
0.43975 952.472264037 
0.439875 952.472326697 
0.44 952.472389338 
0.440125 952.47245196 
0.44025 952.472514564 
0.440375 952.472577148 
0.4405 952.472639715 
0.440625 952.472702262 
0.44075 952.472764791 
0.440875 952.472827301 
0.441 952.472889792 
0.441125 952.472952264 
0.44125 952.473014718 
0.441375 952.473077153 
0.4415 952.473139568 
0.441625 952.473201965 
0.44175 952.473264344 
0.441875 952.473326703 
0.442 952.473389043 
0.442125 952.473451364 
0.44225 952.473513667 
0.442375 952.47357595 
0.4425 952.473638215 
0.442625 952.47370046 
0.44275 952.473762687 
0.442875 952.473824894 
0.443 952.473887082 
0.443125 952.473949252 
0.44325 952.474011402 
0.443375 952.474073533 
0.4435 952.474135645 
0.443625 952.474197738 
0.44375 952.474259811 
0.443875 952.474321866 
0.444 952.474383901 
0.444125 952.474445917 
0.44425 952.474507914 
0.444375 952.474569891 
0.4445 952.474631849 
0.444625 952.474693788 
0.44475 952.474755708 
0.444875 952.474817608 
0.445 952.474879489 
0.445125 952.474941351 
0.44525 952.475003193 
0.445375 952.475065016 
0.4455 952.47512682 
0.445625 952.475188604 
0.44575 952.475250368 
0.445875 952.475312114 
0.446 952.475373839 
0.446125 952.475435546 
0.44625 952.475497232 
0.446375 952.475558899 
0.4465 952.475620547 
0.446625 952.475682175 
0.44675 952.475743784 
0.446875 952.475805372 
0.447 952.475866942 
0.447125 952.475928491 
0.44725 952.475990021 
0.447375 952.476051532 
0.4475 952.476113022 
0.447625 952.476174493 
0.44775 952.476235944 
0.447875 952.476297376 
0.448 952.476358788 
0.448125 952.47642018 
0.44825 952.476481552 
0.448375 952.476542904 
0.4485 952.476604237 
0.448625 952.476665549 
0.44875 952.476726842 
0.448875 952.476788115 
0.449 952.476849368 
0.449125 952.476910602 
0.44925 952.476971815 
0.449375 952.477033008 
0.4495 952.477094182 
0.449625 952.477155335 
0.44975 952.477216469 
0.449875 952.477277582 
0.45 952.477338675 
0.450125 952.477399749 
0.45025 952.477460802 
0.450375 952.477521835 
0.4505 952.477582849 
0.450625 952.477643842 
0.45075 952.477704814 
0.450875 952.477765767 
0.451 952.4778267 
0.451125 952.477887612 
0.45125 952.477948505 
0.451375 952.478009377 
0.4515 952.478070228 
0.451625 952.47813106 
0.45175 952.478191871 
0.451875 952.478252662 
0.452 952.478313433 
0.452125 952.478374184 
0.45225 952.478434914 
0.452375 952.478495623 
0.4525 952.478556313 
0.452625 952.478616982 
0.45275 952.478677631 
0.452875 952.478738259 
0.453 952.478798867 
0.453125 952.478859454 
0.45325 952.478920021 
0.453375 952.478980567 
0.4535 952.479041093 
0.453625 952.479101599 
0.45375 952.479162084 
0.453875 952.479222548 
0.454 952.479282992 
0.454125 952.479343415 
0.45425 952.479403818 
0.454375 952.4794642 
0.4545 952.479524561 
0.454625 952.479584902 
0.45475 952.479645222 
0.454875 952.479705521 
0.455 952.4797658 
0.455125 952.479826058 
0.45525 952.479886295 
0.455375 952.479946512 
0.4555 952.480006708 
0.455625 952.480066883 
0.45575 952.480127037 
0.455875 952.48018717 
0.456 952.480247283 
0.456125 952.480307375 
0.45625 952.480367446 
0.456375 952.480427496 
0.4565 952.480487525 
0.456625 952.480547533 
0.45675 952.480607521 
0.456875 952.480667487 
0.457 952.480727432 
0.457125 952.480787357 
0.45725 952.48084726 
0.457375 952.480907143 
0.4575 952.480967004 
0.457625 952.481026845 
0.45775 952.481086664 
0.457875 952.481146462 
0.458 952.481206239 
0.458125 952.481265996 
0.45825 952.481325731 
0.458375 952.481385444 
0.4585 952.481445137 
0.458625 952.481504809 
0.45875 952.481564459 
0.458875 952.481624088 
0.459 952.481683696 
0.459125 952.481743283 
0.45925 952.481802848 
0.459375 952.481862393 
0.4595 952.481921916 
0.459625 952.481981417 
0.45975 952.482040897 
0.459875 952.482100356 
0.46 952.482159794 
0.460125 952.48221921 
0.46025 952.482278605 
0.460375 952.482337979 
0.4605 952.482397331 
0.460625 952.482456662 
0.46075 952.482515971 
0.460875 952.482575259 
0.461 952.482634525 
0.461125 952.48269377 
0.46125 952.482752993 
0.461375 952.482812195 
0.4615 952.482871375 
0.461625 952.482930534 
0.46175 952.482989671 
0.461875 952.483048787 
0.462 952.483107881 
0.462125 952.483166953 
0.46225 952.483226004 
0.462375 952.483285033 
0.4625 952.483344041 
0.462625 952.483403026 
0.46275 952.48346199 
0.462875 952.483520933 
0.463 952.483579853 
0.463125 952.483638752 
0.46325 952.483697629 
0.463375 952.483756485 
0.4635 952.483815318 
0.463625 952.48387413 
0.46375 952.48393292 
0.463875 952.483991688 
0.464 952.484050434 
0.464125 952.484109159 
0.46425 952.484167861 
0.464375 952.484226542 
0.4645 952.484285201 
0.464625 952.484343837 
0.46475 952.484402452 
0.464875 952.484461045 
0.465 952.484519616 
0.465125 952.484578165 
0.46525 952.484636692 
0.465375 952.484695196 
0.4655 952.484753679 
0.465625 952.48481214 
0.46575 952.484870579 
0.465875 952.484928995 
0.466 952.48498739 
0.466125 952.485045762 
0.46625 952.485104112 
0.466375 952.48516244 
0.4665 952.485220746 
0.466625 952.48527903 
0.46675 952.485337292 
0.466875 952.485395531 
0.467 952.485453748 
0.467125 952.485511943 
0.46725 952.485570116 
0.467375 952.485628266 
0.4675 952.485686394 
0.467625 952.4857445 
0.46775 952.485802583 
0.467875 952.485860644 
0.468 952.485918683 
0.468125 952.485976699 
0.46825 952.486034693 
0.468375 952.486092665 
0.4685 952.486150614 
0.468625 952.486208541 
0.46875 952.486266445 
0.468875 952.486324327 
0.469 952.486382187 
0.469125 952.486440024 
0.46925 952.486497838 
0.469375 952.48655563 
0.4695 952.486613399 
0.469625 952.486671146 
0.46975 952.48672887 
0.469875 952.486786572 
0.47 952.486844251 
0.470125 952.486901908 
0.47025 952.486959541 
0.470375 952.487017153 
0.4705 952.487074741 
0.470625 952.487132307 
0.47075 952.48718985 
0.470875 952.487247371 
0.471 952.487304868 
0.471125 952.487362344 
0.47125 952.487419796 
0.471375 952.487477225 
0.4715 952.487534632 
0.471625 952.487592016 
0.47175 952.487649377 
0.471875 952.487706716 
0.472 952.487764031 
0.472125 952.487821324 
0.47225 952.487878594 
0.472375 952.487935841 
0.4725 952.487993065 
0.472625 952.488050266 
0.47275 952.488107444 
0.472875 952.488164599 
0.473 952.488221731 
0.473125 952.488278841 
0.47325 952.488335927 
0.473375 952.48839299 
0.4735 952.488450031 
0.473625 952.488507048 
0.47375 952.488564042 
0.473875 952.488621014 
0.474 952.488677962 
0.474125 952.488734887 
0.47425 952.488791789 
0.474375 952.488848667 
0.4745 952.488905523 
0.474625 952.488962356 
0.47475 952.489019165 
0.474875 952.489075951 
0.475 952.489132714 
0.475125 952.489189454 
0.47525 952.48924617 
0.475375 952.489302864 
0.4755 952.489359534 
0.475625 952.489416181 
0.47575 952.489472804 
0.475875 952.489529404 
0.476 952.489585981 
0.476125 952.489642535 
0.47625 952.489699065 
0.476375 952.489755572 
0.4765 952.489812056 
0.476625 952.489868516 
0.47675 952.489924953 
0.476875 952.489981366 
0.477 952.490037756 
0.477125 952.490094122 
0.47725 952.490150465 
0.477375 952.490206785 
0.4775 952.490263081 
0.477625 952.490319354 
0.47775 952.490375603 
0.477875 952.490431828 
0.478 952.49048803 
0.478125 952.490544209 
0.47825 952.490600363 
0.478375 952.490656495 
0.4785 952.490712602 
0.478625 952.490768686 
0.47875 952.490824747 
0.478875 952.490880784 
0.479 952.490936797 
0.479125 952.490992786 
0.47925 952.491048752 
0.479375 952.491104694 
0.4795 952.491160612 
0.479625 952.491216507 
0.47975 952.491272378 
0.479875 952.491328225 
0.48 952.491384048 
0.480125 952.491439848 
0.48025 952.491495624 
0.480375 952.491551376 
0.4805 952.491607104 
0.480625 952.491662808 
0.48075 952.491718488 
0.480875 952.491774145 
0.481 952.491829778 
0.481125 952.491885386 
0.48125 952.491940971 
0.481375 952.491996532 
0.4815 952.492052069 
0.481625 952.492107582 
0.48175 952.492163071 
0.481875 952.492218536 
0.482 952.492273977 
0.482125 952.492329394 
0.48225 952.492384787 
0.482375 952.492440156 
0.4825 952.492495501 
0.482625 952.492550822 
0.48275 952.492606119 
0.482875 952.492661391 
0.483 952.49271664 
0.483125 952.492771864 
0.48325 952.492827065 
0.483375 952.492882241 
0.4835 952.492937393 
0.483625 952.49299252 
0.48375 952.493047624 
0.483875 952.493102703 
0.484 952.493157759 
0.484125 952.49321279 
0.48425 952.493267796 
0.484375 952.493322779 
0.4845 952.493377737 
0.484625 952.493432671 
0.48475 952.49348758 
0.484875 952.493542465 
0.485 952.493597326 
0.485125 952.493652163 
0.48525 952.493706975 
0.485375 952.493761763 
0.4855 952.493816526 
0.485625 952.493871265 
0.48575 952.49392598 
0.485875 952.49398067 
0.486 952.494035335 
0.486125 952.494089977 
0.48625 952.494144594 
0.486375 952.494199186 
0.4865 952.494253754 
0.486625 952.494308297 
0.48675 952.494362816 
0.486875 952.49441731 
0.487 952.49447178 
0.487125 952.494526225 
0.48725 952.494580645 
0.487375 952.494635041 
0.4875 952.494689412 
0.487625 952.494743759 
0.48775 952.494798081 
0.487875 952.494852379 
0.488 952.494906651 
0.488125 952.494960899 
0.48825 952.495015123 
0.488375 952.495069321 
0.4885 952.495123495 
0.488625 952.495177645 
0.48875 952.495231769 
0.488875 952.495285869 
0.489 952.495339944 
0.489125 952.495393994 
0.48925 952.495448019 
0.489375 952.49550202 
0.4895 952.495555996 
0.489625 952.495609947 
0.48975 952.495663873 
0.489875 952.495717774 
0.49 952.49577165 
0.490125 952.495825502 
0.49025 952.495879328 
0.490375 952.49593313 
0.4905 952.495986907 
0.490625 952.496040658 
0.49075 952.496094385 
0.490875 952.496148087 
0.491 952.496201764 
0.491125 952.496255416 
0.49125 952.496309043 
0.491375 952.496362644 
0.4915 952.496416221 
0.491625 952.496469773 
0.49175 952.4965233 
0.491875 952.496576801 
0.492 952.496630278 
0.492125 952.496683729 
0.49225 952.496737155 
0.492375 952.496790557 
0.4925 952.496843933 
0.492625 952.496897283 
0.49275 952.496950609 
0.492875 952.49700391 
0.493 952.497057185 
0.493125 952.497110435 
0.49325 952.49716366 
0.493375 952.49721686 
0.4935 952.497270034 
0.493625 952.497323183 
0.49375 952.497376307 
0.493875 952.497429406 
0.494 952.497482479 
0.494125 952.497535527 
0.49425 952.49758855 
0.494375 952.497641547 
0.4945 952.497694519 
0.494625 952.497747466 
0.49475 952.497800387 
0.494875 952.497853283 
0.495 952.497906154 
0.495125 952.497958999 
0.49525 952.498011818 
0.495375 952.498064613 
0.4955 952.498117381 
0.495625 952.498170125 
0.49575 952.498222843 
0.495875 952.498275535 
0.496 952.498328202 
0.496125 952.498380843 
0.49625 952.498433459 
0.496375 952.498486049 
0.4965 952.498538614 
0.496625 952.498591153 
0.49675 952.498643666 
0.496875 952.498696154 
0.497 952.498748617 
0.497125 952.498801054 
0.49725 952.498853465 
0.497375 952.49890585 
0.4975 952.49895821 
0.497625 952.499010544 
0.49775 952.499062853 
0.497875 952.499115135 
0.498 952.499167393 
0.498125 952.499219624 
0.49825 952.49927183 
0.498375 952.499324009 
0.4985 952.499376164 
0.498625 952.499428292 
0.49875 952.499480395 
0.498875 952.499532471 
0.499 952.499584522 
0.499125 952.499636548 
0.49925 952.499688547 
0.499375 952.49974052 
0.4995 952.499792468 
0.499625 952.49984439 
0.49975 952.499896286 
0.499875 952.499948156 
0.5 952.5 
