0 -1
0.00200401 -0.997419
0.00400802 -0.994838
0.00601202 -0.992256
0.00801603 -0.989675
0.01002 -0.987094
0.012024 -0.984513
0.0140281 -0.981932
0.0160321 -0.979351
0.0180361 -0.97677
0.0200401 -0.974189
0.0220441 -0.971609
0.0240481 -0.969028
0.0260521 -0.966448
0.0280561 -0.963868
0.0300601 -0.961287
0.0320641 -0.958707
0.0340681 -0.956128
0.0360721 -0.953548
0.0380762 -0.950968
0.0400802 -0.948389
0.0420842 -0.94581
0.0440882 -0.943231
0.0460922 -0.940653
0.0480962 -0.938074
0.0501002 -0.935496
0.0521042 -0.932918
0.0541082 -0.930341
0.0561122 -0.927763
0.0581162 -0.925186
0.0601202 -0.92261
0.0621242 -0.920033
0.0641283 -0.917457
0.0661323 -0.914881
0.0681363 -0.912306
0.0701403 -0.909731
0.0721443 -0.907156
0.0741483 -0.904582
0.0761523 -0.902008
0.0781563 -0.899434
0.0801603 -0.896861
0.0821643 -0.894289
0.0841683 -0.891716
0.0861723 -0.889144
0.0881764 -0.886573
0.0901804 -0.884002
0.0921844 -0.881431
0.0941884 -0.878861
0.0961924 -0.876292
0.0981964 -0.873723
0.1002 -0.871154
0.102204 -0.868586
0.104208 -0.866019
0.106212 -0.863452
0.108216 -0.860885
0.11022 -0.858319
0.112224 -0.855754
0.114228 -0.853189
0.116232 -0.850625
0.118236 -0.848062
0.12024 -0.845499
0.122244 -0.842936
0.124248 -0.840375
0.126253 -0.837814
0.128257 -0.835253
0.130261 -0.832693
0.132265 -0.830134
0.134269 -0.827576
0.136273 -0.825018
0.138277 -0.822461
0.140281 -0.819905
0.142285 -0.817349
0.144289 -0.814794
0.146293 -0.81224
0.148297 -0.809687
0.150301 -0.807134
0.152305 -0.804582
0.154309 -0.802031
0.156313 -0.799481
0.158317 -0.796932
0.160321 -0.794383
0.162325 -0.791835
0.164329 -0.789288
0.166333 -0.786742
0.168337 -0.784196
0.170341 -0.781652
0.172345 -0.779108
0.174349 -0.776566
0.176353 -0.774024
0.178357 -0.771483
0.180361 -0.768943
0.182365 -0.766404
0.184369 -0.763865
0.186373 -0.761328
0.188377 -0.758792
0.190381 -0.756257
0.192385 -0.753722
0.194389 -0.751189
0.196393 -0.748656
0.198397 -0.746125
0.200401 -0.743594
0.202405 -0.741065
0.204409 -0.738537
0.206413 -0.736009
0.208417 -0.733483
0.210421 -0.730958
0.212425 -0.728434
0.214429 -0.725911
0.216433 -0.723388
0.218437 -0.720868
0.220441 -0.718348
0.222445 -0.715829
0.224449 -0.713311
0.226453 -0.710795
0.228457 -0.70828
0.230461 -0.705766
0.232465 -0.703253
0.234469 -0.700741
0.236473 -0.69823
0.238477 -0.695721
0.240481 -0.693212
0.242485 -0.690705
0.244489 -0.688199
0.246493 -0.685695
0.248497 -0.683191
0.250501 -0.680689
0.252505 -0.678188
0.254509 -0.675689
0.256513 -0.67319
0.258517 -0.670693
0.260521 -0.668198
0.262525 -0.665703
0.264529 -0.66321
0.266533 -0.660718
0.268537 -0.658228
0.270541 -0.655739
0.272545 -0.653251
0.274549 -0.650764
0.276553 -0.648279
0.278557 -0.645796
0.280561 -0.643313
0.282565 -0.640832
0.284569 -0.638353
0.286573 -0.635875
0.288577 -0.633398
0.290581 -0.630923
0.292585 -0.628449
0.294589 -0.625977
0.296593 -0.623506
0.298597 -0.621036
0.300601 -0.618569
0.302605 -0.616102
0.304609 -0.613637
0.306613 -0.611174
0.308617 -0.608712
0.310621 -0.606251
0.312625 -0.603792
0.314629 -0.601335
0.316633 -0.598879
0.318637 -0.596425
0.320641 -0.593972
0.322645 -0.591521
0.324649 -0.589072
0.326653 -0.586624
0.328657 -0.584177
0.330661 -0.581733
0.332665 -0.57929
0.334669 -0.576848
0.336673 -0.574408
0.338677 -0.57197
0.340681 -0.569534
0.342685 -0.567099
0.344689 -0.564666
0.346693 -0.562234
0.348697 -0.559804
0.350701 -0.557376
0.352705 -0.55495
0.354709 -0.552525
0.356713 -0.550102
0.358717 -0.547681
0.360721 -0.545261
0.362725 -0.542843
0.364729 -0.540427
0.366733 -0.538013
0.368737 -0.535601
0.370741 -0.53319
0.372745 -0.530781
0.374749 -0.528374
0.376754 -0.525969
0.378758 -0.523565
0.380762 -0.521164
0.382766 -0.518764
0.38477 -0.516366
0.386774 -0.51397
0.388778 -0.511575
0.390782 -0.509183
0.392786 -0.506792
0.39479 -0.504404
0.396794 -0.502017
0.398798 -0.499632
0.400802 -0.497249
0.402806 -0.494868
0.40481 -0.492489
0.406814 -0.490112
0.408818 -0.487737
0.410822 -0.485363
0.412826 -0.482992
0.41483 -0.480622
0.416834 -0.478255
0.418838 -0.47589
0.420842 -0.473526
0.422846 -0.471165
0.42485 -0.468805
0.426854 -0.466448
0.428858 -0.464092
0.430862 -0.461739
0.432866 -0.459387
0.43487 -0.457038
0.436874 -0.454691
0.438878 -0.452345
0.440882 -0.450002
0.442886 -0.447661
0.44489 -0.445322
0.446894 -0.442985
0.448898 -0.44065
0.450902 -0.438317
0.452906 -0.435987
0.45491 -0.433658
0.456914 -0.431332
0.458918 -0.429007
0.460922 -0.426685
0.462926 -0.424365
0.46493 -0.422047
0.466934 -0.419732
0.468938 -0.417418
0.470942 -0.415107
0.472946 -0.412797
0.47495 -0.41049
0.476954 -0.408186
0.478958 -0.405883
0.480962 -0.403583
0.482966 -0.401284
0.48497 -0.398988
0.486974 -0.396695
0.488978 -0.394403
0.490982 -0.392114
0.492986 -0.389827
0.49499 -0.387542
0.496994 -0.38526
0.498998 -0.38298
0.501002 -0.380702
0.503006 -0.378426
0.50501 -0.376153
0.507014 -0.373882
0.509018 -0.371613
0.511022 -0.369346
0.513026 -0.367082
0.51503 -0.364821
0.517034 -0.362561
0.519038 -0.360304
0.521042 -0.358049
0.523046 -0.355797
0.52505 -0.353547
0.527054 -0.351299
0.529058 -0.349054
0.531062 -0.346811
0.533066 -0.34457
0.53507 -0.342332
0.537074 -0.340096
0.539078 -0.337863
0.541082 -0.335632
0.543086 -0.333404
0.54509 -0.331178
0.547094 -0.328954
0.549098 -0.326733
0.551102 -0.324514
0.553106 -0.322297
0.55511 -0.320084
0.557114 -0.317872
0.559118 -0.315663
0.561122 -0.313457
0.563126 -0.311253
0.56513 -0.309051
0.567134 -0.306852
0.569138 -0.304656
0.571142 -0.302462
0.573146 -0.30027
0.57515 -0.298081
0.577154 -0.295895
0.579158 -0.293711
0.581162 -0.291529
0.583166 -0.28935
0.58517 -0.287174
0.587174 -0.285
0.589178 -0.282829
0.591182 -0.28066
0.593186 -0.278494
0.59519 -0.276331
0.597194 -0.27417
0.599198 -0.272012
0.601202 -0.269856
0.603206 -0.267703
0.60521 -0.265552
0.607214 -0.263404
0.609218 -0.261259
0.611222 -0.259116
0.613226 -0.256976
0.61523 -0.254838
0.617234 -0.252704
0.619238 -0.250571
0.621242 -0.248442
0.623246 -0.246315
0.625251 -0.244191
0.627255 -0.242069
0.629259 -0.23995
0.631263 -0.237834
0.633267 -0.23572
0.635271 -0.233609
0.637275 -0.231501
0.639279 -0.229396
0.641283 -0.227293
0.643287 -0.225193
0.645291 -0.223095
0.647295 -0.221001
0.649299 -0.218909
0.651303 -0.216819
0.653307 -0.214733
0.655311 -0.212649
0.657315 -0.210568
0.659319 -0.208489
0.661323 -0.206414
0.663327 -0.204341
0.665331 -0.202271
0.667335 -0.200203
0.669339 -0.198139
0.671343 -0.196077
0.673347 -0.194018
0.675351 -0.191962
0.677355 -0.189908
0.679359 -0.187858
0.681363 -0.18581
0.683367 -0.183765
0.685371 -0.181722
0.687375 -0.179683
0.689379 -0.177646
0.691383 -0.175612
0.693387 -0.173581
0.695391 -0.171553
0.697395 -0.169527
0.699399 -0.167505
0.701403 -0.165485
0.703407 -0.163468
0.705411 -0.161454
0.707415 -0.159443
0.709419 -0.157434
0.711423 -0.155429
0.713427 -0.153426
0.715431 -0.151426
0.717435 -0.149429
0.719439 -0.147435
0.721443 -0.145444
0.723447 -0.143456
0.725451 -0.14147
0.727455 -0.139488
0.729459 -0.137508
0.731463 -0.135531
0.733467 -0.133557
0.735471 -0.131586
0.737475 -0.129618
0.739479 -0.127653
0.741483 -0.125691
0.743487 -0.123731
0.745491 -0.121775
0.747495 -0.119821
0.749499 -0.117871
0.751503 -0.115923
0.753507 -0.113978
0.755511 -0.112036
0.757515 -0.110097
0.759519 -0.108162
0.761523 -0.106229
0.763527 -0.104299
0.765531 -0.102371
0.767535 -0.100447
0.769539 -0.0985261
0.771543 -0.0966079
0.773547 -0.0946926
0.775551 -0.0927803
0.777555 -0.090871
0.779559 -0.0889647
0.781563 -0.0870613
0.783567 -0.0851609
0.785571 -0.0832635
0.787575 -0.081369
0.789579 -0.0794776
0.791583 -0.0775892
0.793587 -0.0757037
0.795591 -0.0738212
0.797595 -0.0719418
0.799599 -0.0700653
0.801603 -0.0681919
0.803607 -0.0663214
0.805611 -0.064454
0.807615 -0.0625895
0.809619 -0.0607281
0.811623 -0.0588697
0.813627 -0.0570144
0.815631 -0.055162
0.817635 -0.0533127
0.819639 -0.0514664
0.821643 -0.0496231
0.823647 -0.0477829
0.825651 -0.0459457
0.827655 -0.0441115
0.829659 -0.0422804
0.831663 -0.0404523
0.833667 -0.0386273
0.835671 -0.0368053
0.837675 -0.0349864
0.839679 -0.0331705
0.841683 -0.0313576
0.843687 -0.0295479
0.845691 -0.0277411
0.847695 -0.0259375
0.849699 -0.0241369
0.851703 -0.0223393
0.853707 -0.0205448
0.855711 -0.0187534
0.857715 -0.0169651
0.859719 -0.0151798
0.861723 -0.0133976
0.863727 -0.0116185
0.865731 -0.00984248
0.867735 -0.00806952
0.869739 -0.00629964
0.871743 -0.00453284
0.873747 -0.00276912
0.875752 -0.00100849
0.877756 0
0.87976 0
0.881764 0
0.883768 0
0.885772 0
0.887776 0
0.88978 0
0.891784 0
0.893788 0
0.895792 0
0.897796 0
0.8998 0
0.901804 0
0.903808 0
0.905812 0
0.907816 0
0.90982 0
0.911824 0
0.913828 0
0.915832 0
0.917836 0
0.91984 0
0.921844 0
0.923848 0
0.925852 0
0.927856 0
0.92986 0
0.931864 0
0.933868 0
0.935872 0
0.937876 0
0.93988 0
0.941884 0
0.943888 0
0.945892 0
0.947896 0
0.9499 0
0.951904 0
0.953908 0
0.955912 0
0.957916 0
0.95992 0
0.961924 0
0.963928 0
0.965932 0
0.967936 0
0.96994 0
0.971944 0
0.973948 0
0.975952 0
0.977956 0
0.97996 0
0.981964 0
0.983968 0
0.985972 0
0.987976 0
0.98998 0
0.991984 0
0.993988 0
0.995992 0
0.997996 0
1 0
