0 950.36350716 
0.000125 950.363507926 
0.00025 950.363509566 
0.000375 950.363512185 
0.0005 950.363515806 
0.000625 950.363520437 
0.00075 950.363526081 
0.000875 950.363532742 
0.001 950.363540419 
0.001125 950.363549114 
0.00125 950.363558828 
0.001375 950.36356956 
0.0015 950.363581311 
0.001625 950.363594081 
0.00175 950.36360787 
0.001875 950.363622678 
0.002 950.363638505 
0.002125 950.363655351 
0.00225 950.363673217 
0.002375 950.363692101 
0.0025 950.363712004 
0.002625 950.363732926 
0.00275 950.363754867 
0.002875 950.363777826 
0.003 950.363801803 
0.003125 950.363826799 
0.00325 950.363852813 
0.003375 950.363879844 
0.0035 950.363907894 
0.003625 950.363936961 
0.00375 950.363967045 
0.003875 950.363998146 
0.004 950.364030264 
0.004125 950.364063399 
0.00425 950.364097551 
0.004375 950.364132718 
0.0045 950.364168902 
0.004625 950.364206101 
0.00475 950.364244315 
0.004875 950.364283545 
0.005 950.36432379 
0.005125 950.364365049 
0.00525 950.364407322 
0.005375 950.36445061 
0.0055 950.364494911 
0.005625 950.364540225 
0.00575 950.364586552 
0.005875 950.364633892 
0.006 950.364682245 
0.006125 950.364731609 
0.00625 950.364781985 
0.006375 950.364833372 
0.0065 950.36488577 
0.006625 950.364939178 
0.00675 950.364993597 
0.006875 950.365049025 
0.007 950.365105462 
0.007125 950.365162909 
0.00725 950.365221363 
0.007375 950.365280826 
0.0075 950.365341297 
0.007625 950.365402774 
0.00775 950.365465259 
0.007875 950.365528749 
0.008 950.365593245 
0.008125 950.365658747 
0.00825 950.365725254 
0.008375 950.365792764 
0.0085 950.365861279 
0.008625 950.365930797 
0.00875 950.366001318 
0.008875 950.366072841 
0.009 950.366145366 
0.009125 950.366218893 
0.00925 950.36629342 
0.009375 950.366368947 
0.0095 950.366445475 
0.009625 950.366523001 
0.00975 950.366601526 
0.009875 950.366681048 
0.01 950.366761569 
0.010125 950.366843086 
0.01025 950.366925599 
0.010375 950.367009108 
0.0105 950.367093612 
0.010625 950.36717911 
0.01075 950.367265602 
0.010875 950.367353088 
0.011 950.367441566 
0.011125 950.367531036 
0.01125 950.367621497 
0.011375 950.367712949 
0.0115 950.367805391 
0.011625 950.367898822 
0.01175 950.367993242 
0.011875 950.36808865 
0.012 950.368185045 
0.012125 950.368282426 
0.01225 950.368380794 
0.012375 950.368480147 
0.0125 950.368580484 
0.012625 950.368681805 
0.01275 950.368784109 
0.012875 950.368887396 
0.013 950.368991664 
0.013125 950.369096913 
0.01325 950.369203142 
0.013375 950.36931035 
0.0135 950.369418537 
0.013625 950.369527701 
0.01375 950.369637843 
0.013875 950.369748961 
0.014 950.369861055 
0.014125 950.369974123 
0.01425 950.370088165 
0.014375 950.37020318 
0.0145 950.370319167 
0.014625 950.370436126 
0.01475 950.370554055 
0.014875 950.370672955 
0.015 950.370792823 
0.015125 950.370913659 
0.01525 950.371035463 
0.015375 950.371158233 
0.0155 950.371281968 
0.015625 950.371406668 
0.01575 950.371532332 
0.015875 950.371658959 
0.016 950.371786548 
0.016125 950.371915098 
0.01625 950.372044609 
0.016375 950.372175079 
0.0165 950.372306507 
0.016625 950.372438893 
0.01675 950.372572235 
0.016875 950.372706534 
0.017 950.372841787 
0.017125 950.372977993 
0.01725 950.373115153 
0.017375 950.373253265 
0.0175 950.373392328 
0.017625 950.37353234 
0.01775 950.373673302 
0.017875 950.373815212 
0.018 950.373958069 
0.018125 950.374101872 
0.01825 950.374246621 
0.018375 950.374392313 
0.0185 950.374538949 
0.018625 950.374686527 
0.01875 950.374835046 
0.018875 950.374984506 
0.019 950.375134904 
0.019125 950.375286241 
0.01925 950.375438515 
0.019375 950.375591725 
0.0195 950.37574587 
0.019625 950.375900948 
0.01975 950.37605696 
0.019875 950.376213904 
0.02 950.376371779 
0.020125 950.376530583 
0.02025 950.376690316 
0.020375 950.376850977 
0.0205 950.377012564 
0.020625 950.377175077 
0.02075 950.377338514 
0.020875 950.377502874 
0.021 950.377668157 
0.021125 950.377834361 
0.02125 950.378001485 
0.021375 950.378169527 
0.0215 950.378338488 
0.021625 950.378508365 
0.02175 950.378679157 
0.021875 950.378850864 
0.022 950.379023484 
0.022125 950.379197017 
0.02225 950.37937146 
0.022375 950.379546813 
0.0225 950.379723075 
0.022625 950.379900244 
0.02275 950.38007832 
0.022875 950.380257301 
0.023 950.380437186 
0.023125 950.380617974 
0.02325 950.380799663 
0.023375 950.380982253 
0.0235 950.381165743 
0.023625 950.38135013 
0.02375 950.381535414 
0.023875 950.381721595 
0.024 950.381908669 
0.024125 950.382096637 
0.02425 950.382285497 
0.024375 950.382475248 
0.0245 950.382665889 
0.024625 950.382857418 
0.02475 950.383049834 
0.024875 950.383243136 
0.025 950.383437323 
0.025125 950.383632394 
0.02525 950.383828347 
0.025375 950.384025181 
0.0255 950.384222894 
0.025625 950.384421487 
0.02575 950.384620956 
0.025875 950.384821302 
0.026 950.385022522 
0.026125 950.385224616 
0.02625 950.385427582 
0.026375 950.385631419 
0.0265 950.385836125 
0.026625 950.386041701 
0.02675 950.386248143 
0.026875 950.386455451 
0.027 950.386663623 
0.027125 950.386872659 
0.02725 950.387082557 
0.027375 950.387293315 
0.0275 950.387504933 
0.027625 950.387717408 
0.02775 950.387930741 
0.027875 950.388144929 
0.028 950.388359971 
0.028125 950.388575865 
0.02825 950.388792611 
0.028375 950.389010208 
0.0285 950.389228653 
0.028625 950.389447945 
0.02875 950.389668084 
0.028875 950.389889068 
0.029 950.390110895 
0.029125 950.390333564 
0.02925 950.390557074 
0.029375 950.390781423 
0.0295 950.39100661 
0.029625 950.391232635 
0.02975 950.391459494 
0.029875 950.391687188 
0.03 950.391915714 
0.030125 950.392145071 
0.03025 950.392375259 
0.030375 950.392606275 
0.0305 950.392838118 
0.030625 950.393070787 
0.03075 950.39330428 
0.030875 950.393538597 
0.031 950.393773735 
0.031125 950.394009693 
0.03125 950.394246471 
0.031375 950.394484066 
0.0315 950.394722477 
0.031625 950.394961703 
0.03175 950.395201742 
0.031875 950.395442593 
0.032 950.395684255 
0.032125 950.395926726 
0.03225 950.396170005 
0.032375 950.39641409 
0.0325 950.39665898 
0.032625 950.396904674 
0.03275 950.397151169 
0.032875 950.397398466 
0.033 950.397646562 
0.033125 950.397895456 
0.03325 950.398145146 
0.033375 950.398395632 
0.0335 950.398646911 
0.033625 950.398898982 
0.03375 950.399151844 
0.033875 950.399405496 
0.034 950.399659936 
0.034125 950.399915162 
0.03425 950.400171173 
0.034375 950.400427968 
0.0345 950.400685546 
0.034625 950.400943904 
0.03475 950.401203041 
0.034875 950.401462957 
0.035 950.401723649 
0.035125 950.401985116 
0.03525 950.402247357 
0.035375 950.40251037 
0.0355 950.402774154 
0.035625 950.403038707 
0.03575 950.403304028 
0.035875 950.403570116 
0.036 950.403836968 
0.036125 950.404104584 
0.03625 950.404372963 
0.036375 950.404642102 
0.0365 950.404912 
0.036625 950.405182656 
0.03675 950.405454068 
0.036875 950.405726235 
0.037 950.405999156 
0.037125 950.406272828 
0.03725 950.406547251 
0.037375 950.406822423 
0.0375 950.407098343 
0.037625 950.407375009 
0.03775 950.407652419 
0.037875 950.407930573 
0.038 950.408209469 
0.038125 950.408489104 
0.03825 950.408769479 
0.038375 950.409050591 
0.0385 950.409332439 
0.038625 950.409615022 
0.03875 950.409898337 
0.038875 950.410182384 
0.039 950.410467162 
0.039125 950.410752667 
0.03925 950.4110389 
0.039375 950.411325859 
0.0395 950.411613542 
0.039625 950.411901948 
0.03975 950.412191075 
0.039875 950.412480922 
0.04 950.412771487 
0.040125 950.413062769 
0.04025 950.413354767 
0.040375 950.413647479 
0.0405 950.413940903 
0.040625 950.414235038 
0.04075 950.414529883 
0.040875 950.414825436 
0.041 950.415121696 
0.041125 950.415418661 
0.04125 950.41571633 
0.041375 950.416014701 
0.0415 950.416313773 
0.041625 950.416613544 
0.04175 950.416914013 
0.041875 950.417215179 
0.042 950.417517039 
0.042125 950.417819593 
0.04225 950.418122839 
0.042375 950.418426776 
0.0425 950.418731402 
0.042625 950.419036715 
0.04275 950.419342715 
0.042875 950.4196494 
0.043 950.419956768 
0.043125 950.420264817 
0.04325 950.420573547 
0.043375 950.420882956 
0.0435 950.421193043 
0.043625 950.421503805 
0.04375 950.421815242 
0.043875 950.422127352 
0.044 950.422440134 
0.044125 950.422753586 
0.04425 950.423067706 
0.044375 950.423382494 
0.0445 950.423697948 
0.044625 950.424014066 
0.04475 950.424330847 
0.044875 950.42464829 
0.045 950.424966392 
0.045125 950.425285154 
0.04525 950.425604572 
0.045375 950.425924646 
0.0455 950.426245374 
0.045625 950.426566755 
0.04575 950.426888788 
0.045875 950.42721147 
0.046 950.427534801 
0.046125 950.427858779 
0.04625 950.428183402 
0.046375 950.42850867 
0.0465 950.42883458 
0.046625 950.429161132 
0.04675 950.429488323 
0.046875 950.429816153 
0.047 950.43014462 
0.047125 950.430473723 
0.04725 950.430803459 
0.047375 950.431133829 
0.0475 950.431464829 
0.047625 950.43179646 
0.04775 950.432128719 
0.047875 950.432461605 
0.048 950.432795116 
0.048125 950.433129252 
0.04825 950.43346401 
0.048375 950.43379939 
0.0485 950.434135389 
0.048625 950.434472007 
0.04875 950.434809243 
0.048875 950.435147094 
0.049 950.435485559 
0.049125 950.435824637 
0.04925 950.436164326 
0.049375 950.436504626 
0.0495 950.436845534 
0.049625 950.437187049 
0.04975 950.43752917 
0.049875 950.437871896 
0.05 950.438215224 
0.050125 950.438559154 
0.05025 950.438903685 
0.050375 950.439248814 
0.0505 950.439594541 
0.050625 950.439940864 
0.05075 950.440287782 
0.050875 950.440635292 
0.051 950.440983395 
0.051125 950.441332088 
0.05125 950.441681371 
0.051375 950.442031241 
0.0515 950.442381698 
0.051625 950.442732739 
0.05175 950.443084365 
0.051875 950.443436572 
0.052 950.443789361 
0.052125 950.444142729 
0.05225 950.444496675 
0.052375 950.444851198 
0.0525 950.445206296 
0.052625 950.445561969 
0.05275 950.445918214 
0.052875 950.446275031 
0.053 950.446632417 
0.053125 950.446990373 
0.05325 950.447348895 
0.053375 950.447707984 
0.0535 950.448067637 
0.053625 950.448427854 
0.05375 950.448788632 
0.053875 950.449149972 
0.054 950.44951187 
0.054125 950.449874326 
0.05425 950.450237339 
0.054375 950.450600907 
0.0545 950.45096503 
0.054625 950.451329704 
0.05475 950.45169493 
0.054875 950.452060707 
0.055 950.452427031 
0.055125 950.452793903 
0.05525 950.453161321 
0.055375 950.453529284 
0.0555 950.45389779 
0.055625 950.454266839 
0.05575 950.454636428 
0.055875 950.455006556 
0.056 950.455377223 
0.056125 950.455748427 
0.05625 950.456120166 
0.056375 950.456492439 
0.0565 950.456865246 
0.056625 950.457238584 
0.05675 950.457612453 
0.056875 950.45798685 
0.057 950.458361776 
0.057125 950.458737228 
0.05725 950.459113206 
0.057375 950.459489707 
0.0575 950.459866732 
0.057625 950.460244278 
0.05775 950.460622344 
0.057875 950.461000929 
0.058 950.461380031 
0.058125 950.46175965 
0.05825 950.462139785 
0.058375 950.462520433 
0.0585 950.462901594 
0.058625 950.463283266 
0.05875 950.463665449 
0.058875 950.46404814 
0.059 950.464431339 
0.059125 950.464815045 
0.05925 950.465199255 
0.059375 950.46558397 
0.0595 950.465969187 
0.059625 950.466354906 
0.05975 950.466741126 
0.059875 950.467127844 
0.06 950.46751506 
0.060125 950.467902773 
0.06025 950.468290981 
0.060375 950.468679684 
0.0605 950.469068879 
0.060625 950.469458566 
0.06075 950.469848744 
0.060875 950.470239411 
0.061 950.470630566 
0.061125 950.471022208 
0.06125 950.471414336 
0.061375 950.471806949 
0.0615 950.472200045 
0.061625 950.472593623 
0.06175 950.472987682 
0.061875 950.473382221 
0.062 950.473777239 
0.062125 950.474172734 
0.06225 950.474568706 
0.062375 950.474965152 
0.0625 950.475362073 
0.062625 950.475759466 
0.06275 950.476157331 
0.062875 950.476555667 
0.063 950.476954472 
0.063125 950.477353745 
0.06325 950.477753485 
0.063375 950.478153691 
0.0635 950.478554362 
0.063625 950.478955496 
0.06375 950.479357093 
0.063875 950.479759151 
0.064 950.480161669 
0.064125 950.480564646 
0.06425 950.480968081 
0.064375 950.481371973 
0.0645 950.481776321 
0.064625 950.482181123 
0.06475 950.482586379 
0.064875 950.482992087 
0.065 950.483398246 
0.065125 950.483804855 
0.06525 950.484211914 
0.065375 950.48461942 
0.0655 950.485027373 
0.065625 950.485435771 
0.06575 950.485844615 
0.065875 950.486253901 
0.066 950.48666363 
0.066125 950.487073801 
0.06625 950.487484412 
0.066375 950.487895461 
0.0665 950.488306949 
0.066625 950.488718874 
0.06675 950.489131235 
0.066875 950.489544031 
0.067 950.489957261 
0.067125 950.490370923 
0.06725 950.490785017 
0.067375 950.491199542 
0.0675 950.491614496 
0.067625 950.492029879 
0.06775 950.492445689 
0.067875 950.492861926 
0.068 950.493278588 
0.068125 950.493695674 
0.06825 950.494113184 
0.068375 950.494531115 
0.0685 950.494949469 
0.068625 950.495368242 
0.06875 950.495787434 
0.068875 950.496207045 
0.069 950.496627073 
0.069125 950.497047517 
0.06925 950.497468376 
0.069375 950.497889649 
0.0695 950.498311335 
0.069625 950.498733434 
0.06975 950.499155943 
0.069875 950.499578862 
0.07 950.500002191 
0.070125 950.500425927 
0.07025 950.500850071 
0.070375 950.501274621 
0.0705 950.501699576 
0.070625 950.502124935 
0.07075 950.502550697 
0.070875 950.502976861 
0.071 950.503403427 
0.071125 950.503830393 
0.07125 950.504257758 
0.071375 950.504685521 
0.0715 950.505113682 
0.071625 950.505542239 
0.07175 950.505971192 
0.071875 950.506400539 
0.072 950.506830279 
0.072125 950.507260412 
0.07225 950.507690937 
0.072375 950.508121852 
0.0725 950.508553157 
0.072625 950.508984851 
0.07275 950.509416933 
0.072875 950.509849401 
0.073 950.510282256 
0.073125 950.510715496 
0.07325 950.511149119 
0.073375 950.511583127 
0.0735 950.512017516 
0.073625 950.512452287 
0.07375 950.512887438 
0.073875 950.513322969 
0.074 950.513758879 
0.074125 950.514195166 
0.07425 950.51463183 
0.074375 950.51506887 
0.0745 950.515506286 
0.074625 950.515944075 
0.07475 950.516382238 
0.074875 950.516820773 
0.075 950.51725968 
0.075125 950.517698957 
0.07525 950.518138604 
0.075375 950.51857862 
0.0755 950.519019004 
0.075625 950.519459755 
0.07575 950.519900873 
0.075875 950.520342356 
0.076 950.520784203 
0.076125 950.521226414 
0.07625 950.521668988 
0.076375 950.522111924 
0.0765 950.522555221 
0.076625 950.522998879 
0.07675 950.523442896 
0.076875 950.523887271 
0.077 950.524332004 
0.077125 950.524777095 
0.07725 950.525222541 
0.077375 950.525668342 
0.0775 950.526114498 
0.077625 950.526561008 
0.07775 950.52700787 
0.077875 950.527455085 
0.078 950.52790265 
0.078125 950.528350566 
0.07825 950.528798832 
0.078375 950.529247446 
0.0785 950.529696408 
0.078625 950.530145717 
0.07875 950.530595372 
0.078875 950.531045373 
0.079 950.531495719 
0.079125 950.531946409 
0.07925 950.532397441 
0.079375 950.532848816 
0.0795 950.533300533 
0.079625 950.53375259 
0.07975 950.534204988 
0.079875 950.534657724 
0.08 950.535110799 
0.080125 950.535564212 
0.08025 950.536017962 
0.080375 950.536472047 
0.0805 950.536926469 
0.080625 950.537381224 
0.08075 950.537836314 
0.080875 950.538291736 
0.081 950.538747491 
0.081125 950.539203578 
0.08125 950.539659995 
0.081375 950.540116743 
0.0815 950.54057382 
0.081625 950.541031225 
0.08175 950.541488958 
0.081875 950.541947019 
0.082 950.542405406 
0.082125 950.542864118 
0.08225 950.543323156 
0.082375 950.543782517 
0.0825 950.544242203 
0.082625 950.544702211 
0.08275 950.54516254 
0.082875 950.545623192 
0.083 950.546084164 
0.083125 950.546545456 
0.08325 950.547007067 
0.083375 950.547468996 
0.0835 950.547931244 
0.083625 950.548393808 
0.08375 950.548856689 
0.083875 950.549319885 
0.084 950.549783397 
0.084125 950.550247223 
0.08425 950.550711362 
0.084375 950.551175815 
0.0845 950.551640579 
0.084625 950.552105656 
0.08475 950.552571043 
0.084875 950.55303674 
0.085 950.553502747 
0.085125 950.553969063 
0.08525 950.554435687 
0.085375 950.554902619 
0.0855 950.555369857 
0.085625 950.555837402 
0.08575 950.556305252 
0.085875 950.556773407 
0.086 950.557241866 
0.086125 950.557710629 
0.08625 950.558179695 
0.086375 950.558649063 
0.0865 950.559118733 
0.086625 950.559588704 
0.08675 950.560058975 
0.086875 950.560529546 
0.087 950.561000416 
0.087125 950.561471585 
0.08725 950.561943051 
0.087375 950.562414814 
0.0875 950.562886874 
0.087625 950.56335923 
0.08775 950.563831882 
0.087875 950.564304828 
0.088 950.564778068 
0.088125 950.565251601 
0.08825 950.565725428 
0.088375 950.566199546 
0.0885 950.566673956 
0.088625 950.567148658 
0.08875 950.567623649 
0.088875 950.568098931 
0.089 950.568574502 
0.089125 950.569050361 
0.08925 950.569526508 
0.089375 950.570002943 
0.0895 950.570479665 
0.089625 950.570956672 
0.08975 950.571433966 
0.089875 950.571911545 
0.09 950.572389408 
0.090125 950.572867555 
0.09025 950.573345985 
0.090375 950.573824698 
0.0905 950.574303693 
0.090625 950.57478297 
0.09075 950.575262528 
0.090875 950.575742366 
0.091 950.576222485 
0.091125 950.576702882 
0.09125 950.577183559 
0.091375 950.577664513 
0.0915 950.578145746 
0.091625 950.578627255 
0.09175 950.579109041 
0.091875 950.579591103 
0.092 950.58007344 
0.092125 950.580556053 
0.09225 950.581038939 
0.092375 950.5815221 
0.0925 950.582005533 
0.092625 950.58248924 
0.09275 950.582973219 
0.092875 950.583457469 
0.093 950.58394199 
0.093125 950.584426782 
0.09325 950.584911845 
0.093375 950.585397176 
0.0935 950.585882777 
0.093625 950.586368646 
0.09375 950.586854783 
0.093875 950.587341188 
0.094 950.587827859 
0.094125 950.588314797 
0.09425 950.588802001 
0.094375 950.58928947 
0.0945 950.589777204 
0.094625 950.590265203 
0.09475 950.590753465 
0.094875 950.591241991 
0.095 950.591730779 
0.095125 950.59221983 
0.09525 950.592709143 
0.095375 950.593198717 
0.0955 950.593688552 
0.095625 950.594178647 
0.09575 950.594669003 
0.095875 950.595159617 
0.096 950.595650491 
0.096125 950.596141623 
0.09625 950.596633013 
0.096375 950.59712466 
0.0965 950.597616564 
0.096625 950.598108725 
0.09675 950.598601142 
0.096875 950.599093814 
0.097 950.599586742 
0.097125 950.600079924 
0.09725 950.60057336 
0.097375 950.60106705 
0.0975 950.601560993 
0.097625 950.602055188 
0.09775 950.602549636 
0.097875 950.603044336 
0.098 950.603539287 
0.098125 950.604034489 
0.09825 950.604529942 
0.098375 950.605025644 
0.0985 950.605521596 
0.098625 950.606017797 
0.09875 950.606514246 
0.098875 950.607010944 
0.099 950.60750789 
0.099125 950.608005082 
0.09925 950.608502522 
0.099375 950.609000208 
0.0995 950.60949814 
0.099625 950.609996318 
0.09975 950.61049474 
0.099875 950.610993407 
0.1 950.611492319 
0.100125 950.611991474 
0.10025 950.612490873 
0.100375 950.612990514 
0.1005 950.613490398 
0.100625 950.613990524 
0.10075 950.614490892 
0.100875 950.614991501 
0.101 950.615492351 
0.101125 950.615993441 
0.10125 950.616494771 
0.101375 950.616996341 
0.1015 950.61749815 
0.101625 950.618000197 
0.10175 950.618502483 
0.101875 950.619005007 
0.102 950.619507768 
0.102125 950.620010767 
0.10225 950.620514002 
0.102375 950.621017473 
0.1025 950.621521181 
0.102625 950.622025123 
0.10275 950.622529301 
0.102875 950.623033714 
0.103 950.623538361 
0.103125 950.624043241 
0.10325 950.624548356 
0.103375 950.625053703 
0.1035 950.625559283 
0.103625 950.626065095 
0.10375 950.62657114 
0.103875 950.627077416 
0.104 950.627583923 
0.104125 950.628090661 
0.10425 950.628597629 
0.104375 950.629104827 
0.1045 950.629612255 
0.104625 950.630119912 
0.10475 950.630627799 
0.104875 950.631135913 
0.105 950.631644256 
0.105125 950.632152827 
0.10525 950.632661625 
0.105375 950.63317065 
0.1055 950.633679901 
0.105625 950.634189379 
0.10575 950.634699083 
0.105875 950.635209013 
0.106 950.635719167 
0.106125 950.636229547 
0.10625 950.636740151 
0.106375 950.637250979 
0.1065 950.637762031 
0.106625 950.638273306 
0.10675 950.638784805 
0.106875 950.639296526 
0.107 950.639808469 
0.107125 950.640320635 
0.10725 950.640833022 
0.107375 950.64134563 
0.1075 950.64185846 
0.107625 950.64237151 
0.10775 950.64288478 
0.107875 950.64339827 
0.108 950.643911979 
0.108125 950.644425908 
0.10825 950.644940056 
0.108375 950.645454423 
0.1085 950.645969007 
0.108625 950.64648381 
0.10875 950.64699883 
0.108875 950.647514067 
0.109 950.648029521 
0.109125 950.648545192 
0.10925 950.649061078 
0.109375 950.649577181 
0.1095 950.650093499 
0.109625 950.650610033 
0.10975 950.651126781 
0.109875 950.651643744 
0.11 950.652160921 
0.110125 950.652678313 
0.11025 950.653195917 
0.110375 950.653713735 
0.1105 950.654231766 
0.110625 950.65475001 
0.11075 950.655268466 
0.110875 950.655787134 
0.111 950.656306014 
0.111125 950.656825105 
0.11125 950.657344407 
0.111375 950.65786392 
0.1115 950.658383643 
0.111625 950.658903577 
0.11175 950.65942372 
0.111875 950.659944073 
0.112 950.660464635 
0.112125 950.660985406 
0.11225 950.661506386 
0.112375 950.662027574 
0.1125 950.66254897 
0.112625 950.663070574 
0.11275 950.663592385 
0.112875 950.664114403 
0.113 950.664636628 
0.113125 950.665159059 
0.11325 950.665681697 
0.113375 950.666204541 
0.1135 950.66672759 
0.113625 950.667250844 
0.11375 950.667774304 
0.113875 950.668297968 
0.114 950.668821837 
0.114125 950.66934591 
0.11425 950.669870187 
0.114375 950.670394668 
0.1145 950.670919351 
0.114625 950.671444238 
0.11475 950.671969328 
0.114875 950.67249462 
0.115 950.673020114 
0.115125 950.67354581 
0.11525 950.674071707 
0.115375 950.674597806 
0.1155 950.675124106 
0.115625 950.675650607 
0.11575 950.676177308 
0.115875 950.67670421 
0.116 950.677231311 
0.116125 950.677758612 
0.11625 950.678286113 
0.116375 950.678813813 
0.1165 950.679341711 
0.116625 950.679869808 
0.11675 950.680398104 
0.116875 950.680926597 
0.117 950.681455288 
0.117125 950.681984177 
0.11725 950.682513263 
0.117375 950.683042546 
0.1175 950.683572025 
0.117625 950.684101701 
0.11775 950.684631573 
0.117875 950.685161642 
0.118 950.685691905 
0.118125 950.686222365 
0.11825 950.686753019 
0.118375 950.687283868 
0.1185 950.687814912 
0.118625 950.68834615 
0.11875 950.688877582 
0.118875 950.689409209 
0.119 950.689941028 
0.119125 950.690473041 
0.11925 950.691005248 
0.119375 950.691537647 
0.1195 950.692070238 
0.119625 950.692603022 
0.11975 950.693135998 
0.119875 950.693669166 
0.12 950.694202525 
0.120125 950.694736076 
0.12025 950.695269818 
0.120375 950.695803751 
0.1205 950.696337874 
0.120625 950.696872187 
0.12075 950.697406691 
0.120875 950.697941385 
0.121 950.698476268 
0.121125 950.699011341 
0.12125 950.699546602 
0.121375 950.700082053 
0.1215 950.700617692 
0.121625 950.70115352 
0.12175 950.701689536 
0.121875 950.70222574 
0.122 950.702762131 
0.122125 950.70329871 
0.12225 950.703835476 
0.122375 950.704372429 
0.1225 950.704909569 
0.122625 950.705446896 
0.12275 950.705984409 
0.122875 950.706522108 
0.123 950.707059992 
0.123125 950.707598063 
0.12325 950.708136318 
0.123375 950.708674759 
0.1235 950.709213385 
0.123625 950.709752195 
0.12375 950.71029119 
0.123875 950.710830369 
0.124 950.711369732 
0.124125 950.711909279 
0.12425 950.712449009 
0.124375 950.712988923 
0.1245 950.71352902 
0.124625 950.7140693 
0.12475 950.714609762 
0.124875 950.715150407 
0.125 950.715691234 
0.125125 950.716232243 
0.12525 950.716773434 
0.125375 950.717314806 
0.1255 950.71785636 
0.125625 950.718398094 
0.12575 950.71894001 
0.125875 950.719482106 
0.126 950.720024383 
0.126125 950.72056684 
0.12625 950.721109477 
0.126375 950.721652294 
0.1265 950.722195291 
0.126625 950.722738467 
0.12675 950.723281822 
0.126875 950.723825356 
0.127 950.724369069 
0.127125 950.72491296 
0.12725 950.72545703 
0.127375 950.726001278 
0.1275 950.726545703 
0.127625 950.727090307 
0.12775 950.727635088 
0.127875 950.728180046 
0.128 950.728725181 
0.128125 950.729270493 
0.12825 950.729815982 
0.128375 950.730361647 
0.1285 950.730907489 
0.128625 950.731453506 
0.12875 950.7319997 
0.128875 950.732546069 
0.129 950.733092613 
0.129125 950.733639333 
0.12925 950.734186228 
0.129375 950.734733297 
0.1295 950.735280541 
0.129625 950.73582796 
0.12975 950.736375553 
0.129875 950.73692332 
0.13 950.73747126 
0.130125 950.738019375 
0.13025 950.738567663 
0.130375 950.739116124 
0.1305 950.739664758 
0.130625 950.740213564 
0.13075 950.740762544 
0.130875 950.741311696 
0.131 950.74186102 
0.131125 950.742410516 
0.13125 950.742960184 
0.131375 950.743510024 
0.1315 950.744060035 
0.131625 950.744610218 
0.13175 950.745160571 
0.131875 950.745711096 
0.132 950.746261791 
0.132125 950.746812657 
0.13225 950.747363693 
0.132375 950.747914899 
0.1325 950.748466275 
0.132625 950.749017821 
0.13275 950.749569536 
0.132875 950.750121421 
0.133 950.750673475 
0.133125 950.751225698 
0.13325 950.75177809 
0.133375 950.75233065 
0.1335 950.752883379 
0.133625 950.753436276 
0.13375 950.753989341 
0.133875 950.754542574 
0.134 950.755095975 
0.134125 950.755649543 
0.13425 950.756203279 
0.134375 950.756757181 
0.1345 950.757311251 
0.134625 950.757865487 
0.13475 950.75841989 
0.134875 950.75897446 
0.135 950.759529195 
0.135125 950.760084097 
0.13525 950.760639164 
0.135375 950.761194398 
0.1355 950.761749796 
0.135625 950.76230536 
0.13575 950.762861089 
0.135875 950.763416983 
0.136 950.763973042 
0.136125 950.764529266 
0.13625 950.765085654 
0.136375 950.765642206 
0.1365 950.766198922 
0.136625 950.766755802 
0.13675 950.767312846 
0.136875 950.767870054 
0.137 950.768427424 
0.137125 950.768984958 
0.13725 950.769542655 
0.137375 950.770100515 
0.1375 950.770658538 
0.137625 950.771216723 
0.13775 950.77177507 
0.137875 950.772333579 
0.138 950.772892251 
0.138125 950.773451084 
0.13825 950.774010079 
0.138375 950.774569235 
0.1385 950.775128553 
0.138625 950.775688031 
0.13875 950.776247671 
0.138875 950.776807471 
0.139 950.777367432 
0.139125 950.777927554 
0.13925 950.778487835 
0.139375 950.779048277 
0.1395 950.779608879 
0.139625 950.78016964 
0.13975 950.780730561 
0.139875 950.781291641 
0.14 950.781852881 
0.140125 950.78241428 
0.14025 950.782975837 
0.140375 950.783537554 
0.1405 950.784099429 
0.140625 950.784661462 
0.14075 950.785223654 
0.140875 950.785786003 
0.141 950.786348511 
0.141125 950.786911176 
0.14125 950.787473999 
0.141375 950.78803698 
0.1415 950.788600117 
0.141625 950.789163412 
0.14175 950.789726863 
0.141875 950.790290472 
0.142 950.790854237 
0.142125 950.791418158 
0.14225 950.791982236 
0.142375 950.792546469 
0.1425 950.793110859 
0.142625 950.793675404 
0.14275 950.794240106 
0.142875 950.794804962 
0.143 950.795369974 
0.143125 950.795935141 
0.14325 950.796500463 
0.143375 950.79706594 
0.1435 950.797631571 
0.143625 950.798197357 
0.14375 950.798763297 
0.143875 950.799329392 
0.144 950.79989564 
0.144125 950.800462042 
0.14425 950.801028598 
0.144375 950.801595308 
0.1445 950.802162171 
0.144625 950.802729187 
0.14475 950.803296356 
0.144875 950.803863678 
0.145 950.804431153 
0.145125 950.80499878 
0.14525 950.80556656 
0.145375 950.806134492 
0.1455 950.806702577 
0.145625 950.807270813 
0.14575 950.807839201 
0.145875 950.80840774 
0.146 950.808976432 
0.146125 950.809545274 
0.14625 950.810114268 
0.146375 950.810683413 
0.1465 950.811252708 
0.146625 950.811822155 
0.14675 950.812391752 
0.146875 950.812961499 
0.147 950.813531397 
0.147125 950.814101444 
0.14725 950.814671642 
0.147375 950.815241989 
0.1475 950.815812486 
0.147625 950.816383133 
0.14775 950.816953929 
0.147875 950.817524874 
0.148 950.818095968 
0.148125 950.818667211 
0.14825 950.819238603 
0.148375 950.819810144 
0.1485 950.820381832 
0.148625 950.82095367 
0.14875 950.821525655 
0.148875 950.822097788 
0.149 950.822670069 
0.149125 950.823242498 
0.14925 950.823815074 
0.149375 950.824387798 
0.1495 950.824960669 
0.149625 950.825533686 
0.14975 950.826106851 
0.149875 950.826680163 
0.15 950.827253621 
0.150125 950.827827226 
0.15025 950.828400977 
0.150375 950.828974874 
0.1505 950.829548918 
0.150625 950.830123107 
0.15075 950.830697442 
0.150875 950.831271922 
0.151 950.831846548 
0.151125 950.832421319 
0.15125 950.832996236 
0.151375 950.833571297 
0.1515 950.834146504 
0.151625 950.834721855 
0.15175 950.83529735 
0.151875 950.83587299 
0.152 950.836448774 
0.152125 950.837024703 
0.15225 950.837600775 
0.152375 950.838176991 
0.1525 950.838753351 
0.152625 950.839329854 
0.15275 950.839906501 
0.152875 950.840483291 
0.153 950.841060224 
0.153125 950.8416373 
0.15325 950.842214519 
0.153375 950.842791881 
0.1535 950.843369385 
0.153625 950.843947031 
0.15375 950.84452482 
0.153875 950.845102751 
0.154 950.845680823 
0.154125 950.846259038 
0.15425 950.846837394 
0.154375 950.847415892 
0.1545 950.847994531 
0.154625 950.848573311 
0.15475 950.849152232 
0.154875 950.849731295 
0.155 950.850310498 
0.155125 950.850889841 
0.15525 950.851469326 
0.155375 950.85204895 
0.1555 950.852628715 
0.155625 950.85320862 
0.15575 950.853788665 
0.155875 950.85436885 
0.156 950.854949174 
0.156125 950.855529638 
0.15625 950.856110241 
0.156375 950.856690984 
0.1565 950.857271865 
0.156625 950.857852886 
0.15675 950.858434045 
0.156875 950.859015343 
0.157 950.85959678 
0.157125 950.860178355 
0.15725 950.860760068 
0.157375 950.861341919 
0.1575 950.861923909 
0.157625 950.862506036 
0.15775 950.8630883 
0.157875 950.863670703 
0.158 950.864253243 
0.158125 950.86483592 
0.15825 950.865418734 
0.158375 950.866001685 
0.1585 950.866584773 
0.158625 950.867167997 
0.15875 950.867751359 
0.158875 950.868334856 
0.159 950.86891849 
0.159125 950.86950226 
0.15925 950.870086166 
0.159375 950.870670208 
0.1595 950.871254386 
0.159625 950.8718387 
0.15975 950.872423148 
0.159875 950.873007732 
0.16 950.873592452 
0.160125 950.874177306 
0.16025 950.874762295 
0.160375 950.875347419 
0.1605 950.875932678 
0.160625 950.876518071 
0.16075 950.877103599 
0.160875 950.87768926 
0.161 950.878275056 
0.161125 950.878860986 
0.16125 950.879447049 
0.161375 950.880033246 
0.1615 950.880619577 
0.161625 950.881206041 
0.16175 950.881792639 
0.161875 950.882379369 
0.162 950.882966233 
0.162125 950.883553229 
0.16225 950.884140358 
0.162375 950.884727619 
0.1625 950.885315013 
0.162625 950.88590254 
0.16275 950.886490198 
0.162875 950.887077989 
0.163 950.887665911 
0.163125 950.888253965 
0.16325 950.888842151 
0.163375 950.889430468 
0.1635 950.890018917 
0.163625 950.890607497 
0.16375 950.891196208 
0.163875 950.891785049 
0.164 950.892374022 
0.164125 950.892963125 
0.16425 950.893552359 
0.164375 950.894141723 
0.1645 950.894731218 
0.164625 950.895320842 
0.16475 950.895910597 
0.164875 950.896500481 
0.165 950.897090496 
0.165125 950.897680639 
0.16525 950.898270912 
0.165375 950.898861315 
0.1655 950.899451847 
0.165625 950.900042507 
0.16575 950.900633297 
0.165875 950.901224216 
0.166 950.901815263 
0.166125 950.902406438 
0.16625 950.902997742 
0.166375 950.903589174 
0.1665 950.904180735 
0.166625 950.904772423 
0.16675 950.905364239 
0.166875 950.905956183 
0.167 950.906548254 
0.167125 950.907140453 
0.16725 950.907732779 
0.167375 950.908325233 
0.1675 950.908917813 
0.167625 950.90951052 
0.16775 950.910103354 
0.167875 950.910696315 
0.168 950.911289402 
0.168125 950.911882615 
0.16825 950.912475955 
0.168375 950.913069421 
0.1685 950.913663013 
0.168625 950.914256731 
0.16875 950.914850574 
0.168875 950.915444543 
0.169 950.916038637 
0.169125 950.916632857 
0.16925 950.917227202 
0.169375 950.917821671 
0.1695 950.918416266 
0.169625 950.919010986 
0.16975 950.91960583 
0.169875 950.920200798 
0.17 950.920795891 
0.170125 950.921391109 
0.17025 950.92198645 
0.170375 950.922581915 
0.1705 950.923177505 
0.170625 950.923773218 
0.17075 950.924369054 
0.170875 950.924965014 
0.171 950.925561097 
0.171125 950.926157304 
0.17125 950.926753633 
0.171375 950.927350085 
0.1715 950.92794666 
0.171625 950.928543358 
0.17175 950.929140179 
0.171875 950.929737121 
0.172 950.930334186 
0.172125 950.930931373 
0.17225 950.931528682 
0.172375 950.932126113 
0.1725 950.932723666 
0.172625 950.93332134 
0.17275 950.933919136 
0.172875 950.934517053 
0.173 950.935115091 
0.173125 950.93571325 
0.17325 950.93631153 
0.173375 950.936909931 
0.1735 950.937508453 
0.173625 950.938107095 
0.17375 950.938705858 
0.173875 950.939304741 
0.174 950.939903744 
0.174125 950.940502867 
0.17425 950.94110211 
0.174375 950.941701473 
0.1745 950.942300955 
0.174625 950.942900557 
0.17475 950.943500278 
0.174875 950.944100118 
0.175 950.944700078 
0.175125 950.945300156 
0.17525 950.945900354 
0.175375 950.94650067 
0.1755 950.947101104 
0.175625 950.947701657 
0.17575 950.948302328 
0.175875 950.948903118 
0.176 950.949504025 
0.176125 950.950105051 
0.17625 950.950706194 
0.176375 950.951307455 
0.1765 950.951908833 
0.176625 950.952510329 
0.17675 950.953111942 
0.176875 950.953713672 
0.177 950.954315519 
0.177125 950.954917483 
0.17725 950.955519564 
0.177375 950.956121761 
0.1775 950.956724075 
0.177625 950.957326505 
0.17775 950.957929052 
0.177875 950.958531714 
0.178 950.959134492 
0.178125 950.959737387 
0.17825 950.960340397 
0.178375 950.960943522 
0.1785 950.961546763 
0.178625 950.962150119 
0.17875 950.96275359 
0.178875 950.963357177 
0.179 950.963960878 
0.179125 950.964564694 
0.17925 950.965168625 
0.179375 950.96577267 
0.1795 950.96637683 
0.179625 950.966981104 
0.17975 950.967585491 
0.179875 950.968189993 
0.18 950.968794609 
0.180125 950.969399339 
0.18025 950.970004182 
0.180375 950.970609139 
0.1805 950.971214209 
0.180625 950.971819392 
0.18075 950.972424688 
0.180875 950.973030097 
0.181 950.973635619 
0.181125 950.974241254 
0.18125 950.974847001 
0.181375 950.975452861 
0.1815 950.976058833 
0.181625 950.976664917 
0.18175 950.977271113 
0.181875 950.977877421 
0.182 950.978483841 
0.182125 950.979090372 
0.18225 950.979697015 
0.182375 950.98030377 
0.1825 950.980910635 
0.182625 950.981517612 
0.18275 950.9821247 
0.182875 950.982731898 
0.183 950.983339208 
0.183125 950.983946627 
0.18325 950.984554158 
0.183375 950.985161799 
0.1835 950.985769549 
0.183625 950.986377411 
0.18375 950.986985381 
0.183875 950.987593462 
0.184 950.988201653 
0.184125 950.988809953 
0.18425 950.989418362 
0.184375 950.990026881 
0.1845 950.990635509 
0.184625 950.991244246 
0.18475 950.991853092 
0.184875 950.992462046 
0.185 950.99307111 
0.185125 950.993680281 
0.18525 950.994289562 
0.185375 950.99489895 
0.1855 950.995508446 
0.185625 950.996118051 
0.18575 950.996727763 
0.185875 950.997337584 
0.186 950.997947511 
0.186125 950.998557547 
0.18625 950.999167689 
0.186375 950.999777939 
0.1865 951.000388296 
0.186625 951.00099876 
0.18675 951.00160933 
0.186875 951.002220008 
0.187 951.002830791 
0.187125 951.003441682 
0.18725 951.004052678 
0.187375 951.004663781 
0.1875 951.00527499 
0.187625 951.005886305 
0.18775 951.006497725 
0.187875 951.007109251 
0.188 951.007720883 
0.188125 951.00833262 
0.18825 951.008944462 
0.188375 951.00955641 
0.1885 951.010168462 
0.188625 951.01078062 
0.18875 951.011392882 
0.188875 951.012005248 
0.189 951.012617719 
0.189125 951.013230295 
0.18925 951.013842975 
0.189375 951.014455758 
0.1895 951.015068646 
0.189625 951.015681638 
0.18975 951.016294733 
0.189875 951.016907932 
0.19 951.017521234 
0.190125 951.01813464 
0.19025 951.018748148 
0.190375 951.01936176 
0.1905 951.019975475 
0.190625 951.020589292 
0.19075 951.021203212 
0.190875 951.021817235 
0.191 951.02243136 
0.191125 951.023045587 
0.19125 951.023659917 
0.191375 951.024274348 
0.1915 951.024888881 
0.191625 951.025503516 
0.19175 951.026118253 
0.191875 951.026733091 
0.192 951.02734803 
0.192125 951.027963071 
0.19225 951.028578213 
0.192375 951.029193455 
0.1925 951.029808799 
0.192625 951.030424243 
0.19275 951.031039788 
0.192875 951.031655433 
0.193 951.032271179 
0.193125 951.032887024 
0.19325 951.03350297 
0.193375 951.034119015 
0.1935 951.034735161 
0.193625 951.035351406 
0.19375 951.03596775 
0.193875 951.036584194 
0.194 951.037200737 
0.194125 951.03781738 
0.19425 951.038434121 
0.194375 951.039050961 
0.1945 951.0396679 
0.194625 951.040284938 
0.19475 951.040902074 
0.194875 951.041519308 
0.195 951.04213664 
0.195125 951.042754071 
0.19525 951.043371599 
0.195375 951.043989226 
0.1955 951.04460695 
0.195625 951.045224771 
0.19575 951.04584269 
0.195875 951.046460707 
0.196 951.04707882 
0.196125 951.04769703 
0.19625 951.048315338 
0.196375 951.048933742 
0.1965 951.049552243 
0.196625 951.05017084 
0.19675 951.050789534 
0.196875 951.051408323 
0.197 951.052027209 
0.197125 951.052646191 
0.19725 951.053265269 
0.197375 951.053884443 
0.1975 951.054503712 
0.197625 951.055123076 
0.19775 951.055742536 
0.197875 951.056362091 
0.198 951.056981741 
0.198125 951.057601487 
0.19825 951.058221326 
0.198375 951.058841261 
0.1985 951.05946129 
0.198625 951.060081414 
0.19875 951.060701631 
0.198875 951.061321943 
0.199 951.061942349 
0.199125 951.062562849 
0.19925 951.063183442 
0.199375 951.063804129 
0.1995 951.06442491 
0.199625 951.065045784 
0.19975 951.065666751 
0.199875 951.066287812 
0.2 951.066908965 
0.200125 951.067530211 
0.20025 951.06815155 
0.200375 951.068772981 
0.2005 951.069394505 
0.200625 951.070016121 
0.20075 951.070637829 
0.200875 951.071259629 
0.201 951.071881521 
0.201125 951.072503505 
0.20125 951.073125581 
0.201375 951.073747748 
0.2015 951.074370006 
0.201625 951.074992356 
0.20175 951.075614797 
0.201875 951.076237329 
0.202 951.076859951 
0.202125 951.077482665 
0.20225 951.078105469 
0.202375 951.078728363 
0.2025 951.079351348 
0.202625 951.079974423 
0.20275 951.080597587 
0.202875 951.081220842 
0.203 951.081844187 
0.203125 951.082467621 
0.20325 951.083091145 
0.203375 951.083714758 
0.2035 951.084338461 
0.203625 951.084962253 
0.20375 951.085586133 
0.203875 951.086210103 
0.204 951.086834161 
0.204125 951.087458308 
0.20425 951.088082543 
0.204375 951.088706867 
0.2045 951.089331279 
0.204625 951.089955779 
0.20475 951.090580366 
0.204875 951.091205042 
0.205 951.091829805 
0.205125 951.092454656 
0.20525 951.093079595 
0.205375 951.09370462 
0.2055 951.094329733 
0.205625 951.094954933 
0.20575 951.095580219 
0.205875 951.096205593 
0.206 951.096831052 
0.206125 951.097456599 
0.20625 951.098082232 
0.206375 951.098707951 
0.2065 951.099333756 
0.206625 951.099959647 
0.20675 951.100585624 
0.206875 951.101211686 
0.207 951.101837834 
0.207125 951.102464068 
0.20725 951.103090387 
0.207375 951.103716791 
0.2075 951.104343279 
0.207625 951.104969853 
0.20775 951.105596512 
0.207875 951.106223255 
0.208 951.106850083 
0.208125 951.107476995 
0.20825 951.108103991 
0.208375 951.108731072 
0.2085 951.109358236 
0.208625 951.109985484 
0.20875 951.110612816 
0.208875 951.111240231 
0.209 951.11186773 
0.209125 951.112495312 
0.20925 951.113122977 
0.209375 951.113750726 
0.2095 951.114378557 
0.209625 951.115006471 
0.20975 951.115634467 
0.209875 951.116262546 
0.21 951.116890707 
0.210125 951.117518951 
0.21025 951.118147277 
0.210375 951.118775684 
0.2105 951.119404174 
0.210625 951.120032745 
0.21075 951.120661398 
0.210875 951.121290132 
0.211 951.121918947 
0.211125 951.122547843 
0.21125 951.123176821 
0.211375 951.123805879 
0.2115 951.124435019 
0.211625 951.125064238 
0.21175 951.125693539 
0.211875 951.126322919 
0.212 951.12695238 
0.212125 951.127581921 
0.21225 951.128211542 
0.212375 951.128841242 
0.2125 951.129471023 
0.212625 951.130100883 
0.21275 951.130730822 
0.212875 951.13136084 
0.213 951.131990938 
0.213125 951.132621115 
0.21325 951.13325137 
0.213375 951.133881705 
0.2135 951.134512117 
0.213625 951.135142609 
0.21375 951.135773179 
0.213875 951.136403826 
0.214 951.137034552 
0.214125 951.137665356 
0.21425 951.138296238 
0.214375 951.138927197 
0.2145 951.139558234 
0.214625 951.140189348 
0.21475 951.14082054 
0.214875 951.141451809 
0.215 951.142083154 
0.215125 951.142714577 
0.21525 951.143346076 
0.215375 951.143977652 
0.2155 951.144609304 
0.215625 951.145241032 
0.21575 951.145872837 
0.215875 951.146504718 
0.216 951.147136675 
0.216125 951.147768707 
0.21625 951.148400815 
0.216375 951.149032999 
0.2165 951.149665258 
0.216625 951.150297592 
0.21675 951.150930001 
0.216875 951.151562485 
0.217 951.152195045 
0.217125 951.152827678 
0.21725 951.153460387 
0.217375 951.154093169 
0.2175 951.154726026 
0.217625 951.155358958 
0.21775 951.155991963 
0.217875 951.156625042 
0.218 951.157258195 
0.218125 951.157891421 
0.21825 951.158524721 
0.218375 951.159158095 
0.2185 951.159791541 
0.218625 951.160425061 
0.21875 951.161058653 
0.218875 951.161692318 
0.219 951.162326056 
0.219125 951.162959867 
0.21925 951.16359375 
0.219375 951.164227705 
0.2195 951.164861732 
0.219625 951.165495831 
0.21975 951.166130002 
0.219875 951.166764245 
0.22 951.167398559 
0.220125 951.168032945 
0.22025 951.168667402 
0.220375 951.169301931 
0.2205 951.16993653 
0.220625 951.1705712 
0.22075 951.171205941 
0.220875 951.171840753 
0.221 951.172475635 
0.221125 951.173110587 
0.22125 951.17374561 
0.221375 951.174380702 
0.2215 951.175015865 
0.221625 951.175651098 
0.22175 951.1762864 
0.221875 951.176921771 
0.222 951.177557212 
0.222125 951.178192723 
0.22225 951.178828302 
0.222375 951.179463951 
0.2225 951.180099668 
0.222625 951.180735454 
0.22275 951.181371309 
0.222875 951.182007232 
0.223 951.182643223 
0.223125 951.183279283 
0.22325 951.18391541 
0.223375 951.184551606 
0.2235 951.185187869 
0.223625 951.1858242 
0.22375 951.186460598 
0.223875 951.187097064 
0.224 951.187733596 
0.224125 951.188370196 
0.22425 951.189006863 
0.224375 951.189643597 
0.2245 951.190280397 
0.224625 951.190917264 
0.22475 951.191554198 
0.224875 951.192191197 
0.225 951.192828263 
0.225125 951.193465394 
0.22525 951.194102592 
0.225375 951.194739855 
0.2255 951.195377184 
0.225625 951.196014578 
0.22575 951.196652037 
0.225875 951.197289562 
0.226 951.197927152 
0.226125 951.198564806 
0.22625 951.199202525 
0.226375 951.199840309 
0.2265 951.200478158 
0.226625 951.20111607 
0.22675 951.201754047 
0.226875 951.202392088 
0.227 951.203030193 
0.227125 951.203668362 
0.22725 951.204306594 
0.227375 951.20494489 
0.2275 951.205583249 
0.227625 951.206221671 
0.22775 951.206860157 
0.227875 951.207498705 
0.228 951.208137316 
0.228125 951.20877599 
0.22825 951.209414727 
0.228375 951.210053526 
0.2285 951.210692387 
0.228625 951.21133131 
0.22875 951.211970295 
0.228875 951.212609343 
0.229 951.213248451 
0.229125 951.213887622 
0.22925 951.214526854 
0.229375 951.215166147 
0.2295 951.215805501 
0.229625 951.216444916 
0.22975 951.217084393 
0.229875 951.21772393 
0.23 951.218363527 
0.230125 951.219003185 
0.23025 951.219642904 
0.230375 951.220282682 
0.2305 951.220922521 
0.230625 951.221562419 
0.23075 951.222202378 
0.230875 951.222842396 
0.231 951.223482473 
0.231125 951.22412261 
0.23125 951.224762806 
0.231375 951.225403061 
0.2315 951.226043375 
0.231625 951.226683748 
0.23175 951.22732418 
0.231875 951.22796467 
0.232 951.228605218 
0.232125 951.229245825 
0.23225 951.22988649 
0.232375 951.230527213 
0.2325 951.231167993 
0.232625 951.231808832 
0.23275 951.232449728 
0.232875 951.233090681 
0.233 951.233731692 
0.233125 951.234372759 
0.23325 951.235013884 
0.233375 951.235655066 
0.2335 951.236296304 
0.233625 951.236937599 
0.23375 951.237578951 
0.233875 951.238220358 
0.234 951.238861822 
0.234125 951.239503342 
0.23425 951.240144918 
0.234375 951.240786549 
0.2345 951.241428236 
0.234625 951.242069979 
0.23475 951.242711777 
0.234875 951.24335363 
0.235 951.243995538 
0.235125 951.244637501 
0.23525 951.245279519 
0.235375 951.245921592 
0.2355 951.246563719 
0.235625 951.2472059 
0.23575 951.247848136 
0.235875 951.248490425 
0.236 951.249132769 
0.236125 951.249775166 
0.23625 951.250417617 
0.236375 951.251060122 
0.2365 951.25170268 
0.236625 951.252345291 
0.23675 951.252987955 
0.236875 951.253630672 
0.237 951.254273442 
0.237125 951.254916265 
0.23725 951.25555914 
0.237375 951.256202068 
0.2375 951.256845048 
0.237625 951.25748808 
0.23775 951.258131164 
0.237875 951.2587743 
0.238 951.259417487 
0.238125 951.260060726 
0.23825 951.260704017 
0.238375 951.261347359 
0.2385 951.261990751 
0.238625 951.262634195 
0.23875 951.26327769 
0.238875 951.263921236 
0.239 951.264564832 
0.239125 951.265208478 
0.23925 951.265852175 
0.239375 951.266495922 
0.2395 951.267139719 
0.239625 951.267783565 
0.23975 951.268427462 
0.239875 951.269071408 
0.24 951.269715404 
0.240125 951.270359448 
0.24025 951.271003542 
0.240375 951.271647686 
0.2405 951.272291877 
0.240625 951.272936118 
0.24075 951.273580407 
0.240875 951.274224745 
0.241 951.274869131 
0.241125 951.275513566 
0.24125 951.276158048 
0.241375 951.276802578 
0.2415 951.277447156 
0.241625 951.278091782 
0.24175 951.278736455 
0.241875 951.279381175 
0.242 951.280025943 
0.242125 951.280670757 
0.24225 951.281315619 
0.242375 951.281960527 
0.2425 951.282605482 
0.242625 951.283250483 
0.24275 951.283895531 
0.242875 951.284540625 
0.243 951.285185765 
0.243125 951.285830951 
0.24325 951.286476183 
0.243375 951.28712146 
0.2435 951.287766783 
0.243625 951.288412151 
0.24375 951.289057565 
0.243875 951.289703023 
0.244 951.290348527 
0.244125 951.290994075 
0.24425 951.291639668 
0.244375 951.292285305 
0.2445 951.292930987 
0.244625 951.293576713 
0.24475 951.294222483 
0.244875 951.294868297 
0.245 951.295514155 
0.245125 951.296160056 
0.24525 951.296806001 
0.245375 951.29745199 
0.2455 951.298098021 
0.245625 951.298744096 
0.24575 951.299390214 
0.245875 951.300036374 
0.246 951.300682577 
0.246125 951.301328823 
0.24625 951.301975111 
0.246375 951.302621441 
0.2465 951.303267813 
0.246625 951.303914227 
0.24675 951.304560684 
0.246875 951.305207181 
0.247 951.305853721 
0.247125 951.306500301 
0.24725 951.307146923 
0.247375 951.307793586 
0.2475 951.30844029 
0.247625 951.309087035 
0.24775 951.30973382 
0.247875 951.310380646 
0.248 951.311027513 
0.248125 951.311674419 
0.24825 951.312321366 
0.248375 951.312968352 
0.2485 951.313615379 
0.248625 951.314262445 
0.24875 951.314909551 
0.248875 951.315556696 
0.249 951.31620388 
0.249125 951.316851104 
0.24925 951.317498366 
0.249375 951.318145667 
0.2495 951.318793007 
0.249625 951.319440385 
0.24975 951.320087802 
0.249875 951.320735257 
0.25 951.32138275 
0.250125 951.322030281 
0.25025 951.32267785 
0.250375 951.323325457 
0.2505 951.323973101 
0.250625 951.324620783 
0.25075 951.325268501 
0.250875 951.325916257 
0.251 951.32656405 
0.251125 951.32721188 
0.25125 951.327859746 
0.251375 951.328507649 
0.2515 951.329155588 
0.251625 951.329803564 
0.25175 951.330451575 
0.251875 951.331099623 
0.252 951.331747706 
0.252125 951.332395825 
0.25225 951.33304398 
0.252375 951.333692169 
0.2525 951.334340395 
0.252625 951.334988655 
0.25275 951.33563695 
0.252875 951.33628528 
0.253 951.336933645 
0.253125 951.337582044 
0.25325 951.338230478 
0.253375 951.338878946 
0.2535 951.339527447 
0.253625 951.340175983 
0.25375 951.340824553 
0.253875 951.341473156 
0.254 951.342121793 
0.254125 951.342770464 
0.25425 951.343419167 
0.254375 951.344067904 
0.2545 951.344716673 
0.254625 951.345365475 
0.25475 951.34601431 
0.254875 951.346663178 
0.255 951.347312078 
0.255125 951.34796101 
0.25525 951.348609974 
0.255375 951.34925897 
0.2555 951.349907998 
0.255625 951.350557057 
0.25575 951.351206148 
0.255875 951.351855271 
0.256 951.352504424 
0.256125 951.353153609 
0.25625 951.353802825 
0.256375 951.354452071 
0.2565 951.355101348 
0.256625 951.355750656 
0.25675 951.356399994 
0.256875 951.357049362 
0.257 951.35769876 
0.257125 951.358348188 
0.25725 951.358997646 
0.257375 951.359647133 
0.2575 951.36029665 
0.257625 951.360946196 
0.25775 951.361595772 
0.257875 951.362245376 
0.258 951.36289501 
0.258125 951.363544672 
0.25825 951.364194363 
0.258375 951.364844082 
0.2585 951.36549383 
0.258625 951.366143606 
0.25875 951.366793409 
0.258875 951.367443241 
0.259 951.368093101 
0.259125 951.368742988 
0.25925 951.369392902 
0.259375 951.370042844 
0.2595 951.370692813 
0.259625 951.371342809 
0.25975 951.371992832 
0.259875 951.372642882 
0.26 951.373292958 
0.260125 951.373943061 
0.26025 951.37459319 
0.260375 951.375243345 
0.2605 951.375893527 
0.260625 951.376543734 
0.26075 951.377193967 
0.260875 951.377844225 
0.261 951.378494509 
0.261125 951.379144818 
0.26125 951.379795152 
0.261375 951.380445512 
0.2615 951.381095896 
0.261625 951.381746304 
0.26175 951.382396738 
0.261875 951.383047196 
0.262 951.383697678 
0.262125 951.384348184 
0.26225 951.384998714 
0.262375 951.385649268 
0.2625 951.386299846 
0.262625 951.386950447 
0.26275 951.387601072 
0.262875 951.38825172 
0.263 951.388902391 
0.263125 951.389553085 
0.26325 951.390203802 
0.263375 951.390854541 
0.2635 951.391505303 
0.263625 951.392156088 
0.26375 951.392806894 
0.263875 951.393457723 
0.264 951.394108574 
0.264125 951.394759446 
0.26425 951.39541034 
0.264375 951.396061256 
0.2645 951.396712193 
0.264625 951.397363151 
0.26475 951.398014131 
0.264875 951.398665131 
0.265 951.399316152 
0.265125 951.399967194 
0.26525 951.400618256 
0.265375 951.401269338 
0.2655 951.401920441 
0.265625 951.402571564 
0.26575 951.403222706 
0.265875 951.403873869 
0.266 951.404525051 
0.266125 951.405176252 
0.26625 951.405827473 
0.266375 951.406478713 
0.2665 951.407129972 
0.266625 951.40778125 
0.26675 951.408432547 
0.266875 951.409083862 
0.267 951.409735196 
0.267125 951.410386548 
0.26725 951.411037918 
0.267375 951.411689306 
0.2675 951.412340712 
0.267625 951.412992136 
0.26775 951.413643578 
0.267875 951.414295036 
0.268 951.414946512 
0.268125 951.415598006 
0.26825 951.416249516 
0.268375 951.416901043 
0.2685 951.417552587 
0.268625 951.418204147 
0.26875 951.418855724 
0.268875 951.419507317 
0.269 951.420158926 
0.269125 951.420810551 
0.26925 951.421462191 
0.269375 951.422113848 
0.2695 951.42276552 
0.269625 951.423417207 
0.26975 951.42406891 
0.269875 951.424720628 
0.27 951.42537236 
0.270125 951.426024108 
0.27025 951.42667587 
0.270375 951.427327647 
0.2705 951.427979438 
0.270625 951.428631243 
0.27075 951.429283062 
0.270875 951.429934895 
0.271 951.430586742 
0.271125 951.431238603 
0.27125 951.431890477 
0.271375 951.432542364 
0.2715 951.433194264 
0.271625 951.433846178 
0.27175 951.434498104 
0.271875 951.435150044 
0.272 951.435801995 
0.272125 951.43645396 
0.27225 951.437105936 
0.272375 951.437757925 
0.2725 951.438409925 
0.272625 951.439061938 
0.27275 951.439713962 
0.272875 951.440365998 
0.273 951.441018045 
0.273125 951.441670104 
0.27325 951.442322174 
0.273375 951.442974254 
0.2735 951.443626346 
0.273625 951.444278448 
0.27375 951.44493056 
0.273875 951.445582684 
0.274 951.446234817 
0.274125 951.44688696 
0.27425 951.447539114 
0.274375 951.448191277 
0.2745 951.44884345 
0.274625 951.449495632 
0.27475 951.450147824 
0.274875 951.450800025 
0.275 951.451452235 
0.275125 951.452104453 
0.27525 951.452756681 
0.275375 951.453408917 
0.2755 951.454061162 
0.275625 951.454713415 
0.27575 951.455365677 
0.275875 951.456017946 
0.276 951.456670223 
0.276125 951.457322508 
0.27625 951.457974801 
0.276375 951.458627101 
0.2765 951.459279408 
0.276625 951.459931723 
0.27675 951.460584044 
0.276875 951.461236372 
0.277 951.461888707 
0.277125 951.462541049 
0.27725 951.463193397 
0.277375 951.463845751 
0.2775 951.464498112 
0.277625 951.465150478 
0.27775 951.46580285 
0.277875 951.466455228 
0.278 951.467107612 
0.278125 951.467760001 
0.27825 951.468412395 
0.278375 951.469064794 
0.2785 951.469717198 
0.278625 951.470369607 
0.27875 951.47102202 
0.278875 951.471674438 
0.279 951.472326861 
0.279125 951.472979287 
0.27925 951.473631718 
0.279375 951.474284153 
0.2795 951.474936591 
0.279625 951.475589033 
0.27975 951.476241478 
0.279875 951.476893927 
0.28 951.477546379 
0.280125 951.478198834 
0.28025 951.478851292 
0.280375 951.479503752 
0.2805 951.480156215 
0.280625 951.480808681 
0.28075 951.481461148 
0.280875 951.482113618 
0.281 951.48276609 
0.281125 951.483418564 
0.28125 951.48407104 
0.281375 951.484723517 
0.2815 951.485375995 
0.281625 951.486028475 
0.28175 951.486680956 
0.281875 951.487333437 
0.282 951.48798592 
0.282125 951.488638403 
0.28225 951.489290887 
0.282375 951.489943371 
0.2825 951.490595855 
0.282625 951.491248339 
0.28275 951.491900824 
0.282875 951.492553308 
0.283 951.493205791 
0.283125 951.493858274 
0.28325 951.494510757 
0.283375 951.495163239 
0.2835 951.495815719 
0.283625 951.496468199 
0.28375 951.497120677 
0.283875 951.497773154 
0.284 951.498425629 
0.284125 951.499078103 
0.28425 951.499730574 
0.284375 951.500383044 
0.2845 951.501035512 
0.284625 951.501687977 
0.28475 951.50234044 
0.284875 951.5029929 
0.285 951.503645358 
0.285125 951.504297812 
0.28525 951.504950264 
0.285375 951.505602712 
0.2855 951.506255157 
0.285625 951.506907599 
0.28575 951.507560036 
0.285875 951.50821247 
0.286 951.508864901 
0.286125 951.509517327 
0.28625 951.510169749 
0.286375 951.510822166 
0.2865 951.511474579 
0.286625 951.512126987 
0.28675 951.512779391 
0.286875 951.513431789 
0.287 951.514084183 
0.287125 951.514736571 
0.28725 951.515388953 
0.287375 951.51604133 
0.2875 951.516693702 
0.287625 951.517346067 
0.28775 951.517998427 
0.287875 951.51865078 
0.288 951.519303127 
0.288125 951.519955468 
0.28825 951.520607802 
0.288375 951.521260129 
0.2885 951.521912449 
0.288625 951.522564763 
0.28875 951.523217069 
0.288875 951.523869368 
0.289 951.524521659 
0.289125 951.525173942 
0.28925 951.525826218 
0.289375 951.526478486 
0.2895 951.527130746 
0.289625 951.527782997 
0.28975 951.528435241 
0.289875 951.529087475 
0.29 951.529739701 
0.290125 951.530391918 
0.29025 951.531044126 
0.290375 951.531696325 
0.2905 951.532348515 
0.290625 951.533000695 
0.29075 951.533652866 
0.290875 951.534305027 
0.291 951.534957178 
0.291125 951.535609319 
0.29125 951.53626145 
0.291375 951.536913571 
0.2915 951.537565681 
0.291625 951.538217781 
0.29175 951.538869869 
0.291875 951.539521947 
0.292 951.540174014 
0.292125 951.54082607 
0.29225 951.541478114 
0.292375 951.542130147 
0.2925 951.542782168 
0.292625 951.543434177 
0.29275 951.544086174 
0.292875 951.54473816 
0.293 951.545390133 
0.293125 951.546042093 
0.29325 951.546694041 
0.293375 951.547345976 
0.2935 951.547997899 
0.293625 951.548649808 
0.29375 951.549301705 
0.293875 951.549953588 
0.294 951.550605457 
0.294125 951.551257313 
0.29425 951.551909156 
0.294375 951.552560984 
0.2945 951.553212798 
0.294625 951.553864598 
0.29475 951.554516384 
0.294875 951.555168156 
0.295 951.555819912 
0.295125 951.556471654 
0.29525 951.557123381 
0.295375 951.557775093 
0.2955 951.55842679 
0.295625 951.559078471 
0.29575 951.559730137 
0.295875 951.560381787 
0.296 951.561033421 
0.296125 951.56168504 
0.29625 951.562336642 
0.296375 951.562988228 
0.2965 951.563639797 
0.296625 951.56429135 
0.29675 951.564942886 
0.296875 951.565594406 
0.297 951.566245908 
0.297125 951.566897393 
0.29725 951.567548861 
0.297375 951.568200312 
0.2975 951.568851744 
0.297625 951.569503159 
0.29775 951.570154557 
0.297875 951.570805936 
0.298 951.571457296 
0.298125 951.572108639 
0.29825 951.572759963 
0.298375 951.573411268 
0.2985 951.574062555 
0.298625 951.574713822 
0.29875 951.575365071 
0.298875 951.5760163 
0.299 951.57666751 
0.299125 951.5773187 
0.29925 951.577969871 
0.299375 951.578621022 
0.2995 951.579272152 
0.299625 951.579923263 
0.29975 951.580574353 
0.299875 951.581225423 
0.3 951.581876473 
0.300125 951.582527501 
0.30025 951.583178509 
0.300375 951.583829495 
0.3005 951.584480461 
0.300625 951.585131405 
0.30075 951.585782328 
0.300875 951.586433229 
0.301 951.587084108 
0.301125 951.587734965 
0.30125 951.5883858 
0.301375 951.589036613 
0.3015 951.589687404 
0.301625 951.590338172 
0.30175 951.590988917 
0.301875 951.59163964 
0.302 951.592290339 
0.302125 951.592941016 
0.30225 951.593591669 
0.302375 951.594242299 
0.3025 951.594892905 
0.302625 951.595543487 
0.30275 951.596194046 
0.302875 951.596844581 
0.303 951.597495091 
0.303125 951.598145577 
0.30325 951.598796039 
0.303375 951.599446476 
0.3035 951.600096888 
0.303625 951.600747275 
0.30375 951.601397637 
0.303875 951.602047975 
0.304 951.602698286 
0.304125 951.603348572 
0.30425 951.603998833 
0.304375 951.604649068 
0.3045 951.605299276 
0.304625 951.605949459 
0.30475 951.606599615 
0.304875 951.607249745 
0.305 951.607899849 
0.305125 951.608549926 
0.30525 951.609199975 
0.305375 951.609849998 
0.3055 951.610499994 
0.305625 951.611149962 
0.30575 951.611799903 
0.305875 951.612449817 
0.306 951.613099702 
0.306125 951.61374956 
0.30625 951.61439939 
0.306375 951.615049191 
0.3065 951.615698965 
0.306625 951.616348709 
0.30675 951.616998425 
0.306875 951.617648112 
0.307 951.618297771 
0.307125 951.6189474 
0.30725 951.619597 
0.307375 951.62024657 
0.3075 951.620896111 
0.307625 951.621545623 
0.30775 951.622195104 
0.307875 951.622844556 
0.308 951.623493977 
0.308125 951.624143368 
0.30825 951.624792729 
0.308375 951.625442059 
0.3085 951.626091359 
0.308625 951.626740627 
0.30875 951.627389864 
0.308875 951.628039071 
0.309 951.628688246 
0.309125 951.629337389 
0.30925 951.629986501 
0.309375 951.630635581 
0.3095 951.631284629 
0.309625 951.631933645 
0.30975 951.632582629 
0.309875 951.633231581 
0.31 951.6338805 
0.310125 951.634529386 
0.31025 951.63517824 
0.310375 951.63582706 
0.3105 951.636475848 
0.310625 951.637124602 
0.31075 951.637773323 
0.310875 951.63842201 
0.311 951.639070663 
0.311125 951.639719283 
0.31125 951.640367868 
0.311375 951.64101642 
0.3115 951.641664937 
0.311625 951.64231342 
0.31175 951.642961868 
0.311875 951.643610281 
0.312 951.64425866 
0.312125 951.644907003 
0.31225 951.645555311 
0.312375 951.646203584 
0.3125 951.646851821 
0.312625 951.647500023 
0.31275 951.648148189 
0.312875 951.648796319 
0.313 951.649444413 
0.313125 951.65009247 
0.31325 951.650740491 
0.313375 951.651388476 
0.3135 951.652036424 
0.313625 951.652684335 
0.31375 951.653332209 
0.313875 951.653980046 
0.314 951.654627846 
0.314125 951.655275608 
0.31425 951.655923333 
0.314375 951.65657102 
0.3145 951.657218669 
0.314625 951.65786628 
0.31475 951.658513853 
0.314875 951.659161387 
0.315 951.659808883 
0.315125 951.660456341 
0.31525 951.661103759 
0.315375 951.661751139 
0.3155 951.66239848 
0.315625 951.663045781 
0.31575 951.663693043 
0.315875 951.664340266 
0.316 951.664987448 
0.316125 951.665634591 
0.31625 951.666281695 
0.316375 951.666928757 
0.3165 951.66757578 
0.316625 951.668222762 
0.31675 951.668869704 
0.316875 951.669516605 
0.317 951.670163465 
0.317125 951.670810284 
0.31725 951.671457062 
0.317375 951.672103799 
0.3175 951.672750494 
0.317625 951.673397148 
0.31775 951.674043759 
0.317875 951.674690329 
0.318 951.675336857 
0.318125 951.675983343 
0.31825 951.676629786 
0.318375 951.677276187 
0.3185 951.677922545 
0.318625 951.678568861 
0.31875 951.679215133 
0.318875 951.679861362 
0.319 951.680507548 
0.319125 951.681153691 
0.31925 951.68179979 
0.319375 951.682445846 
0.3195 951.683091857 
0.319625 951.683737825 
0.31975 951.684383748 
0.319875 951.685029628 
0.32 951.685675462 
0.320125 951.686321253 
0.32025 951.686966998 
0.320375 951.687612699 
0.3205 951.688258354 
0.320625 951.688903965 
0.32075 951.68954953 
0.320875 951.690195049 
0.321 951.690840523 
0.321125 951.691485951 
0.32125 951.692131334 
0.321375 951.69277667 
0.3215 951.69342196 
0.321625 951.694067204 
0.32175 951.694712401 
0.321875 951.695357551 
0.322 951.696002655 
0.322125 951.696647711 
0.32225 951.697292721 
0.322375 951.697937683 
0.3225 951.698582598 
0.322625 951.699227466 
0.32275 951.699872285 
0.322875 951.700517057 
0.323 951.701161781 
0.323125 951.701806456 
0.32325 951.702451084 
0.323375 951.703095663 
0.3235 951.703740193 
0.323625 951.704384675 
0.32375 951.705029107 
0.323875 951.705673491 
0.324 951.706317825 
0.324125 951.706962111 
0.32425 951.707606346 
0.324375 951.708250532 
0.3245 951.708894668 
0.324625 951.709538755 
0.32475 951.710182791 
0.324875 951.710826777 
0.325 951.711470712 
0.325125 951.712114598 
0.32525 951.712758432 
0.325375 951.713402216 
0.3255 951.714045948 
0.325625 951.71468963 
0.32575 951.71533326 
0.325875 951.715976839 
0.326 951.716620366 
0.326125 951.717263842 
0.32625 951.717907265 
0.326375 951.718550637 
0.3265 951.719193957 
0.326625 951.719837224 
0.32675 951.720480439 
0.326875 951.721123601 
0.327 951.72176671 
0.327125 951.722409767 
0.32725 951.72305277 
0.327375 951.723695721 
0.3275 951.724338618 
0.327625 951.724981461 
0.32775 951.725624251 
0.327875 951.726266987 
0.328 951.726909669 
0.328125 951.727552297 
0.32825 951.728194871 
0.328375 951.728837391 
0.3285 951.729479856 
0.328625 951.730122266 
0.32875 951.730764621 
0.328875 951.731406922 
0.329 951.732049167 
0.329125 951.732691357 
0.32925 951.733333492 
0.329375 951.733975571 
0.3295 951.734617595 
0.329625 951.735259562 
0.32975 951.735901474 
0.329875 951.736543329 
0.33 951.737185128 
0.330125 951.737826871 
0.33025 951.738468557 
0.330375 951.739110186 
0.3305 951.739751759 
0.330625 951.740393274 
0.33075 951.741034732 
0.330875 951.741676133 
0.331 951.742317476 
0.331125 951.742958762 
0.33125 951.74359999 
0.331375 951.74424116 
0.3315 951.744882272 
0.331625 951.745523326 
0.33175 951.746164321 
0.331875 951.746805258 
0.332 951.747446136 
0.332125 951.748086956 
0.33225 951.748727716 
0.332375 951.749368418 
0.3325 951.75000906 
0.332625 951.750649642 
0.33275 951.751290165 
0.332875 951.751930629 
0.333 951.752571032 
0.333125 951.753211376 
0.33325 951.753851659 
0.333375 951.754491882 
0.3335 951.755132045 
0.333625 951.755772147 
0.33375 951.756412189 
0.333875 951.757052169 
0.334 951.757692089 
0.334125 951.758331947 
0.33425 951.758971744 
0.334375 951.759611479 
0.3345 951.760251153 
0.334625 951.760890766 
0.33475 951.761530316 
0.334875 951.762169804 
0.335 951.76280923 
0.335125 951.763448594 
0.33525 951.764087895 
0.335375 951.764727133 
0.3355 951.765366309 
0.335625 951.766005421 
0.33575 951.766644471 
0.335875 951.767283458 
0.336 951.767922381 
0.336125 951.76856124 
0.33625 951.769200036 
0.336375 951.769838768 
0.3365 951.770477436 
0.336625 951.77111604 
0.33675 951.771754579 
0.336875 951.772393055 
0.337 951.773031465 
0.337125 951.773669811 
0.33725 951.774308092 
0.337375 951.774946308 
0.3375 951.775584459 
0.337625 951.776222545 
0.33775 951.776860565 
0.337875 951.77749852 
0.338 951.778136409 
0.338125 951.778774232 
0.33825 951.779411989 
0.338375 951.780049679 
0.3385 951.780687304 
0.338625 951.781324862 
0.33875 951.781962353 
0.338875 951.782599778 
0.339 951.783237136 
0.339125 951.783874426 
0.33925 951.78451165 
0.339375 951.785148806 
0.3395 951.785785894 
0.339625 951.786422915 
0.33975 951.787059868 
0.339875 951.787696754 
0.34 951.788333571 
0.340125 951.78897032 
0.34025 951.789607 
0.340375 951.790243612 
0.3405 951.790880155 
0.340625 951.79151663 
0.34075 951.792153035 
0.340875 951.792789372 
0.341 951.793425639 
0.341125 951.794061837 
0.34125 951.794697965 
0.341375 951.795334023 
0.3415 951.795970012 
0.341625 951.796605931 
0.34175 951.797241779 
0.341875 951.797877557 
0.342 951.798513265 
0.342125 951.799148902 
0.34225 951.799784469 
0.342375 951.800419964 
0.3425 951.801055389 
0.342625 951.801690743 
0.34275 951.802326025 
0.342875 951.802961235 
0.343 951.803596374 
0.343125 951.804231442 
0.34325 951.804866437 
0.343375 951.805501361 
0.3435 951.806136212 
0.343625 951.806770991 
0.34375 951.807405697 
0.343875 951.808040331 
0.344 951.808674892 
0.344125 951.80930938 
0.34425 951.809943795 
0.344375 951.810578137 
0.3445 951.811212405 
0.344625 951.8118466 
0.34475 951.812480722 
0.344875 951.813114769 
0.345 951.813748743 
0.345125 951.814382642 
0.34525 951.815016468 
0.345375 951.815650219 
0.3455 951.816283895 
0.345625 951.816917497 
0.34575 951.817551024 
0.345875 951.818184476 
0.346 951.818817852 
0.346125 951.819451154 
0.34625 951.82008438 
0.346375 951.820717531 
0.3465 951.821350606 
0.346625 951.821983605 
0.34675 951.822616528 
0.346875 951.823249375 
0.347 951.823882146 
0.347125 951.82451484 
0.34725 951.825147458 
0.347375 951.825779999 
0.3475 951.826412463 
0.347625 951.827044851 
0.34775 951.827677161 
0.347875 951.828309394 
0.348 951.828941549 
0.348125 951.829573627 
0.34825 951.830205627 
0.348375 951.830837549 
0.3485 951.831469393 
0.348625 951.832101159 
0.34875 951.832732847 
0.348875 951.833364456 
0.349 951.833995987 
0.349125 951.834627439 
0.34925 951.835258812 
0.349375 951.835890106 
0.3495 951.83652132 
0.349625 951.837152456 
0.34975 951.837783512 
0.349875 951.838414488 
0.35 951.839045385 
0.350125 951.839676202 
0.35025 951.840306939 
0.350375 951.840937595 
0.3505 951.841568171 
0.350625 951.842198667 
0.35075 951.842829082 
0.350875 951.843459416 
0.351 951.84408967 
0.351125 951.844719842 
0.35125 951.845349933 
0.351375 951.845979943 
0.3515 951.846609871 
0.351625 951.847239718 
0.35175 951.847869483 
0.351875 951.848499166 
0.352 951.849128766 
0.352125 951.849758285 
0.35225 951.850387721 
0.352375 951.851017075 
0.3525 951.851646346 
0.352625 951.852275534 
0.35275 951.85290464 
0.352875 951.853533662 
0.353 951.854162601 
0.353125 951.854791457 
0.35325 951.855420229 
0.353375 951.856048917 
0.3535 951.856677522 
0.353625 951.857306043 
0.35375 951.857934479 
0.353875 951.858562832 
0.354 951.8591911 
0.354125 951.859819283 
0.35425 951.860447382 
0.354375 951.861075396 
0.3545 951.861703325 
0.354625 951.862331169 
0.35475 951.862958927 
0.354875 951.8635866 
0.355 951.864214188 
0.355125 951.86484169 
0.35525 951.865469106 
0.355375 951.866096437 
0.3555 951.866723681 
0.355625 951.867350838 
0.35575 951.86797791 
0.355875 951.868604895 
0.356 951.869231793 
0.356125 951.869858604 
0.35625 951.870485329 
0.356375 951.871111966 
0.3565 951.871738516 
0.356625 951.872364978 
0.35675 951.872991354 
0.356875 951.873617641 
0.357 951.87424384 
0.357125 951.874869952 
0.35725 951.875495975 
0.357375 951.87612191 
0.3575 951.876747757 
0.357625 951.877373515 
0.35775 951.877999184 
0.357875 951.878624765 
0.358 951.879250257 
0.358125 951.879875659 
0.35825 951.880500972 
0.358375 951.881126196 
0.3585 951.88175133 
0.358625 951.882376375 
0.35875 951.883001329 
0.358875 951.883626194 
0.359 951.884250968 
0.359125 951.884875653 
0.35925 951.885500246 
0.359375 951.88612475 
0.3595 951.886749162 
0.359625 951.887373484 
0.35975 951.887997714 
0.359875 951.888621854 
0.36 951.889245902 
0.360125 951.889869859 
0.36025 951.890493724 
0.360375 951.891117498 
0.3605 951.89174118 
0.360625 951.892364769 
0.36075 951.892988267 
0.360875 951.893611672 
0.361 951.894234985 
0.361125 951.894858205 
0.36125 951.895481333 
0.361375 951.896104368 
0.3615 951.896727309 
0.361625 951.897350158 
0.36175 951.897972913 
0.361875 951.898595575 
0.362 951.899218143 
0.362125 951.899840618 
0.36225 951.900462999 
0.362375 951.901085286 
0.3625 951.901707478 
0.362625 951.902329577 
0.36275 951.902951581 
0.362875 951.90357349 
0.363 951.904195305 
0.363125 951.904817024 
0.36325 951.905438649 
0.363375 951.906060179 
0.3635 951.906681613 
0.363625 951.907302952 
0.36375 951.907924196 
0.363875 951.908545344 
0.364 951.909166395 
0.364125 951.909787351 
0.36425 951.910408211 
0.364375 951.911028975 
0.3645 951.911649642 
0.364625 951.912270212 
0.36475 951.912890686 
0.364875 951.913511063 
0.365 951.914131343 
0.365125 951.914751526 
0.36525 951.915371612 
0.365375 951.9159916 
0.3655 951.916611491 
0.365625 951.917231284 
0.36575 951.917850979 
0.365875 951.918470577 
0.366 951.919090076 
0.366125 951.919709477 
0.36625 951.920328779 
0.366375 951.920947983 
0.3665 951.921567088 
0.366625 951.922186095 
0.36675 951.922805002 
0.366875 951.923423811 
0.367 951.92404252 
0.367125 951.924661129 
0.36725 951.92527964 
0.367375 951.92589805 
0.3675 951.926516361 
0.367625 951.927134572 
0.36775 951.927752683 
0.367875 951.928370693 
0.368 951.928988603 
0.368125 951.929606413 
0.36825 951.930224122 
0.368375 951.93084173 
0.3685 951.931459237 
0.368625 951.932076643 
0.36875 951.932693948 
0.368875 951.933311152 
0.369 951.933928254 
0.369125 951.934545254 
0.36925 951.935162153 
0.369375 951.93577895 
0.3695 951.936395644 
0.369625 951.937012237 
0.36975 951.937628727 
0.369875 951.938245115 
0.37 951.9388614 
0.370125 951.939477582 
0.37025 951.940093661 
0.370375 951.940709637 
0.3705 951.94132551 
0.370625 951.94194128 
0.37075 951.942556947 
0.370875 951.943172509 
0.371 951.943787968 
0.371125 951.944403323 
0.37125 951.945018574 
0.371375 951.945633721 
0.3715 951.946248764 
0.371625 951.946863702 
0.37175 951.947478535 
0.371875 951.948093264 
0.372 951.948707888 
0.372125 951.949322407 
0.37225 951.949936821 
0.372375 951.950551129 
0.3725 951.951165332 
0.372625 951.951779429 
0.37275 951.952393421 
0.372875 951.953007307 
0.373 951.953621087 
0.373125 951.954234761 
0.37325 951.954848328 
0.373375 951.955461789 
0.3735 951.956075144 
0.373625 951.956688392 
0.37375 951.957301533 
0.373875 951.957914567 
0.374 951.958527494 
0.374125 951.959140314 
0.37425 951.959753026 
0.374375 951.960365631 
0.3745 951.960978128 
0.374625 951.961590517 
0.37475 951.962202799 
0.374875 951.962814972 
0.375 951.963427037 
0.375125 951.964038994 
0.37525 951.964650842 
0.375375 951.965262582 
0.3755 951.965874213 
0.375625 951.966485734 
0.37575 951.967097147 
0.375875 951.967708451 
0.376 951.968319645 
0.376125 951.96893073 
0.37625 951.969541705 
0.376375 951.970152571 
0.3765 951.970763327 
0.376625 951.971373972 
0.37675 951.971984508 
0.376875 951.972594933 
0.377 951.973205247 
0.377125 951.973815451 
0.37725 951.974425545 
0.377375 951.975035527 
0.3775 951.975645399 
0.377625 951.976255159 
0.37775 951.976864808 
0.377875 951.977474346 
0.378 951.978083772 
0.378125 951.978693087 
0.37825 951.979302289 
0.378375 951.97991138 
0.3785 951.980520359 
0.378625 951.981129225 
0.37875 951.981737979 
0.378875 951.98234662 
0.379 951.982955149 
0.379125 951.983563565 
0.37925 951.984171868 
0.379375 951.984780058 
0.3795 951.985388135 
0.379625 951.985996098 
0.37975 951.986603948 
0.379875 951.987211684 
0.38 951.987819307 
0.380125 951.988426816 
0.38025 951.98903421 
0.380375 951.989641491 
0.3805 951.990248657 
0.380625 951.990855709 
0.38075 951.991462646 
0.380875 951.992069468 
0.381 951.992676176 
0.381125 951.993282768 
0.38125 951.993889246 
0.381375 951.994495608 
0.3815 951.995101855 
0.381625 951.995707986 
0.38175 951.996314001 
0.381875 951.996919901 
0.382 951.997525685 
0.382125 951.998131352 
0.38225 951.998736904 
0.382375 951.999342339 
0.3825 951.999947657 
0.382625 952.000552859 
0.38275 952.001157944 
0.382875 952.001762912 
0.383 952.002367764 
0.383125 952.002972497 
0.38325 952.003577114 
0.383375 952.004181613 
0.3835 952.004785995 
0.383625 952.005390259 
0.38375 952.005994405 
0.383875 952.006598433 
0.384 952.007202342 
0.384125 952.007806134 
0.38425 952.008409807 
0.384375 952.009013361 
0.3845 952.009616797 
0.384625 952.010220114 
0.38475 952.010823312 
0.384875 952.011426391 
0.385 952.012029351 
0.385125 952.012632191 
0.38525 952.013234912 
0.385375 952.013837513 
0.3855 952.014439995 
0.385625 952.015042356 
0.38575 952.015644598 
0.385875 952.016246719 
0.386 952.01684872 
0.386125 952.0174506 
0.38625 952.01805236 
0.386375 952.018653999 
0.3865 952.019255518 
0.386625 952.019856915 
0.38675 952.020458191 
0.386875 952.021059346 
0.387 952.021660379 
0.387125 952.022261291 
0.38725 952.022862081 
0.387375 952.02346275 
0.3875 952.024063296 
0.387625 952.024663721 
0.38775 952.025264023 
0.387875 952.025864203 
0.388 952.02646426 
0.388125 952.027064195 
0.38825 952.027664007 
0.388375 952.028263696 
0.3885 952.028863262 
0.388625 952.029462704 
0.38875 952.030062024 
0.388875 952.03066122 
0.389 952.031260292 
0.389125 952.031859241 
0.38925 952.032458066 
0.389375 952.033056767 
0.3895 952.033655344 
0.389625 952.034253797 
0.38975 952.034852125 
0.389875 952.035450328 
0.39 952.036048408 
0.390125 952.036646362 
0.39025 952.037244191 
0.390375 952.037841895 
0.3905 952.038439475 
0.390625 952.039036928 
0.39075 952.039634257 
0.390875 952.040231459 
0.391 952.040828536 
0.391125 952.041425488 
0.39125 952.042022313 
0.391375 952.042619012 
0.3915 952.043215585 
0.391625 952.043812031 
0.39175 952.044408351 
0.391875 952.045004544 
0.392 952.04560061 
0.392125 952.04619655 
0.39225 952.046792362 
0.392375 952.047388048 
0.3925 952.047983605 
0.392625 952.048579036 
0.39275 952.049174339 
0.392875 952.049769514 
0.393 952.050364561 
0.393125 952.05095948 
0.39325 952.051554271 
0.393375 952.052148934 
0.3935 952.052743468 
0.393625 952.053337874 
0.39375 952.053932151 
0.393875 952.0545263 
0.394 952.055120319 
0.394125 952.05571421 
0.39425 952.056307971 
0.394375 952.056901603 
0.3945 952.057495105 
0.394625 952.058088478 
0.39475 952.058681721 
0.394875 952.059274834 
0.395 952.059867818 
0.395125 952.060460671 
0.39525 952.061053394 
0.395375 952.061645986 
0.3955 952.062238448 
0.395625 952.062830779 
0.39575 952.06342298 
0.395875 952.064015049 
0.396 952.064606988 
0.396125 952.065198795 
0.39625 952.065790471 
0.396375 952.066382015 
0.3965 952.066973428 
0.396625 952.06756471 
0.39675 952.068155859 
0.396875 952.068746876 
0.397 952.069337762 
0.397125 952.069928515 
0.39725 952.070519135 
0.397375 952.071109623 
0.3975 952.071699979 
0.397625 952.072290202 
0.39775 952.072880291 
0.397875 952.073470248 
0.398 952.074060072 
0.398125 952.074649762 
0.39825 952.075239319 
0.398375 952.075828742 
0.3985 952.076418032 
0.398625 952.077007188 
0.39875 952.077596209 
0.398875 952.078185097 
0.399 952.078773851 
0.399125 952.07936247 
0.39925 952.079950954 
0.399375 952.080539305 
0.3995 952.08112752 
0.399625 952.0817156 
0.39975 952.082303546 
0.399875 952.082891356 
0.4 952.083479031 
0.400125 952.084066571 
0.40025 952.084653975 
0.400375 952.085241243 
0.4005 952.085828376 
0.400625 952.086415372 
0.40075 952.087002233 
0.400875 952.087588957 
0.401 952.088175546 
0.401125 952.088761997 
0.40125 952.089348312 
0.401375 952.089934491 
0.4015 952.090520532 
0.401625 952.091106437 
0.40175 952.091692204 
0.401875 952.092277835 
0.402 952.092863328 
0.402125 952.093448683 
0.40225 952.094033901 
0.402375 952.094618981 
0.4025 952.095203923 
0.402625 952.095788727 
0.40275 952.096373393 
0.402875 952.096957921 
0.403 952.09754231 
0.403125 952.098126561 
0.40325 952.098710673 
0.403375 952.099294647 
0.4035 952.099878481 
0.403625 952.100462176 
0.40375 952.101045733 
0.403875 952.101629149 
0.404 952.102212427 
0.404125 952.102795565 
0.40425 952.103378563 
0.404375 952.103961421 
0.4045 952.10454414 
0.404625 952.105126718 
0.40475 952.105709156 
0.404875 952.106291454 
0.405 952.106873611 
0.405125 952.107455628 
0.40525 952.108037504 
0.405375 952.108619239 
0.4055 952.109200833 
0.405625 952.109782286 
0.40575 952.110363598 
0.405875 952.110944769 
0.406 952.111525798 
0.406125 952.112106685 
0.40625 952.11268743 
0.406375 952.113268034 
0.4065 952.113848496 
0.406625 952.114428815 
0.40675 952.115008992 
0.406875 952.115589027 
0.407 952.116168919 
0.407125 952.116748669 
0.40725 952.117328276 
0.407375 952.11790774 
0.4075 952.118487061 
0.407625 952.119066238 
0.40775 952.119645273 
0.407875 952.120224164 
0.408 952.120802911 
0.408125 952.121381515 
0.40825 952.121959975 
0.408375 952.122538291 
0.4085 952.123116463 
0.408625 952.123694491 
0.40875 952.124272374 
0.408875 952.124850113 
0.409 952.125427707 
0.409125 952.126005157 
0.40925 952.126582462 
0.409375 952.127159622 
0.4095 952.127736637 
0.409625 952.128313506 
0.40975 952.128890231 
0.409875 952.129466809 
0.41 952.130043243 
0.410125 952.13061953 
0.41025 952.131195672 
0.410375 952.131771667 
0.4105 952.132347517 
0.410625 952.13292322 
0.41075 952.133498777 
0.410875 952.134074188 
0.411 952.134649452 
0.411125 952.135224569 
0.41125 952.135799539 
0.411375 952.136374363 
0.4115 952.136949039 
0.411625 952.137523568 
0.41175 952.13809795 
0.411875 952.138672184 
0.412 952.13924627 
0.412125 952.139820209 
0.41225 952.140394 
0.412375 952.140967643 
0.4125 952.141541137 
0.412625 952.142114484 
0.41275 952.142687682 
0.412875 952.143260732 
0.413 952.143833633 
0.413125 952.144406385 
0.41325 952.144978988 
0.413375 952.145551443 
0.4135 952.146123748 
0.413625 952.146695904 
0.41375 952.147267911 
0.413875 952.147839768 
0.414 952.148411475 
0.414125 952.148983033 
0.41425 952.149554441 
0.414375 952.150125699 
0.4145 952.150696806 
0.414625 952.151267764 
0.41475 952.151838571 
0.414875 952.152409227 
0.415 952.152979733 
0.415125 952.153550088 
0.41525 952.154120293 
0.415375 952.154690346 
0.4155 952.155260248 
0.415625 952.155829999 
0.41575 952.156399598 
0.415875 952.156969046 
0.416 952.157538343 
0.416125 952.158107487 
0.41625 952.15867648 
0.416375 952.159245321 
0.4165 952.159814009 
0.416625 952.160382546 
0.41675 952.16095093 
0.416875 952.161519161 
0.417 952.16208724 
0.417125 952.162655166 
0.41725 952.163222939 
0.417375 952.16379056 
0.4175 952.164358027 
0.417625 952.16492534 
0.41775 952.165492501 
0.417875 952.166059508 
0.418 952.166626361 
0.418125 952.167193061 
0.41825 952.167759607 
0.418375 952.168325998 
0.4185 952.168892236 
0.418625 952.16945832 
0.41875 952.170024249 
0.418875 952.170590023 
0.419 952.171155643 
0.419125 952.171721108 
0.41925 952.172286419 
0.419375 952.172851574 
0.4195 952.173416575 
0.419625 952.17398142 
0.41975 952.17454611 
0.419875 952.175110644 
0.42 952.175675023 
0.420125 952.176239246 
0.42025 952.176803313 
0.420375 952.177367224 
0.4205 952.177930979 
0.420625 952.178494578 
0.42075 952.179058021 
0.420875 952.179621307 
0.421 952.180184436 
0.421125 952.180747409 
0.42125 952.181310225 
0.421375 952.181872885 
0.4215 952.182435387 
0.421625 952.182997732 
0.42175 952.183559919 
0.421875 952.184121949 
0.422 952.184683822 
0.422125 952.185245537 
0.42225 952.185807094 
0.422375 952.186368494 
0.4225 952.186929735 
0.422625 952.187490818 
0.42275 952.188051743 
0.422875 952.188612509 
0.423 952.189173117 
0.423125 952.189733566 
0.42325 952.190293857 
0.423375 952.190853988 
0.4235 952.191413961 
0.423625 952.191973774 
0.42375 952.192533429 
0.423875 952.193092924 
0.424 952.193652259 
0.424125 952.194211435 
0.42425 952.194770451 
0.424375 952.195329307 
0.4245 952.195888003 
0.424625 952.196446539 
0.42475 952.197004915 
0.424875 952.197563131 
0.425 952.198121186 
0.425125 952.19867908 
0.42525 952.199236814 
0.425375 952.199794387 
0.4255 952.200351799 
0.425625 952.20090905 
0.42575 952.20146614 
0.425875 952.202023069 
0.426 952.202579836 
0.426125 952.203136441 
0.42625 952.203692885 
0.426375 952.204249167 
0.4265 952.204805288 
0.426625 952.205361246 
0.42675 952.205917042 
0.426875 952.206472676 
0.427 952.207028147 
0.427125 952.207583456 
0.42725 952.208138603 
0.427375 952.208693586 
0.4275 952.209248407 
0.427625 952.209803065 
0.42775 952.210357559 
0.427875 952.210911891 
0.428 952.211466059 
0.428125 952.212020064 
0.42825 952.212573905 
0.428375 952.213127582 
0.4285 952.213681096 
0.428625 952.214234445 
0.42875 952.214787631 
0.428875 952.215340653 
0.429 952.21589351 
0.429125 952.216446202 
0.42925 952.216998731 
0.429375 952.217551094 
0.4295 952.218103293 
0.429625 952.218655327 
0.42975 952.219207196 
0.429875 952.2197589 
0.43 952.220310439 
0.430125 952.220861812 
0.43025 952.22141302 
0.430375 952.221964062 
0.4305 952.222514938 
0.430625 952.223065649 
0.43075 952.223616194 
0.430875 952.224166573 
0.431 952.224716785 
0.431125 952.225266831 
0.43125 952.225816711 
0.431375 952.226366425 
0.4315 952.226915971 
0.431625 952.227465351 
0.43175 952.228014564 
0.431875 952.22856361 
0.432 952.229112489 
0.432125 952.229661201 
0.43225 952.230209745 
0.432375 952.230758122 
0.4325 952.231306331 
0.432625 952.231854372 
0.43275 952.232402246 
0.432875 952.232949952 
0.433 952.23349749 
0.433125 952.234044859 
0.43325 952.23459206 
0.433375 952.235139093 
0.4335 952.235685958 
0.433625 952.236232653 
0.43375 952.23677918 
0.433875 952.237325538 
0.434 952.237871727 
0.434125 952.238417747 
0.43425 952.238963598 
0.434375 952.23950928 
0.4345 952.240054792 
0.434625 952.240600134 
0.43475 952.241145307 
0.434875 952.24169031 
0.435 952.242235143 
0.435125 952.242779806 
0.43525 952.243324299 
0.435375 952.243868621 
0.4355 952.244412773 
0.435625 952.244956755 
0.43575 952.245500566 
0.435875 952.246044206 
0.436 952.246587676 
0.436125 952.247130975 
0.43625 952.247674102 
0.436375 952.248217058 
0.4365 952.248759843 
0.436625 952.249302457 
0.43675 952.249844899 
0.436875 952.25038717 
0.437 952.250929268 
0.437125 952.251471195 
0.43725 952.25201295 
0.437375 952.252554532 
0.4375 952.253095943 
0.437625 952.253637181 
0.43775 952.254178247 
0.437875 952.25471914 
0.438 952.25525986 
0.438125 952.255800408 
0.43825 952.256340783 
0.438375 952.256880984 
0.4385 952.257421013 
0.438625 952.257960868 
0.43875 952.25850055 
0.438875 952.259040059 
0.439 952.259579394 
0.439125 952.260118555 
0.43925 952.260657542 
0.439375 952.261196356 
0.4395 952.261734995 
0.439625 952.26227346 
0.43975 952.262811751 
0.439875 952.263349868 
0.44 952.26388781 
0.440125 952.264425577 
0.44025 952.26496317 
0.440375 952.265500588 
0.4405 952.266037831 
0.440625 952.266574899 
0.44075 952.267111792 
0.440875 952.267648509 
0.441 952.268185051 
0.441125 952.268721417 
0.44125 952.269257608 
0.441375 952.269793623 
0.4415 952.270329463 
0.441625 952.270865126 
0.44175 952.271400613 
0.441875 952.271935924 
0.442 952.272471059 
0.442125 952.273006017 
0.44225 952.273540799 
0.442375 952.274075404 
0.4425 952.274609832 
0.442625 952.275144084 
0.44275 952.275678158 
0.442875 952.276212055 
0.443 952.276745776 
0.443125 952.277279318 
0.44325 952.277812684 
0.443375 952.278345872 
0.4435 952.278878882 
0.443625 952.279411715 
0.44375 952.279944369 
0.443875 952.280476846 
0.444 952.281009144 
0.444125 952.281541265 
0.44425 952.282073207 
0.444375 952.28260497 
0.4445 952.283136555 
0.444625 952.283667962 
0.44475 952.284199189 
0.444875 952.284730238 
0.445 952.285261108 
0.445125 952.285791798 
0.44525 952.28632231 
0.445375 952.286852642 
0.4455 952.287382794 
0.445625 952.287912768 
0.44575 952.288442561 
0.445875 952.288972175 
0.446 952.289501609 
0.446125 952.290030863 
0.44625 952.290559936 
0.446375 952.29108883 
0.4465 952.291617543 
0.446625 952.292146076 
0.44675 952.292674428 
0.446875 952.2932026 
0.447 952.293730591 
0.447125 952.294258401 
0.44725 952.29478603 
0.447375 952.295313478 
0.4475 952.295840745 
0.447625 952.29636783 
0.44775 952.296894735 
0.447875 952.297421457 
0.448 952.297947998 
0.448125 952.298474357 
0.44825 952.299000535 
0.448375 952.29952653 
0.4485 952.300052343 
0.448625 952.300577974 
0.44875 952.301103423 
0.448875 952.30162869 
0.449 952.302153774 
0.449125 952.302678675 
0.44925 952.303203394 
0.449375 952.30372793 
0.4495 952.304252283 
0.449625 952.304776452 
0.44975 952.305300439 
0.449875 952.305824243 
0.45 952.306347863 
0.450125 952.306871299 
0.45025 952.307394552 
0.450375 952.307917621 
0.4505 952.308440507 
0.450625 952.308963209 
0.45075 952.309485726 
0.450875 952.31000806 
0.451 952.310530209 
0.451125 952.311052174 
0.45125 952.311573954 
0.451375 952.31209555 
0.4515 952.312616961 
0.451625 952.313138187 
0.45175 952.313659229 
0.451875 952.314180086 
0.452 952.314700757 
0.452125 952.315221243 
0.45225 952.315741544 
0.452375 952.31626166 
0.4525 952.31678159 
0.452625 952.317301334 
0.45275 952.317820893 
0.452875 952.318340266 
0.453 952.318859452 
0.453125 952.319378453 
0.45325 952.319897268 
0.453375 952.320415896 
0.4535 952.320934338 
0.453625 952.321452594 
0.45375 952.321970663 
0.453875 952.322488545 
0.454 952.32300624 
0.454125 952.323523749 
0.45425 952.32404107 
0.454375 952.324558205 
0.4545 952.325075152 
0.454625 952.325591912 
0.45475 952.326108484 
0.454875 952.326624869 
0.455 952.327141066 
0.455125 952.327657075 
0.45525 952.328172897 
0.455375 952.328688531 
0.4555 952.329203976 
0.455625 952.329719233 
0.45575 952.330234303 
0.455875 952.330749183 
0.456 952.331263875 
0.456125 952.331778379 
0.45625 952.332292694 
0.456375 952.33280682 
0.4565 952.333320757 
0.456625 952.333834505 
0.45675 952.334348064 
0.456875 952.334861434 
0.457 952.335374615 
0.457125 952.335887606 
0.45725 952.336400407 
0.457375 952.336913019 
0.4575 952.337425441 
0.457625 952.337937674 
0.45775 952.338449716 
0.457875 952.338961568 
0.458 952.33947323 
0.458125 952.339984702 
0.45825 952.340495984 
0.458375 952.341007075 
0.4585 952.341517975 
0.458625 952.342028685 
0.45875 952.342539204 
0.458875 952.343049532 
0.459 952.343559669 
0.459125 952.344069615 
0.45925 952.344579369 
0.459375 952.345088933 
0.4595 952.345598305 
0.459625 952.346107486 
0.45975 952.346616474 
0.459875 952.347125272 
0.46 952.347633877 
0.460125 952.34814229 
0.46025 952.348650512 
0.460375 952.349158541 
0.4605 952.349666378 
0.460625 952.350174023 
0.46075 952.350681475 
0.460875 952.351188735 
0.461 952.351695802 
0.461125 952.352202677 
0.46125 952.352709358 
0.461375 952.353215847 
0.4615 952.353722142 
0.461625 952.354228245 
0.46175 952.354734154 
0.461875 952.35523987 
0.462 952.355745392 
0.462125 952.356250721 
0.46225 952.356755856 
0.462375 952.357260797 
0.4625 952.357765545 
0.462625 952.358270098 
0.46275 952.358774458 
0.462875 952.359278623 
0.463 952.359782594 
0.463125 952.360286371 
0.46325 952.360789953 
0.463375 952.361293341 
0.4635 952.361796534 
0.463625 952.362299532 
0.46375 952.362802335 
0.463875 952.363304943 
0.464 952.363807357 
0.464125 952.364309575 
0.46425 952.364811597 
0.464375 952.365313425 
0.4645 952.365815057 
0.464625 952.366316493 
0.46475 952.366817734 
0.464875 952.367318779 
0.465 952.367819628 
0.465125 952.368320281 
0.46525 952.368820738 
0.465375 952.369320998 
0.4655 952.369821063 
0.465625 952.370320931 
0.46575 952.370820603 
0.465875 952.371320078 
0.466 952.371819356 
0.466125 952.372318438 
0.46625 952.372817322 
0.466375 952.37331601 
0.4665 952.373814501 
0.466625 952.374312794 
0.46675 952.37481089 
0.466875 952.375308789 
0.467 952.375806491 
0.467125 952.376303994 
0.46725 952.376801301 
0.467375 952.377298409 
0.4675 952.377795319 
0.467625 952.378292032 
0.46775 952.378788546 
0.467875 952.379284863 
0.468 952.379780981 
0.468125 952.3802769 
0.46825 952.380772622 
0.468375 952.381268144 
0.4685 952.381763468 
0.468625 952.382258594 
0.46875 952.38275352 
0.468875 952.383248247 
0.469 952.383742776 
0.469125 952.384237105 
0.46925 952.384731235 
0.469375 952.385225166 
0.4695 952.385718897 
0.469625 952.386212429 
0.46975 952.386705761 
0.469875 952.387198893 
0.47 952.387691826 
0.470125 952.388184558 
0.47025 952.388677091 
0.470375 952.389169423 
0.4705 952.389661555 
0.470625 952.390153487 
0.47075 952.390645219 
0.470875 952.39113675 
0.471 952.39162808 
0.471125 952.39211921 
0.47125 952.392610139 
0.471375 952.393100867 
0.4715 952.393591394 
0.471625 952.39408172 
0.47175 952.394571845 
0.471875 952.395061768 
0.472 952.39555149 
0.472125 952.396041011 
0.47225 952.39653033 
0.472375 952.397019447 
0.4725 952.397508363 
0.472625 952.397997077 
0.47275 952.398485588 
0.472875 952.398973898 
0.473 952.399462006 
0.473125 952.399949911 
0.47325 952.400437614 
0.473375 952.400925115 
0.4735 952.401412413 
0.473625 952.401899509 
0.47375 952.402386401 
0.473875 952.402873091 
0.474 952.403359579 
0.474125 952.403845863 
0.47425 952.404331944 
0.474375 952.404817821 
0.4745 952.405303496 
0.474625 952.405788967 
0.47475 952.406274235 
0.474875 952.406759299 
0.475 952.407244159 
0.475125 952.407728816 
0.47525 952.408213269 
0.475375 952.408697518 
0.4755 952.409181563 
0.475625 952.409665403 
0.47575 952.41014904 
0.475875 952.410632472 
0.476 952.4111157 
0.476125 952.411598723 
0.47625 952.412081542 
0.476375 952.412564156 
0.4765 952.413046565 
0.476625 952.413528769 
0.47675 952.414010768 
0.476875 952.414492563 
0.477 952.414974152 
0.477125 952.415455536 
0.47725 952.415936714 
0.477375 952.416417687 
0.4775 952.416898455 
0.477625 952.417379017 
0.47775 952.417859373 
0.477875 952.418339523 
0.478 952.418819468 
0.478125 952.419299206 
0.47825 952.419778738 
0.478375 952.420258065 
0.4785 952.420737184 
0.478625 952.421216098 
0.47875 952.421694805 
0.478875 952.422173306 
0.479 952.422651599 
0.479125 952.423129687 
0.47925 952.423607567 
0.479375 952.42408524 
0.4795 952.424562707 
0.479625 952.425039966 
0.47975 952.425517018 
0.479875 952.425993863 
0.48 952.4264705 
0.480125 952.42694693 
0.48025 952.427423153 
0.480375 952.427899168 
0.4805 952.428374975 
0.480625 952.428850574 
0.48075 952.429325965 
0.480875 952.429801148 
0.481 952.430276123 
0.481125 952.43075089 
0.48125 952.431225449 
0.481375 952.431699799 
0.4815 952.432173941 
0.481625 952.432647874 
0.48175 952.433121599 
0.481875 952.433595115 
0.482 952.434068422 
0.482125 952.43454152 
0.48225 952.435014409 
0.482375 952.435487089 
0.4825 952.43595956 
0.482625 952.436431821 
0.48275 952.436903874 
0.482875 952.437375716 
0.483 952.437847349 
0.483125 952.438318773 
0.48325 952.438789987 
0.483375 952.439260991 
0.4835 952.439731785 
0.483625 952.440202369 
0.48375 952.440672743 
0.483875 952.441142907 
0.484 952.44161286 
0.484125 952.442082603 
0.48425 952.442552136 
0.484375 952.443021458 
0.4845 952.44349057 
0.484625 952.443959471 
0.48475 952.444428161 
0.484875 952.44489664 
0.485 952.445364908 
0.485125 952.445832965 
0.48525 952.446300811 
0.485375 952.446768446 
0.4855 952.44723587 
0.485625 952.447703082 
0.48575 952.448170082 
0.485875 952.448636871 
0.486 952.449103448 
0.486125 952.449569814 
0.48625 952.450035967 
0.486375 952.450501909 
0.4865 952.450967639 
0.486625 952.451433156 
0.48675 952.451898462 
0.486875 952.452363555 
0.487 952.452828435 
0.487125 952.453293104 
0.48725 952.453757559 
0.487375 952.454221802 
0.4875 952.454685832 
0.487625 952.45514965 
0.48775 952.455613255 
0.487875 952.456076646 
0.488 952.456539825 
0.488125 952.45700279 
0.48825 952.457465542 
0.488375 952.457928081 
0.4885 952.458390406 
0.488625 952.458852518 
0.48875 952.459314416 
0.488875 952.459776101 
0.489 952.460237572 
0.489125 952.460698829 
0.48925 952.461159872 
0.489375 952.461620701 
0.4895 952.462081315 
0.489625 952.462541716 
0.48975 952.463001903 
0.489875 952.463461875 
0.49 952.463921632 
0.490125 952.464381175 
0.49025 952.464840504 
0.490375 952.465299617 
0.4905 952.465758516 
0.490625 952.4662172 
0.49075 952.46667567 
0.490875 952.467133924 
0.491 952.467591962 
0.491125 952.468049786 
0.49125 952.468507395 
0.491375 952.468964788 
0.4915 952.469421965 
0.491625 952.469878927 
0.49175 952.470335674 
0.491875 952.470792204 
0.492 952.471248519 
0.492125 952.471704618 
0.49225 952.472160501 
0.492375 952.472616168 
0.4925 952.473071619 
0.492625 952.473526853 
0.49275 952.473981872 
0.492875 952.474436673 
0.493 952.474891259 
0.493125 952.475345628 
0.49325 952.47579978 
0.493375 952.476253715 
0.4935 952.476707434 
0.493625 952.477160936 
0.49375 952.47761422 
0.493875 952.478067288 
0.494 952.478520139 
0.494125 952.478972772 
0.49425 952.479425188 
0.494375 952.479877387 
0.4945 952.480329368 
0.494625 952.480781131 
0.49475 952.481232677 
0.494875 952.481684006 
0.495 952.482135116 
0.495125 952.482586009 
0.49525 952.483036683 
0.495375 952.48348714 
0.4955 952.483937378 
0.495625 952.484387398 
0.49575 952.4848372 
0.495875 952.485286784 
0.496 952.485736149 
0.496125 952.486185295 
0.49625 952.486634223 
0.496375 952.487082932 
0.4965 952.487531423 
0.496625 952.487979694 
0.49675 952.488427747 
0.496875 952.488875581 
0.497 952.489323195 
0.497125 952.48977059 
0.49725 952.490217766 
0.497375 952.490664723 
0.4975 952.49111146 
0.497625 952.491557978 
0.49775 952.492004276 
0.497875 952.492450354 
0.498 952.492896213 
0.498125 952.493341852 
0.49825 952.493787271 
0.498375 952.49423247 
0.4985 952.494677449 
0.498625 952.495122207 
0.49875 952.495566746 
0.498875 952.496011064 
0.499 952.496455162 
0.499125 952.496899039 
0.49925 952.497342696 
0.499375 952.497786132 
0.4995 952.498229347 
0.499625 952.498672342 
0.49975 952.499115116 
0.499875 952.499557668 
0.5 952.5 
