0 0.053125
3.25e-05 0.057375
6.5e-05 0.0605
9.75e-05 0.063125
0.00013 0.065375
0.0001625 0.0675
0.000195 0.06925
0.0002275 0.071
0.00026 0.0725
0.0002925 0.074
0.000325 0.075375
0.0003575 0.076625
0.00039 0.077875
0.0004225 0.079
0.000455 0.080125
0.0004875 0.081125
0.00052 0.08225
0.0005525 0.083125
0.000585 0.084125
0.0006175 0.085
0.00065 0.085875
0.0006825 0.086625
0.000715 0.0875
0.0007475 0.08825
0.00078 0.089
0.0008125 0.08975
0.000845 0.0905
0.0008775 0.091125
0.00091 0.091875
0.0009425 0.0925
0.000975 0.093125
0.0010075 0.09375
0.00104 0.094375
0.0010725 0.095
0.001105 0.0955
0.0011375 0.096125
0.00117 0.096625
0.0012025 0.09725
0.001235 0.09775
0.0012675 0.09825
0.0013 0.09875
0.0013325 0.099125
0.001365 0.099625
0.0013975 0.100125
0.00143 0.1005
0.0014625 0.101
0.001495 0.101375
0.0015275 0.101875
0.00156 0.10225
0.0015925 0.102625
0.001625 0.103
0.0016575 0.103375
0.00169 0.10375
0.0017225 0.104125
0.001755 0.1045
0.0017875 0.10475
0.00182 0.105125
0.0018525 0.1055
0.001885 0.10575
0.0019175 0.106125
0.00195 0.106375
0.0019825 0.10675
0.002015 0.107
0.0020475 0.10725
0.00208 0.107625
0.0021125 0.107875
0.002145 0.108125
0.0021775 0.108375
0.00221 0.108625
0.0022425 0.108875
0.002275 0.109125
0.0023075 0.109375
0.00234 0.1095
0.0023725 0.10975
0.002405 0.11
0.0024375 0.11025
0.00247 0.110375
0.0025025 0.110625
0.002535 0.110875
0.0025675 0.111
0.0026 0.11125
0.0026325 0.111375
0.002665 0.111625
0.0026975 0.11175
0.00273 0.111875
0.0027625 0.112125
0.002795 0.11225
0.0028275 0.112375
0.00286 0.1125
0.0028925 0.11275
0.002925 0.112875
0.0029575 0.113
0.00299 0.113125
0.0030225 0.11325
0.003055 0.113375
0.0030875 0.1135
0.00312 0.113625
0.0031525 0.11375
0.003185 0.113875
0.0032175 0.114
0.00325 0.114
0.0032825 0.114125
0.003315 0.11425
0.0033475 0.114375
0.00338 0.114375
0.0034125 0.1145
0.003445 0.114625
0.0034775 0.114625
0.00351 0.11475
0.0035425 0.114875
0.003575 0.114875
0.0036075 0.115
0.00364 0.115
0.0036725 0.115125
0.003705 0.115125
0.0037375 0.11525
0.00377 0.11525
0.0038025 0.11525
0.003835 0.115375
0.0038675 0.115375
0.0039 0.115375
0.0039325 0.1155
0.003965 0.1155
0.0039975 0.1155
0.00403 0.1155
0.0040625 0.115625
0.004095 0.115625
0.0041275 0.115625
0.00416 0.115625
0.0041925 0.115625
0.004225 0.115625
0.0042575 0.115625
0.00429 0.11575
0.0043225 0.11575
0.004355 0.11575
0.0043875 0.11575
0.00442 0.11575
0.0044525 0.11575
0.004485 0.11575
0.0045175 0.11575
0.00455 0.11575
0.0045825 0.115625
0.004615 0.115625
0.0046475 0.115625
0.00468 0.1155
0.0047125 0.1155
0.004745 0.1155
0.0047775 0.115375
0.00481 0.115375
0.0048425 0.11525
0.004875 0.11525
0.0049075 0.115125
0.00494 0.115125
0.0049725 0.115
0.005005 0.115
0.0050375 0.114875
0.00507 0.114875
0.0051025 0.11475
0.005135 0.11475
0.0051675 0.114625
0.0052 0.1145
0.0052325 0.1145
0.005265 0.114375
0.0052975 0.11425
0.00533 0.114125
0.0053625 0.114125
0.005395 0.114
0.0054275 0.113875
0.00546 0.11375
0.0054925 0.113625
0.005525 0.113625
0.0055575 0.1135
0.00559 0.113375
0.0056225 0.11325
0.005655 0.113125
0.0056875 0.113
0.00572 0.112875
0.0057525 0.11275
0.005785 0.112625
0.0058175 0.1125
0.00585 0.112375
0.0058825 0.11225
0.005915 0.112125
0.0059475 0.112
0.00598 0.111875
0.0060125 0.11175
0.006045 0.1115
0.0060775 0.111375
0.00611 0.11125
0.0061425 0.111125
0.006175 0.111
0.0062075 0.11075
0.00624 0.110625
0.0062725 0.1105
0.006305 0.110375
0.0063375 0.110125
0.00637 0.11
0.0064025 0.109875
0.006435 0.109625
0.0064675 0.1095
0.0065 0.10925
0.0065325 0.109125
0.006565 0.109
0.0065975 0.10875
0.00663 0.108625
0.0066625 0.108375
0.006695 0.10825
0.0067275 0.108
0.00676 0.107875
0.0067925 0.107625
0.006825 0.107375
0.0068575 0.10725
0.00689 0.107
0.0069225 0.106875
0.006955 0.106625
0.0069875 0.106375
0.00702 0.106125
0.0070525 0.106
0.007085 0.10575
0.0071175 0.1055
0.00715 0.105375
0.0071825 0.105125
0.007215 0.104875
0.0072475 0.104625
0.00728 0.104375
0.0073125 0.104125
0.007345 0.103875
0.0073775 0.10375
0.00741 0.1035
0.0074425 0.10325
0.007475 0.103
0.0075075 0.10275
0.00754 0.1025
0.0075725 0.10225
0.007605 0.102
0.0076375 0.10175
0.00767 0.1015
0.0077025 0.10125
0.007735 0.100875
0.0077675 0.100625
0.0078 0.100375
0.0078325 0.100125
0.007865 0.099875
0.0078975 0.099625
0.00793 0.09925
0.0079625 0.099
0.007995 0.09875
0.0080275 0.0985
0.00806 0.098125
0.0080925 0.097875
0.008125 0.097625
0.0081575 0.09725
0.00819 0.097
0.0082225 0.096625
0.008255 0.096375
0.0082875 0.096125
0.00832 0.09575
0.0083525 0.0955
0.008385 0.095125
0.0084175 0.094875
0.00845 0.0945
0.0084825 0.094125
0.008515 0.093875
0.0085475 0.0935
0.00858 0.09325
0.0086125 0.092875
0.008645 0.0925
0.0086775 0.092125
0.00871 0.091875
0.0087425 0.0915
0.008775 0.091125
0.0088075 0.09075
0.00884 0.0905
0.0088725 0.090125
0.008905 0.08975
0.0089375 0.089375
0.00897 0.089
0.0090025 0.088625
0.009035 0.08825
0.0090675 0.087875
0.0091 0.0875
0.0091325 0.087125
0.009165 0.08675
0.0091975 0.086375
0.00923 0.086
0.0092625 0.085625
0.009295 0.085125
0.0093275 0.08475
0.00936 0.084375
0.0093925 0.084
0.009425 0.0835
0.0094575 0.083125
0.00949 0.08275
0.0095225 0.08225
0.009555 0.081875
0.0095875 0.0815
0.00962 0.081
0.0096525 0.080625
0.009685 0.080125
0.0097175 0.07975
0.00975 0.07925
0.0097825 0.07875
0.009815 0.078375
0.0098475 0.077875
0.00988 0.077375
0.0099125 0.077
0.009945 0.0765
0.0099775 0.076
0.01001 0.0755
0.0100425 0.075
0.010075 0.0745
0.0101075 0.074
0.01014 0.0735
0.0101725 0.073
0.010205 0.0725
0.0102375 0.072
0.01027 0.0715
0.0103025 0.071
0.010335 0.0705
0.0103675 0.069875
0.0104 0.069375
0.0104325 0.068875
0.010465 0.06825
0.0104975 0.06775
0.01053 0.06725
0.0105625 0.066625
0.010595 0.066
0.0106275 0.0655
0.01066 0.064875
0.0106925 0.06425
0.010725 0.06375
0.0107575 0.063125
0.01079 0.0625
0.0108225 0.061875
0.010855 0.06125
0.0108875 0.060625
0.01092 0.06
0.0109525 0.059375
0.010985 0.05875
0.0110175 0.058
0.01105 0.057375
0.0110825 0.05675
0.011115 0.056
0.0111475 0.055375
0.01118 0.054625
0.0112125 0.053875
0.011245 0.053125
0.0112775 0.0525
0.01131 0.05175
0.0113425 0.051
0.011375 0.050125
0.0114075 0.049375
0.01144 0.048625
0.0114725 0.047875
0.011505 0.047
0.0115375 0.046125
0.01157 0.045375
0.0116025 0.0445
0.011635 0.043625
0.0116675 0.04275
0.0117 0.04175
0.0117325 0.040875
0.011765 0.039875
0.0117975 0.039
0.01183 0.038
0.0118625 0.037
0.011895 0.035875
0.0119275 0.034875
0.01196 0.03375
0.0119925 0.032625
0.012025 0.0315
0.0120575 0.03025
0.01209 0.029
0.0121225 0.02775
0.012155 0.026375
0.0121875 0.024875
0.01222 0.023375
0.0122525 0.02175
0.012285 0.020125
0.0123175 0.018125
0.01235 0.016
0.0123825 0.013625
0.012415 0.0105
0.0124475 0.005875
0.01248 0
0.0125125 0
0.012545 0
0.0125775 0
0.01261 0
0.0126425 0
0.012675 0
0.0127075 0
0.01274 0
0.0127725 0
0.012805 0
0.0128375 0
0.01287 0
0.0129025 0
0.012935 0
