0 953.320761313 
0.000125 953.320761575 
0.00025 953.320762138 
0.000375 953.320763037 
0.0005 953.32076428 
0.000625 953.320765869 
0.00075 953.320767806 
0.000875 953.320770092 
0.001 953.320772727 
0.001125 953.320775711 
0.00125 953.320779045 
0.001375 953.320782728 
0.0015 953.320786761 
0.001625 953.320791144 
0.00175 953.320795877 
0.001875 953.32080096 
0.002 953.320806393 
0.002125 953.320812177 
0.00225 953.32081831 
0.002375 953.320824793 
0.0025 953.320831626 
0.002625 953.32083881 
0.00275 953.320846343 
0.002875 953.320854227 
0.003 953.32086246 
0.003125 953.320871044 
0.00325 953.320879978 
0.003375 953.320889263 
0.0035 953.320898897 
0.003625 953.320908881 
0.00375 953.320919216 
0.003875 953.320929901 
0.004 953.320940936 
0.004125 953.320952321 
0.00425 953.320964056 
0.004375 953.320976142 
0.0045 953.320988577 
0.004625 953.321001363 
0.00475 953.321014499 
0.004875 953.321027985 
0.005 953.321041821 
0.005125 953.321056007 
0.00525 953.321070543 
0.005375 953.32108543 
0.0055 953.321100667 
0.005625 953.321116253 
0.00575 953.32113219 
0.005875 953.321148477 
0.006 953.321165114 
0.006125 953.321182101 
0.00625 953.321199439 
0.006375 953.321217126 
0.0065 953.321235164 
0.006625 953.321253551 
0.00675 953.321272289 
0.006875 953.321291376 
0.007 953.321310814 
0.007125 953.321330602 
0.00725 953.321350739 
0.007375 953.321371227 
0.0075 953.321392065 
0.007625 953.321413253 
0.00775 953.321434791 
0.007875 953.321456679 
0.008 953.321478916 
0.008125 953.321501504 
0.00825 953.321524442 
0.008375 953.32154773 
0.0085 953.321571368 
0.008625 953.321595355 
0.00875 953.321619693 
0.008875 953.32164438 
0.009 953.321669418 
0.009125 953.321694805 
0.00925 953.321720543 
0.009375 953.32174663 
0.0095 953.321773067 
0.009625 953.321799854 
0.00975 953.321826991 
0.009875 953.321854477 
0.01 953.321882314 
0.010125 953.3219105 
0.01025 953.321939036 
0.010375 953.321967922 
0.0105 953.321997158 
0.010625 953.322026744 
0.01075 953.322056679 
0.010875 953.322086964 
0.011 953.322117599 
0.011125 953.322148583 
0.01125 953.322179918 
0.011375 953.322211602 
0.0115 953.322243635 
0.011625 953.322276019 
0.01175 953.322308752 
0.011875 953.322341835 
0.012 953.322375267 
0.012125 953.322409049 
0.01225 953.322443181 
0.012375 953.322477662 
0.0125 953.322512493 
0.012625 953.322547674 
0.01275 953.322583204 
0.012875 953.322619084 
0.013 953.322655313 
0.013125 953.322691892 
0.01325 953.32272882 
0.013375 953.322766098 
0.0135 953.322803725 
0.013625 953.322841702 
0.01375 953.322880028 
0.013875 953.322918703 
0.014 953.322957728 
0.014125 953.322997103 
0.01425 953.323036827 
0.014375 953.3230769 
0.0145 953.323117323 
0.014625 953.323158095 
0.01475 953.323199216 
0.014875 953.323240687 
0.015 953.323282507 
0.015125 953.323324676 
0.01525 953.323367194 
0.015375 953.323410062 
0.0155 953.323453279 
0.015625 953.323496845 
0.01575 953.323540761 
0.015875 953.323585025 
0.016 953.323629639 
0.016125 953.323674602 
0.01625 953.323719914 
0.016375 953.323765575 
0.0165 953.323811586 
0.016625 953.323857945 
0.01675 953.323904653 
0.016875 953.323951711 
0.017 953.323999118 
0.017125 953.324046873 
0.01725 953.324094978 
0.017375 953.324143431 
0.0175 953.324192234 
0.017625 953.324241385 
0.01775 953.324290885 
0.017875 953.324340734 
0.018 953.324390932 
0.018125 953.324441479 
0.01825 953.324492375 
0.018375 953.32454362 
0.0185 953.324595213 
0.018625 953.324647155 
0.01875 953.324699446 
0.018875 953.324752086 
0.019 953.324805074 
0.019125 953.324858411 
0.01925 953.324912097 
0.019375 953.324966131 
0.0195 953.325020514 
0.019625 953.325075246 
0.01975 953.325130326 
0.019875 953.325185755 
0.02 953.325241532 
0.020125 953.325297658 
0.02025 953.325354133 
0.020375 953.325410955 
0.0205 953.325468127 
0.020625 953.325525646 
0.02075 953.325583515 
0.020875 953.325641731 
0.021 953.325700296 
0.021125 953.325759209 
0.02125 953.325818471 
0.021375 953.325878081 
0.0215 953.325938039 
0.021625 953.325998345 
0.02175 953.326059 
0.021875 953.326120003 
0.022 953.326181354 
0.022125 953.326243053 
0.02225 953.3263051 
0.022375 953.326367496 
0.0225 953.326430239 
0.022625 953.326493331 
0.02275 953.32655677 
0.022875 953.326620558 
0.023 953.326684693 
0.023125 953.326749177 
0.02325 953.326814008 
0.023375 953.326879188 
0.0235 953.326944715 
0.023625 953.32701059 
0.02375 953.327076813 
0.023875 953.327143384 
0.024 953.327210303 
0.024125 953.327277569 
0.02425 953.327345183 
0.024375 953.327413145 
0.0245 953.327481454 
0.024625 953.327550111 
0.02475 953.327619116 
0.024875 953.327688468 
0.025 953.327758168 
0.025125 953.327828215 
0.02525 953.32789861 
0.025375 953.327969353 
0.0255 953.328040442 
0.025625 953.32811188 
0.02575 953.328183664 
0.025875 953.328255796 
0.026 953.328328276 
0.026125 953.328401102 
0.02625 953.328474276 
0.026375 953.328547798 
0.0265 953.328621666 
0.026625 953.328695882 
0.02675 953.328770445 
0.026875 953.328845355 
0.027 953.328920612 
0.027125 953.328996216 
0.02725 953.329072167 
0.027375 953.329148466 
0.0275 953.329225111 
0.027625 953.329302103 
0.02775 953.329379443 
0.027875 953.329457129 
0.028 953.329535162 
0.028125 953.329613541 
0.02825 953.329692268 
0.028375 953.329771342 
0.0285 953.329850762 
0.028625 953.329930529 
0.02875 953.330010642 
0.028875 953.330091103 
0.029 953.330171909 
0.029125 953.330253063 
0.02925 953.330334563 
0.029375 953.33041641 
0.0295 953.330498603 
0.029625 953.330581142 
0.02975 953.330664028 
0.029875 953.330747261 
0.03 953.330830839 
0.030125 953.330914764 
0.03025 953.330999036 
0.030375 953.331083654 
0.0305 953.331168617 
0.030625 953.331253928 
0.03075 953.331339584 
0.030875 953.331425586 
0.031 953.331511935 
0.031125 953.33159863 
0.03125 953.33168567 
0.031375 953.331773057 
0.0315 953.33186079 
0.031625 953.331948868 
0.03175 953.332037293 
0.031875 953.332126063 
0.032 953.332215179 
0.032125 953.332304641 
0.03225 953.332394449 
0.032375 953.332484602 
0.0325 953.332575102 
0.032625 953.332665946 
0.03275 953.332757137 
0.032875 953.332848673 
0.033 953.332940554 
0.033125 953.333032782 
0.03325 953.333125354 
0.033375 953.333218272 
0.0335 953.333311536 
0.033625 953.333405144 
0.03375 953.333499099 
0.033875 953.333593398 
0.034 953.333688043 
0.034125 953.333783033 
0.03425 953.333878368 
0.034375 953.333974048 
0.0345 953.334070073 
0.034625 953.334166444 
0.03475 953.334263159 
0.034875 953.33436022 
0.035 953.334457625 
0.035125 953.334555375 
0.03525 953.334653471 
0.035375 953.334751911 
0.0355 953.334850696 
0.035625 953.334949825 
0.03575 953.3350493 
0.035875 953.335149119 
0.036 953.335249283 
0.036125 953.335349791 
0.03625 953.335450644 
0.036375 953.335551841 
0.0365 953.335653383 
0.036625 953.33575527 
0.03675 953.3358575 
0.036875 953.335960076 
0.037 953.336062995 
0.037125 953.336166259 
0.03725 953.336269867 
0.037375 953.336373819 
0.0375 953.336478116 
0.037625 953.336582756 
0.03775 953.336687741 
0.037875 953.33679307 
0.038 953.336898743 
0.038125 953.337004759 
0.03825 953.33711112 
0.038375 953.337217824 
0.0385 953.337324873 
0.038625 953.337432265 
0.03875 953.337540001 
0.038875 953.337648081 
0.039 953.337756504 
0.039125 953.337865271 
0.03925 953.337974381 
0.039375 953.338083835 
0.0395 953.338193633 
0.039625 953.338303774 
0.03975 953.338414259 
0.039875 953.338525087 
0.04 953.338636258 
0.040125 953.338747772 
0.04025 953.33885963 
0.040375 953.338971831 
0.0405 953.339084375 
0.040625 953.339197262 
0.04075 953.339310492 
0.040875 953.339424066 
0.041 953.339537982 
0.041125 953.339652241 
0.04125 953.339766843 
0.041375 953.339881788 
0.0415 953.339997076 
0.041625 953.340112707 
0.04175 953.34022868 
0.041875 953.340344996 
0.042 953.340461654 
0.042125 953.340578656 
0.04225 953.340695999 
0.042375 953.340813685 
0.0425 953.340931714 
0.042625 953.341050085 
0.04275 953.341168798 
0.042875 953.341287854 
0.043 953.341407252 
0.043125 953.341526992 
0.04325 953.341647074 
0.043375 953.341767498 
0.0435 953.341888265 
0.043625 953.342009373 
0.04375 953.342130824 
0.043875 953.342252616 
0.044 953.34237475 
0.044125 953.342497226 
0.04425 953.342620044 
0.044375 953.342743204 
0.0445 953.342866705 
0.044625 953.342990548 
0.04475 953.343114732 
0.044875 953.343239258 
0.045 953.343364126 
0.045125 953.343489335 
0.04525 953.343614885 
0.045375 953.343740777 
0.0455 953.34386701 
0.045625 953.343993584 
0.04575 953.3441205 
0.045875 953.344247756 
0.046 953.344375354 
0.046125 953.344503293 
0.04625 953.344631572 
0.046375 953.344760193 
0.0465 953.344889155 
0.046625 953.345018457 
0.04675 953.3451481 
0.046875 953.345278084 
0.047 953.345408409 
0.047125 953.345539074 
0.04725 953.34567008 
0.047375 953.345801427 
0.0475 953.345933114 
0.047625 953.346065141 
0.04775 953.346197509 
0.047875 953.346330217 
0.048 953.346463265 
0.048125 953.346596654 
0.04825 953.346730383 
0.048375 953.346864452 
0.0485 953.346998861 
0.048625 953.34713361 
0.04875 953.347268699 
0.048875 953.347404128 
0.049 953.347539897 
0.049125 953.347676006 
0.04925 953.347812454 
0.049375 953.347949242 
0.0495 953.34808637 
0.049625 953.348223837 
0.04975 953.348361644 
0.049875 953.348499791 
0.05 953.348638277 
0.050125 953.348777102 
0.05025 953.348916266 
0.050375 953.34905577 
0.0505 953.349195613 
0.050625 953.349335796 
0.05075 953.349476317 
0.050875 953.349617178 
0.051 953.349758377 
0.051125 953.349899915 
0.05125 953.350041793 
0.051375 953.350184009 
0.0515 953.350326564 
0.051625 953.350469457 
0.05175 953.35061269 
0.051875 953.350756261 
0.052 953.35090017 
0.052125 953.351044418 
0.05225 953.351189005 
0.052375 953.351333929 
0.0525 953.351479193 
0.052625 953.351624794 
0.05275 953.351770734 
0.052875 953.351917012 
0.053 953.352063628 
0.053125 953.352210582 
0.05325 953.352357874 
0.053375 953.352505503 
0.0535 953.352653471 
0.053625 953.352801777 
0.05375 953.35295042 
0.053875 953.353099401 
0.054 953.35324872 
0.054125 953.353398377 
0.05425 953.35354837 
0.054375 953.353698702 
0.0545 953.353849371 
0.054625 953.354000377 
0.05475 953.35415172 
0.054875 953.354303401 
0.055 953.354455419 
0.055125 953.354607774 
0.05525 953.354760466 
0.055375 953.354913495 
0.0555 953.355066861 
0.055625 953.355220563 
0.05575 953.355374603 
0.055875 953.355528979 
0.056 953.355683693 
0.056125 953.355838742 
0.05625 953.355994129 
0.056375 953.356149851 
0.0565 953.356305911 
0.056625 953.356462307 
0.05675 953.356619039 
0.056875 953.356776107 
0.057 953.356933511 
0.057125 953.357091252 
0.05725 953.357249329 
0.057375 953.357407742 
0.0575 953.357566491 
0.057625 953.357725575 
0.05775 953.357884996 
0.057875 953.358044752 
0.058 953.358204844 
0.058125 953.358365272 
0.05825 953.358526035 
0.058375 953.358687134 
0.0585 953.358848568 
0.058625 953.359010338 
0.05875 953.359172443 
0.058875 953.359334884 
0.059 953.359497659 
0.059125 953.35966077 
0.05925 953.359824216 
0.059375 953.359987996 
0.0595 953.360152112 
0.059625 953.360316563 
0.05975 953.360481349 
0.059875 953.360646469 
0.06 953.360811924 
0.060125 953.360977714 
0.06025 953.361143838 
0.060375 953.361310297 
0.0605 953.36147709 
0.060625 953.361644217 
0.06075 953.361811679 
0.060875 953.361979475 
0.061 953.362147606 
0.061125 953.36231607 
0.06125 953.362484869 
0.061375 953.362654001 
0.0615 953.362823468 
0.061625 953.362993268 
0.06175 953.363163402 
0.061875 953.36333387 
0.062 953.363504672 
0.062125 953.363675807 
0.06225 953.363847275 
0.062375 953.364019077 
0.0625 953.364191213 
0.062625 953.364363682 
0.06275 953.364536484 
0.062875 953.364709619 
0.063 953.364883088 
0.063125 953.365056889 
0.06325 953.365231023 
0.063375 953.365405491 
0.0635 953.365580291 
0.063625 953.365755424 
0.06375 953.36593089 
0.063875 953.366106688 
0.064 953.366282819 
0.064125 953.366459283 
0.06425 953.366636079 
0.064375 953.366813207 
0.0645 953.366990668 
0.064625 953.36716846 
0.06475 953.367346585 
0.064875 953.367525043 
0.065 953.367703832 
0.065125 953.367882953 
0.06525 953.368062406 
0.065375 953.368242191 
0.0655 953.368422307 
0.065625 953.368602756 
0.06575 953.368783535 
0.065875 953.368964647 
0.066 953.36914609 
0.066125 953.369327864 
0.06625 953.36950997 
0.066375 953.369692407 
0.0665 953.369875175 
0.066625 953.370058274 
0.06675 953.370241704 
0.066875 953.370425465 
0.067 953.370609557 
0.067125 953.37079398 
0.06725 953.370978734 
0.067375 953.371163819 
0.0675 953.371349234 
0.067625 953.371534979 
0.06775 953.371721055 
0.067875 953.371907462 
0.068 953.372094198 
0.068125 953.372281265 
0.06825 953.372468663 
0.068375 953.37265639 
0.0685 953.372844447 
0.068625 953.373032835 
0.06875 953.373221552 
0.068875 953.373410599 
0.069 953.373599976 
0.069125 953.373789682 
0.06925 953.373979718 
0.069375 953.374170084 
0.0695 953.374360779 
0.069625 953.374551803 
0.06975 953.374743157 
0.069875 953.37493484 
0.07 953.375126852 
0.070125 953.375319193 
0.07025 953.375511863 
0.070375 953.375704862 
0.0705 953.37589819 
0.070625 953.376091847 
0.07075 953.376285832 
0.070875 953.376480146 
0.071 953.376674789 
0.071125 953.37686976 
0.07125 953.377065059 
0.071375 953.377260687 
0.0715 953.377456643 
0.071625 953.377652927 
0.07175 953.377849539 
0.071875 953.37804648 
0.072 953.378243748 
0.072125 953.378441344 
0.07225 953.378639268 
0.072375 953.37883752 
0.0725 953.379036099 
0.072625 953.379235006 
0.07275 953.37943424 
0.072875 953.379633802 
0.073 953.379833691 
0.073125 953.380033907 
0.07325 953.38023445 
0.073375 953.380435321 
0.0735 953.380636518 
0.073625 953.380838043 
0.07375 953.381039894 
0.073875 953.381242072 
0.074 953.381444577 
0.074125 953.381647409 
0.07425 953.381850567 
0.074375 953.382054051 
0.0745 953.382257862 
0.074625 953.382461999 
0.07475 953.382666462 
0.074875 953.382871252 
0.075 953.383076368 
0.075125 953.383281809 
0.07525 953.383487577 
0.075375 953.38369367 
0.0755 953.383900089 
0.075625 953.384106834 
0.07575 953.384313904 
0.075875 953.3845213 
0.076 953.384729021 
0.076125 953.384937068 
0.07625 953.38514544 
0.076375 953.385354137 
0.0765 953.385563159 
0.076625 953.385772506 
0.07675 953.385982178 
0.076875 953.386192176 
0.077 953.386402497 
0.077125 953.386613144 
0.07725 953.386824115 
0.077375 953.387035411 
0.0775 953.387247031 
0.077625 953.387458975 
0.07775 953.387671244 
0.077875 953.387883837 
0.078 953.388096754 
0.078125 953.388309995 
0.07825 953.38852356 
0.078375 953.388737449 
0.0785 953.388951662 
0.078625 953.389166199 
0.07875 953.389381059 
0.078875 953.389596242 
0.079 953.38981175 
0.079125 953.39002758 
0.07925 953.390243734 
0.079375 953.390460211 
0.0795 953.390677011 
0.079625 953.390894134 
0.07975 953.39111158 
0.079875 953.391329349 
0.08 953.391547441 
0.080125 953.391765856 
0.08025 953.391984593 
0.080375 953.392203652 
0.0805 953.392423035 
0.080625 953.392642739 
0.08075 953.392862766 
0.080875 953.393083115 
0.081 953.393303786 
0.081125 953.393524779 
0.08125 953.393746094 
0.081375 953.393967731 
0.0815 953.394189689 
0.081625 953.39441197 
0.08175 953.394634572 
0.081875 953.394857495 
0.082 953.39508074 
0.082125 953.395304306 
0.08225 953.395528194 
0.082375 953.395752402 
0.0825 953.395976932 
0.082625 953.396201782 
0.08275 953.396426954 
0.082875 953.396652446 
0.083 953.396878259 
0.083125 953.397104393 
0.08325 953.397330848 
0.083375 953.397557622 
0.0835 953.397784717 
0.083625 953.398012133 
0.08375 953.398239868 
0.083875 953.398467924 
0.084 953.3986963 
0.084125 953.398924996 
0.08425 953.399154011 
0.084375 953.399383347 
0.0845 953.399613001 
0.084625 953.399842976 
0.08475 953.40007327 
0.084875 953.400303884 
0.085 953.400534816 
0.085125 953.400766068 
0.08525 953.400997639 
0.085375 953.40122953 
0.0855 953.401461739 
0.085625 953.401694267 
0.08575 953.401927113 
0.085875 953.402160279 
0.086 953.402393763 
0.086125 953.402627565 
0.08625 953.402861686 
0.086375 953.403096126 
0.0865 953.403330883 
0.086625 953.403565959 
0.08675 953.403801353 
0.086875 953.404037064 
0.087 953.404273094 
0.087125 953.404509441 
0.08725 953.404746106 
0.087375 953.404983089 
0.0875 953.405220389 
0.087625 953.405458006 
0.08775 953.405695941 
0.087875 953.405934193 
0.088 953.406172762 
0.088125 953.406411649 
0.08825 953.406650852 
0.088375 953.406890372 
0.0885 953.407130209 
0.088625 953.407370362 
0.08875 953.407610832 
0.088875 953.407851619 
0.089 953.408092721 
0.089125 953.408334141 
0.08925 953.408575876 
0.089375 953.408817928 
0.0895 953.409060295 
0.089625 953.409302979 
0.08975 953.409545978 
0.089875 953.409789293 
0.09 953.410032924 
0.090125 953.41027687 
0.09025 953.410521132 
0.090375 953.410765709 
0.0905 953.411010601 
0.090625 953.411255809 
0.09075 953.411501331 
0.090875 953.411747169 
0.091 953.411993321 
0.091125 953.412239789 
0.09125 953.412486571 
0.091375 953.412733667 
0.0915 953.412981078 
0.091625 953.413228804 
0.09175 953.413476843 
0.091875 953.413725197 
0.092 953.413973866 
0.092125 953.414222848 
0.09225 953.414472144 
0.092375 953.414721754 
0.0925 953.414971677 
0.092625 953.415221915 
0.09275 953.415472465 
0.092875 953.41572333 
0.093 953.415974507 
0.093125 953.416225998 
0.09325 953.416477802 
0.093375 953.416729919 
0.0935 953.41698235 
0.093625 953.417235092 
0.09375 953.417488148 
0.093875 953.417741517 
0.094 953.417995198 
0.094125 953.418249191 
0.09425 953.418503497 
0.094375 953.418758115 
0.0945 953.419013045 
0.094625 953.419268287 
0.09475 953.419523842 
0.094875 953.419779708 
0.095 953.420035886 
0.095125 953.420292376 
0.09525 953.420549177 
0.095375 953.42080629 
0.0955 953.421063714 
0.095625 953.421321449 
0.09575 953.421579496 
0.095875 953.421837853 
0.096 953.422096522 
0.096125 953.422355502 
0.09625 953.422614792 
0.096375 953.422874393 
0.0965 953.423134305 
0.096625 953.423394527 
0.09675 953.423655059 
0.096875 953.423915902 
0.097 953.424177055 
0.097125 953.424438518 
0.09725 953.424700291 
0.097375 953.424962374 
0.0975 953.425224767 
0.097625 953.42548747 
0.09775 953.425750482 
0.097875 953.426013803 
0.098 953.426277434 
0.098125 953.426541374 
0.09825 953.426805624 
0.098375 953.427070182 
0.0985 953.427335049 
0.098625 953.427600226 
0.09875 953.427865711 
0.098875 953.428131504 
0.099 953.428397607 
0.099125 953.428664017 
0.09925 953.428930736 
0.099375 953.429197764 
0.0995 953.429465099 
0.099625 953.429732743 
0.09975 953.430000694 
0.099875 953.430268953 
0.1 953.430537521 
0.100125 953.430806395 
0.10025 953.431075577 
0.100375 953.431345067 
0.1005 953.431614864 
0.100625 953.431884968 
0.10075 953.43215538 
0.100875 953.432426098 
0.101 953.432697123 
0.101125 953.432968455 
0.10125 953.433240094 
0.101375 953.433512039 
0.1015 953.433784291 
0.101625 953.434056849 
0.10175 953.434329714 
0.101875 953.434602884 
0.102 953.434876361 
0.102125 953.435150144 
0.10225 953.435424232 
0.102375 953.435698627 
0.1025 953.435973327 
0.102625 953.436248332 
0.10275 953.436523643 
0.102875 953.436799259 
0.103 953.437075181 
0.103125 953.437351407 
0.10325 953.437627939 
0.103375 953.437904775 
0.1035 953.438181917 
0.103625 953.438459363 
0.10375 953.438737113 
0.103875 953.439015168 
0.104 953.439293528 
0.104125 953.439572191 
0.10425 953.439851159 
0.104375 953.440130431 
0.1045 953.440410007 
0.104625 953.440689887 
0.10475 953.44097007 
0.104875 953.441250557 
0.105 953.441531348 
0.105125 953.441812442 
0.10525 953.442093839 
0.105375 953.442375539 
0.1055 953.442657543 
0.105625 953.442939849 
0.10575 953.443222458 
0.105875 953.44350537 
0.106 953.443788585 
0.106125 953.444072102 
0.10625 953.444355922 
0.106375 953.444640044 
0.1065 953.444924468 
0.106625 953.445209195 
0.10675 953.445494223 
0.106875 953.445779553 
0.107 953.446065185 
0.107125 953.446351118 
0.10725 953.446637354 
0.107375 953.44692389 
0.1075 953.447210728 
0.107625 953.447497867 
0.10775 953.447785307 
0.107875 953.448073049 
0.108 953.448361091 
0.108125 953.448649433 
0.10825 953.448938077 
0.108375 953.449227021 
0.1085 953.449516266 
0.108625 953.44980581 
0.10875 953.450095656 
0.108875 953.450385801 
0.109 953.450676246 
0.109125 953.450966991 
0.10925 953.451258036 
0.109375 953.45154938 
0.1095 953.451841024 
0.109625 953.452132968 
0.10975 953.452425211 
0.109875 953.452717753 
0.11 953.453010594 
0.110125 953.453303734 
0.11025 953.453597173 
0.110375 953.453890911 
0.1105 953.454184947 
0.110625 953.454479282 
0.11075 953.454773916 
0.110875 953.455068847 
0.111 953.455364077 
0.111125 953.455659605 
0.11125 953.455955431 
0.111375 953.456251555 
0.1115 953.456547976 
0.111625 953.456844696 
0.11175 953.457141712 
0.111875 953.457439026 
0.112 953.457736638 
0.112125 953.458034546 
0.11225 953.458332752 
0.112375 953.458631254 
0.1125 953.458930054 
0.112625 953.45922915 
0.11275 953.459528543 
0.112875 953.459828232 
0.113 953.460128217 
0.113125 953.460428499 
0.11325 953.460729077 
0.113375 953.461029951 
0.1135 953.461331121 
0.113625 953.461632587 
0.11375 953.461934348 
0.113875 953.462236405 
0.114 953.462538757 
0.114125 953.462841405 
0.11425 953.463144348 
0.114375 953.463447586 
0.1145 953.463751119 
0.114625 953.464054947 
0.11475 953.46435907 
0.114875 953.464663487 
0.115 953.464968199 
0.115125 953.465273205 
0.11525 953.465578505 
0.115375 953.4658841 
0.1155 953.466189988 
0.115625 953.466496171 
0.11575 953.466802647 
0.115875 953.467109418 
0.116 953.467416481 
0.116125 953.467723838 
0.11625 953.468031489 
0.116375 953.468339433 
0.1165 953.468647669 
0.116625 953.468956199 
0.11675 953.469265022 
0.116875 953.469574137 
0.117 953.469883545 
0.117125 953.470193246 
0.11725 953.470503239 
0.117375 953.470813524 
0.1175 953.471124102 
0.117625 953.471434971 
0.11775 953.471746132 
0.117875 953.472057586 
0.118 953.472369331 
0.118125 953.472681367 
0.11825 953.472993695 
0.118375 953.473306314 
0.1185 953.473619224 
0.118625 953.473932426 
0.11875 953.474245918 
0.118875 953.474559702 
0.119 953.474873776 
0.119125 953.47518814 
0.11925 953.475502795 
0.119375 953.475817741 
0.1195 953.476132976 
0.119625 953.476448502 
0.11975 953.476764318 
0.119875 953.477080424 
0.12 953.477396819 
0.120125 953.477713504 
0.12025 953.478030479 
0.120375 953.478347743 
0.1205 953.478665296 
0.120625 953.478983139 
0.12075 953.47930127 
0.120875 953.479619691 
0.121 953.4799384 
0.121125 953.480257398 
0.12125 953.480576684 
0.121375 953.480896259 
0.1215 953.481216122 
0.121625 953.481536273 
0.12175 953.481856712 
0.121875 953.48217744 
0.122 953.482498455 
0.122125 953.482819758 
0.12225 953.483141348 
0.122375 953.483463226 
0.1225 953.483785391 
0.122625 953.484107843 
0.12275 953.484430582 
0.122875 953.484753609 
0.123 953.485076922 
0.123125 953.485400522 
0.12325 953.485724408 
0.123375 953.486048581 
0.1235 953.48637304 
0.123625 953.486697785 
0.12375 953.487022817 
0.123875 953.487348134 
0.124 953.487673737 
0.124125 953.487999626 
0.12425 953.488325801 
0.124375 953.488652261 
0.1245 953.488979006 
0.124625 953.489306037 
0.12475 953.489633352 
0.124875 953.489960953 
0.125 953.490288838 
0.125125 953.490617008 
0.12525 953.490945463 
0.125375 953.491274202 
0.1255 953.491603226 
0.125625 953.491932533 
0.12575 953.492262125 
0.125875 953.492592001 
0.126 953.492922161 
0.126125 953.493252604 
0.12625 953.493583331 
0.126375 953.493914341 
0.1265 953.494245635 
0.126625 953.494577211 
0.12675 953.494909071 
0.126875 953.495241214 
0.127 953.49557364 
0.127125 953.495906348 
0.12725 953.496239339 
0.127375 953.496572612 
0.1275 953.496906168 
0.127625 953.497240006 
0.12775 953.497574126 
0.127875 953.497908527 
0.128 953.498243211 
0.128125 953.498578176 
0.12825 953.498913423 
0.128375 953.499248951 
0.1285 953.499584761 
0.128625 953.499920851 
0.12875 953.500257223 
0.128875 953.500593876 
0.129 953.500930809 
0.129125 953.501268023 
0.12925 953.501605518 
0.129375 953.501943293 
0.1295 953.502281348 
0.129625 953.502619683 
0.12975 953.502958299 
0.129875 953.503297194 
0.13 953.503636369 
0.130125 953.503975823 
0.13025 953.504315557 
0.130375 953.504655571 
0.1305 953.504995863 
0.130625 953.505336435 
0.13075 953.505677286 
0.130875 953.506018415 
0.131 953.506359823 
0.131125 953.50670151 
0.13125 953.507043476 
0.131375 953.507385719 
0.1315 953.507728241 
0.131625 953.508071041 
0.13175 953.508414118 
0.131875 953.508757474 
0.132 953.509101107 
0.132125 953.509445018 
0.13225 953.509789206 
0.132375 953.510133671 
0.1325 953.510478414 
0.132625 953.510823433 
0.13275 953.51116873 
0.132875 953.511514303 
0.133 953.511860153 
0.133125 953.512206279 
0.13325 953.512552682 
0.133375 953.51289936 
0.1335 953.513246315 
0.133625 953.513593546 
0.13375 953.513941053 
0.133875 953.514288835 
0.134 953.514636893 
0.134125 953.514985226 
0.13425 953.515333835 
0.134375 953.515682719 
0.1345 953.516031878 
0.134625 953.516381311 
0.13475 953.51673102 
0.134875 953.517081003 
0.135 953.517431261 
0.135125 953.517781793 
0.13525 953.518132599 
0.135375 953.518483679 
0.1355 953.518835033 
0.135625 953.519186661 
0.13575 953.519538563 
0.135875 953.519890738 
0.136 953.520243187 
0.136125 953.520595909 
0.13625 953.520948904 
0.136375 953.521302173 
0.1365 953.521655714 
0.136625 953.522009528 
0.13675 953.522363614 
0.136875 953.522717973 
0.137 953.523072604 
0.137125 953.523427508 
0.13725 953.523782683 
0.137375 953.524138131 
0.1375 953.52449385 
0.137625 953.524849841 
0.13775 953.525206104 
0.137875 953.525562638 
0.138 953.525919443 
0.138125 953.526276519 
0.13825 953.526633867 
0.138375 953.526991485 
0.1385 953.527349374 
0.138625 953.527707534 
0.13875 953.528065964 
0.138875 953.528424664 
0.139 953.528783634 
0.139125 953.529142875 
0.13925 953.529502385 
0.139375 953.529862166 
0.1395 953.530222215 
0.139625 953.530582535 
0.13975 953.530943124 
0.139875 953.531303981 
0.14 953.531665108 
0.140125 953.532026504 
0.14025 953.532388169 
0.140375 953.532750103 
0.1405 953.533112305 
0.140625 953.533474775 
0.14075 953.533837514 
0.140875 953.534200521 
0.141 953.534563795 
0.141125 953.534927338 
0.14125 953.535291148 
0.141375 953.535655226 
0.1415 953.536019572 
0.141625 953.536384184 
0.14175 953.536749064 
0.141875 953.537114211 
0.142 953.537479625 
0.142125 953.537845305 
0.14225 953.538211252 
0.142375 953.538577466 
0.1425 953.538943946 
0.142625 953.539310692 
0.14275 953.539677704 
0.142875 953.540044982 
0.143 953.540412526 
0.143125 953.540780335 
0.14325 953.54114841 
0.143375 953.54151675 
0.1435 953.541885356 
0.143625 953.542254226 
0.14375 953.542623362 
0.143875 953.542992762 
0.144 953.543362427 
0.144125 953.543732356 
0.14425 953.54410255 
0.144375 953.544473008 
0.1445 953.544843731 
0.144625 953.545214717 
0.14475 953.545585967 
0.144875 953.54595748 
0.145 953.546329257 
0.145125 953.546701298 
0.14525 953.547073601 
0.145375 953.547446168 
0.1455 953.547818998 
0.145625 953.548192091 
0.14575 953.548565446 
0.145875 953.548939064 
0.146 953.549312944 
0.146125 953.549687087 
0.14625 953.550061491 
0.146375 953.550436158 
0.1465 953.550811087 
0.146625 953.551186277 
0.14675 953.551561728 
0.146875 953.551937442 
0.147 953.552313416 
0.147125 953.552689651 
0.14725 953.553066148 
0.147375 953.553442905 
0.1475 953.553819923 
0.147625 953.554197202 
0.14775 953.554574741 
0.147875 953.55495254 
0.148 953.5553306 
0.148125 953.555708919 
0.14825 953.556087498 
0.148375 953.556466337 
0.1485 953.556845435 
0.148625 953.557224793 
0.14875 953.55760441 
0.148875 953.557984287 
0.149 953.558364422 
0.149125 953.558744816 
0.14925 953.559125469 
0.149375 953.55950638 
0.1495 953.55988755 
0.149625 953.560268978 
0.14975 953.560650664 
0.149875 953.561032608 
0.15 953.56141481 
0.150125 953.561797269 
0.15025 953.562179986 
0.150375 953.562562961 
0.1505 953.562946193 
0.150625 953.563329681 
0.15075 953.563713427 
0.150875 953.56409743 
0.151 953.564481689 
0.151125 953.564866205 
0.15125 953.565250977 
0.151375 953.565636006 
0.1515 953.56602129 
0.151625 953.56640683 
0.15175 953.566792627 
0.151875 953.567178679 
0.152 953.567564986 
0.152125 953.567951549 
0.15225 953.568338367 
0.152375 953.56872544 
0.1525 953.569112768 
0.152625 953.56950035 
0.15275 953.569888188 
0.152875 953.57027628 
0.153 953.570664626 
0.153125 953.571053226 
0.15325 953.57144208 
0.153375 953.571831189 
0.1535 953.572220551 
0.153625 953.572610166 
0.15375 953.573000035 
0.153875 953.573390158 
0.154 953.573780533 
0.154125 953.574171162 
0.15425 953.574562043 
0.154375 953.574953178 
0.1545 953.575344564 
0.154625 953.575736203 
0.15475 953.576128095 
0.154875 953.576520238 
0.155 953.576912634 
0.155125 953.577305281 
0.15525 953.57769818 
0.155375 953.578091331 
0.1555 953.578484733 
0.155625 953.578878386 
0.15575 953.57927229 
0.155875 953.579666446 
0.156 953.580060852 
0.156125 953.580455508 
0.15625 953.580850415 
0.156375 953.581245573 
0.1565 953.581640981 
0.156625 953.582036638 
0.15675 953.582432546 
0.156875 953.582828704 
0.157 953.583225111 
0.157125 953.583621767 
0.15725 953.584018673 
0.157375 953.584415828 
0.1575 953.584813232 
0.157625 953.585210884 
0.15775 953.585608786 
0.157875 953.586006936 
0.158 953.586405334 
0.158125 953.586803981 
0.15825 953.587202876 
0.158375 953.587602019 
0.1585 953.588001409 
0.158625 953.588401047 
0.15875 953.588800933 
0.158875 953.589201066 
0.159 953.589601446 
0.159125 953.590002074 
0.15925 953.590402948 
0.159375 953.590804069 
0.1595 953.591205437 
0.159625 953.591607051 
0.15975 953.592008911 
0.159875 953.592411017 
0.16 953.59281337 
0.160125 953.593215968 
0.16025 953.593618812 
0.160375 953.594021902 
0.1605 953.594425237 
0.160625 953.594828817 
0.16075 953.595232642 
0.160875 953.595636712 
0.161 953.596041027 
0.161125 953.596445587 
0.16125 953.596850391 
0.161375 953.597255439 
0.1615 953.597660732 
0.161625 953.598066269 
0.16175 953.598472049 
0.161875 953.598878073 
0.162 953.599284341 
0.162125 953.599690852 
0.16225 953.600097607 
0.162375 953.600504604 
0.1625 953.600911845 
0.162625 953.601319328 
0.16275 953.601727054 
0.162875 953.602135022 
0.163 953.602543233 
0.163125 953.602951686 
0.16325 953.603360381 
0.163375 953.603769318 
0.1635 953.604178496 
0.163625 953.604587916 
0.16375 953.604997578 
0.163875 953.605407481 
0.164 953.605817625 
0.164125 953.60622801 
0.16425 953.606638635 
0.164375 953.607049502 
0.1645 953.607460609 
0.164625 953.607871956 
0.16475 953.608283543 
0.164875 953.608695371 
0.165 953.609107438 
0.165125 953.609519745 
0.16525 953.609932291 
0.165375 953.610345077 
0.1655 953.610758103 
0.165625 953.611171367 
0.16575 953.61158487 
0.165875 953.611998612 
0.166 953.612412593 
0.166125 953.612826812 
0.16625 953.61324127 
0.166375 953.613655966 
0.1665 953.614070899 
0.166625 953.614486071 
0.16675 953.61490148 
0.166875 953.615317127 
0.167 953.615733011 
0.167125 953.616149133 
0.16725 953.616565491 
0.167375 953.616982087 
0.1675 953.617398919 
0.167625 953.617815988 
0.16775 953.618233293 
0.167875 953.618650835 
0.168 953.619068613 
0.168125 953.619486627 
0.16825 953.619904876 
0.168375 953.620323361 
0.1685 953.620742082 
0.168625 953.621161038 
0.16875 953.62158023 
0.168875 953.621999656 
0.169 953.622419317 
0.169125 953.622839213 
0.16925 953.623259344 
0.169375 953.623679709 
0.1695 953.624100308 
0.169625 953.624521142 
0.16975 953.624942209 
0.169875 953.62536351 
0.17 953.625785045 
0.170125 953.626206813 
0.17025 953.626628815 
0.170375 953.62705105 
0.1705 953.627473517 
0.170625 953.627896218 
0.17075 953.628319151 
0.170875 953.628742317 
0.171 953.629165715 
0.171125 953.629589345 
0.17125 953.630013208 
0.171375 953.630437302 
0.1715 953.630861628 
0.171625 953.631286186 
0.17175 953.631710975 
0.171875 953.632135995 
0.172 953.632561246 
0.172125 953.632986729 
0.17225 953.633412442 
0.172375 953.633838385 
0.1725 953.63426456 
0.172625 953.634690964 
0.17275 953.635117599 
0.172875 953.635544463 
0.173 953.635971558 
0.173125 953.636398882 
0.17325 953.636826435 
0.173375 953.637254218 
0.1735 953.63768223 
0.173625 953.638110472 
0.17375 953.638538942 
0.173875 953.63896764 
0.174 953.639396568 
0.174125 953.639825723 
0.17425 953.640255107 
0.174375 953.640684719 
0.1745 953.641114559 
0.174625 953.641544627 
0.17475 953.641974922 
0.174875 953.642405444 
0.175 953.642836194 
0.175125 953.643267171 
0.17525 953.643698375 
0.175375 953.644129806 
0.1755 953.644561463 
0.175625 953.644993347 
0.17575 953.645425457 
0.175875 953.645857793 
0.176 953.646290356 
0.176125 953.646723144 
0.17625 953.647156157 
0.176375 953.647589396 
0.1765 953.648022861 
0.176625 953.64845655 
0.17675 953.648890465 
0.176875 953.649324605 
0.177 953.649758969 
0.177125 953.650193557 
0.17725 953.650628371 
0.177375 953.651063408 
0.1775 953.651498669 
0.177625 953.651934154 
0.17775 953.652369863 
0.177875 953.652805795 
0.178 953.653241951 
0.178125 953.65367833 
0.17825 953.654114932 
0.178375 953.654551757 
0.1785 953.654988805 
0.178625 953.655426075 
0.17875 953.655863568 
0.178875 953.656301283 
0.179 953.65673922 
0.179125 953.657177379 
0.17925 953.65761576 
0.179375 953.658054362 
0.1795 953.658493186 
0.179625 953.658932231 
0.17975 953.659371497 
0.179875 953.659810984 
0.18 953.660250691 
0.180125 953.66069062 
0.18025 953.661130769 
0.180375 953.661571138 
0.1805 953.662011727 
0.180625 953.662452536 
0.18075 953.662893565 
0.180875 953.663334814 
0.181 953.663776282 
0.181125 953.66421797 
0.18125 953.664659876 
0.181375 953.665102002 
0.1815 953.665544346 
0.181625 953.665986909 
0.18175 953.66642969 
0.181875 953.66687269 
0.182 953.667315908 
0.182125 953.667759344 
0.18225 953.668202998 
0.182375 953.668646869 
0.1825 953.669090958 
0.182625 953.669535264 
0.18275 953.669979787 
0.182875 953.670424528 
0.183 953.670869485 
0.183125 953.671314659 
0.18325 953.671760049 
0.183375 953.672205656 
0.1835 953.672651479 
0.183625 953.673097518 
0.18375 953.673543772 
0.183875 953.673990243 
0.184 953.674436928 
0.184125 953.67488383 
0.18425 953.675330946 
0.184375 953.675778277 
0.1845 953.676225824 
0.184625 953.676673584 
0.18475 953.67712156 
0.184875 953.67756975 
0.185 953.678018153 
0.185125 953.678466771 
0.18525 953.678915603 
0.185375 953.679364649 
0.1855 953.679813907 
0.185625 953.68026338 
0.18575 953.680713065 
0.185875 953.681162964 
0.186 953.681613075 
0.186125 953.682063399 
0.18625 953.682513936 
0.186375 953.682964684 
0.1865 953.683415645 
0.186625 953.683866818 
0.18675 953.684318203 
0.186875 953.6847698 
0.187 953.685221608 
0.187125 953.685673627 
0.18725 953.686125858 
0.187375 953.686578299 
0.1875 953.687030952 
0.187625 953.687483815 
0.18775 953.687936888 
0.187875 953.688390172 
0.188 953.688843666 
0.188125 953.68929737 
0.18825 953.689751284 
0.188375 953.690205408 
0.1885 953.690659741 
0.188625 953.691114283 
0.18875 953.691569035 
0.188875 953.692023995 
0.189 953.692479164 
0.189125 953.692934542 
0.18925 953.693390129 
0.189375 953.693845924 
0.1895 953.694301926 
0.189625 953.694758137 
0.18975 953.695214556 
0.189875 953.695671182 
0.19 953.696128016 
0.190125 953.696585057 
0.19025 953.697042305 
0.190375 953.697499761 
0.1905 953.697957423 
0.190625 953.698415291 
0.19075 953.698873366 
0.190875 953.699331647 
0.191 953.699790135 
0.191125 953.700248828 
0.19125 953.700707727 
0.191375 953.701166832 
0.1915 953.701626142 
0.191625 953.702085658 
0.19175 953.702545378 
0.191875 953.703005304 
0.192 953.703465434 
0.192125 953.703925769 
0.19225 953.704386308 
0.192375 953.704847052 
0.1925 953.705307999 
0.192625 953.705769151 
0.19275 953.706230506 
0.192875 953.706692064 
0.193 953.707153827 
0.193125 953.707615792 
0.19325 953.70807796 
0.193375 953.708540332 
0.1935 953.709002906 
0.193625 953.709465682 
0.19375 953.709928661 
0.193875 953.710391842 
0.194 953.710855225 
0.194125 953.71131881 
0.19425 953.711782597 
0.194375 953.712246585 
0.1945 953.712710775 
0.194625 953.713175166 
0.19475 953.713639757 
0.194875 953.71410455 
0.195 953.714569543 
0.195125 953.715034737 
0.19525 953.715500131 
0.195375 953.715965725 
0.1955 953.716431519 
0.195625 953.716897513 
0.19575 953.717363706 
0.195875 953.717830099 
0.196 953.718296692 
0.196125 953.718763483 
0.19625 953.719230473 
0.196375 953.719697662 
0.1965 953.72016505 
0.196625 953.720632636 
0.19675 953.72110042 
0.196875 953.721568403 
0.197 953.722036583 
0.197125 953.722504961 
0.19725 953.722973537 
0.197375 953.72344231 
0.1975 953.72391128 
0.197625 953.724380447 
0.19775 953.724849812 
0.197875 953.725319372 
0.198 953.72578913 
0.198125 953.726259083 
0.19825 953.726729233 
0.198375 953.727199579 
0.1985 953.727670121 
0.198625 953.728140858 
0.19875 953.728611791 
0.198875 953.729082919 
0.199 953.729554243 
0.199125 953.730025761 
0.19925 953.730497474 
0.199375 953.730969382 
0.1995 953.731441484 
0.199625 953.73191378 
0.19975 953.732386271 
0.199875 953.732858955 
0.2 953.733331833 
0.200125 953.733804905 
0.20025 953.73427817 
0.200375 953.734751628 
0.2005 953.73522528 
0.200625 953.735699124 
0.20075 953.736173161 
0.200875 953.736647391 
0.201 953.737121812 
0.201125 953.737596426 
0.20125 953.738071232 
0.201375 953.73854623 
0.2015 953.73902142 
0.201625 953.739496801 
0.20175 953.739972373 
0.201875 953.740448137 
0.202 953.740924091 
0.202125 953.741400236 
0.20225 953.741876572 
0.202375 953.742353098 
0.2025 953.742829815 
0.202625 953.743306722 
0.20275 953.743783818 
0.202875 953.744261104 
0.203 953.74473858 
0.203125 953.745216245 
0.20325 953.7456941 
0.203375 953.746172143 
0.2035 953.746650375 
0.203625 953.747128796 
0.20375 953.747607406 
0.203875 953.748086204 
0.204 953.74856519 
0.204125 953.749044363 
0.20425 953.749523725 
0.204375 953.750003275 
0.2045 953.750483011 
0.204625 953.750962935 
0.20475 953.751443047 
0.204875 953.751923345 
0.205 953.75240383 
0.205125 953.752884501 
0.20525 953.753365359 
0.205375 953.753846403 
0.2055 953.754327633 
0.205625 953.754809049 
0.20575 953.755290651 
0.205875 953.755772438 
0.206 953.75625441 
0.206125 953.756736568 
0.20625 953.75721891 
0.206375 953.757701438 
0.2065 953.75818415 
0.206625 953.758667046 
0.20675 953.759150127 
0.206875 953.759633392 
0.207 953.760116841 
0.207125 953.760600473 
0.20725 953.76108429 
0.207375 953.761568289 
0.2075 953.762052472 
0.207625 953.762536838 
0.20775 953.763021386 
0.207875 953.763506118 
0.208 953.763991031 
0.208125 953.764476127 
0.20825 953.764961406 
0.208375 953.765446866 
0.2085 953.765932508 
0.208625 953.766418332 
0.20875 953.766904337 
0.208875 953.767390523 
0.209 953.767876891 
0.209125 953.768363439 
0.20925 953.768850168 
0.209375 953.769337078 
0.2095 953.769824168 
0.209625 953.770311438 
0.20975 953.770798888 
0.209875 953.771286518 
0.21 953.771774328 
0.210125 953.772262317 
0.21025 953.772750486 
0.210375 953.773238833 
0.2105 953.77372736 
0.210625 953.774216065 
0.21075 953.774704949 
0.210875 953.775194011 
0.211 953.775683252 
0.211125 953.776172671 
0.21125 953.776662267 
0.211375 953.777152041 
0.2115 953.777641993 
0.211625 953.778132122 
0.21175 953.778622428 
0.211875 953.779112911 
0.212 953.779603571 
0.212125 953.780094408 
0.21225 953.780585421 
0.212375 953.78107661 
0.2125 953.781567976 
0.212625 953.782059517 
0.21275 953.782551234 
0.212875 953.783043126 
0.213 953.783535194 
0.213125 953.784027437 
0.21325 953.784519856 
0.213375 953.785012449 
0.2135 953.785505216 
0.213625 953.785998158 
0.21375 953.786491275 
0.213875 953.786984565 
0.214 953.787478029 
0.214125 953.787971668 
0.21425 953.788465479 
0.214375 953.788959464 
0.2145 953.789453623 
0.214625 953.789947954 
0.21475 953.790442458 
0.214875 953.790937135 
0.215 953.791431984 
0.215125 953.791927006 
0.21525 953.7924222 
0.215375 953.792917566 
0.2155 953.793413103 
0.215625 953.793908812 
0.21575 953.794404693 
0.215875 953.794900744 
0.216 953.795396967 
0.216125 953.795893361 
0.21625 953.796389925 
0.216375 953.79688666 
0.2165 953.797383565 
0.216625 953.79788064 
0.21675 953.798377886 
0.216875 953.798875301 
0.217 953.799372885 
0.217125 953.799870639 
0.21725 953.800368563 
0.217375 953.800866655 
0.2175 953.801364916 
0.217625 953.801863346 
0.21775 953.802361944 
0.217875 953.802860711 
0.218 953.803359646 
0.218125 953.803858749 
0.21825 953.80435802 
0.218375 953.804857458 
0.2185 953.805357064 
0.218625 953.805856836 
0.21875 953.806356776 
0.218875 953.806856883 
0.219 953.807357157 
0.219125 953.807857597 
0.21925 953.808358203 
0.219375 953.808858976 
0.2195 953.809359915 
0.219625 953.809861019 
0.21975 953.810362289 
0.219875 953.810863724 
0.22 953.811365325 
0.220125 953.81186709 
0.22025 953.812369021 
0.220375 953.812871116 
0.2205 953.813373376 
0.220625 953.8138758 
0.22075 953.814378388 
0.220875 953.81488114 
0.221 953.815384056 
0.221125 953.815887136 
0.22125 953.816390379 
0.221375 953.816893785 
0.2215 953.817397355 
0.221625 953.817901087 
0.22175 953.818404982 
0.221875 953.818909039 
0.222 953.819413259 
0.222125 953.819917641 
0.22225 953.820422184 
0.222375 953.82092689 
0.2225 953.821431757 
0.222625 953.821936786 
0.22275 953.822441975 
0.222875 953.822947326 
0.223 953.823452838 
0.223125 953.82395851 
0.22325 953.824464343 
0.223375 953.824970336 
0.2235 953.82547649 
0.223625 953.825982803 
0.22375 953.826489276 
0.223875 953.826995909 
0.224 953.827502701 
0.224125 953.828009652 
0.22425 953.828516762 
0.224375 953.829024031 
0.2245 953.829531459 
0.224625 953.830039045 
0.22475 953.83054679 
0.224875 953.831054692 
0.225 953.831562753 
0.225125 953.832070971 
0.22525 953.832579347 
0.225375 953.83308788 
0.2255 953.83359657 
0.225625 953.834105418 
0.22575 953.834614422 
0.225875 953.835123583 
0.226 953.8356329 
0.226125 953.836142374 
0.22625 953.836652004 
0.226375 953.837161789 
0.2265 953.83767173 
0.226625 953.838181827 
0.22675 953.838692079 
0.226875 953.839202487 
0.227 953.839713049 
0.227125 953.840223766 
0.22725 953.840734638 
0.227375 953.841245664 
0.2275 953.841756845 
0.227625 953.842268179 
0.22775 953.842779667 
0.227875 953.843291309 
0.228 953.843803105 
0.228125 953.844315054 
0.22825 953.844827156 
0.228375 953.845339411 
0.2285 953.845851818 
0.228625 953.846364379 
0.22875 953.846877091 
0.228875 953.847389956 
0.229 953.847902973 
0.229125 953.848416142 
0.22925 953.848929462 
0.229375 953.849442934 
0.2295 953.849956557 
0.229625 953.850470331 
0.22975 953.850984257 
0.229875 953.851498332 
0.23 953.852012559 
0.230125 953.852526936 
0.23025 953.853041463 
0.230375 953.853556139 
0.2305 953.854070966 
0.230625 953.854585943 
0.23075 953.855101068 
0.230875 953.855616343 
0.231 953.856131767 
0.231125 953.85664734 
0.23125 953.857163062 
0.231375 953.857678932 
0.2315 953.858194951 
0.231625 953.858711117 
0.23175 953.859227432 
0.231875 953.859743894 
0.232 953.860260504 
0.232125 953.860777261 
0.23225 953.861294166 
0.232375 953.861811217 
0.2325 953.862328415 
0.232625 953.86284576 
0.23275 953.863363252 
0.232875 953.863880889 
0.233 953.864398673 
0.233125 953.864916603 
0.23325 953.865434678 
0.233375 953.865952899 
0.2335 953.866471265 
0.233625 953.866989777 
0.23375 953.867508433 
0.233875 953.868027234 
0.234 953.86854618 
0.234125 953.86906527 
0.23425 953.869584504 
0.234375 953.870103883 
0.2345 953.870623405 
0.234625 953.871143071 
0.23475 953.87166288 
0.234875 953.872182833 
0.235 953.872702929 
0.235125 953.873223167 
0.23525 953.873743549 
0.235375 953.874264073 
0.2355 953.874784739 
0.235625 953.875305547 
0.23575 953.875826498 
0.235875 953.87634759 
0.236 953.876868824 
0.236125 953.877390199 
0.23625 953.877911715 
0.236375 953.878433373 
0.2365 953.878955171 
0.236625 953.87947711 
0.23675 953.87999919 
0.236875 953.88052141 
0.237 953.881043769 
0.237125 953.881566269 
0.23725 953.882088909 
0.237375 953.882611688 
0.2375 953.883134606 
0.237625 953.883657664 
0.23775 953.884180861 
0.237875 953.884704196 
0.238 953.88522767 
0.238125 953.885751282 
0.23825 953.886275033 
0.238375 953.886798922 
0.2385 953.887322948 
0.238625 953.887847113 
0.23875 953.888371414 
0.238875 953.888895853 
0.239 953.889420429 
0.239125 953.889945143 
0.23925 953.890469992 
0.239375 953.890994979 
0.2395 953.891520101 
0.239625 953.89204536 
0.23975 953.892570755 
0.239875 953.893096285 
0.24 953.893621952 
0.240125 953.894147753 
0.24025 953.89467369 
0.240375 953.895199762 
0.2405 953.895725969 
0.240625 953.89625231 
0.24075 953.896778786 
0.240875 953.897305396 
0.241 953.89783214 
0.241125 953.898359018 
0.24125 953.89888603 
0.241375 953.899413176 
0.2415 953.899940454 
0.241625 953.900467866 
0.24175 953.900995411 
0.241875 953.901523089 
0.242 953.902050899 
0.242125 953.902578842 
0.24225 953.903106916 
0.242375 953.903635123 
0.2425 953.904163462 
0.242625 953.904691932 
0.24275 953.905220534 
0.242875 953.905749267 
0.243 953.906278131 
0.243125 953.906807126 
0.24325 953.907336252 
0.243375 953.907865508 
0.2435 953.908394895 
0.243625 953.908924412 
0.24375 953.909454058 
0.243875 953.909983835 
0.244 953.910513741 
0.244125 953.911043776 
0.24425 953.91157394 
0.244375 953.912104234 
0.2445 953.912634656 
0.244625 953.913165207 
0.24475 953.913695887 
0.244875 953.914226694 
0.245 953.91475763 
0.245125 953.915288694 
0.24525 953.915819885 
0.245375 953.916351204 
0.2455 953.91688265 
0.245625 953.917414223 
0.24575 953.917945923 
0.245875 953.91847775 
0.246 953.919009703 
0.246125 953.919541783 
0.24625 953.920073988 
0.246375 953.92060632 
0.2465 953.921138778 
0.246625 953.921671361 
0.24675 953.92220407 
0.246875 953.922736903 
0.247 953.923269862 
0.247125 953.923802946 
0.24725 953.924336154 
0.247375 953.924869487 
0.2475 953.925402944 
0.247625 953.925936525 
0.24775 953.92647023 
0.247875 953.927004059 
0.248 953.927538011 
0.248125 953.928072086 
0.24825 953.928606285 
0.248375 953.929140606 
0.2485 953.929675051 
0.248625 953.930209617 
0.24875 953.930744307 
0.248875 953.931279118 
0.249 953.931814051 
0.249125 953.932349107 
0.24925 953.932884283 
0.249375 953.933419582 
0.2495 953.933955001 
0.249625 953.934490541 
0.24975 953.935026203 
0.249875 953.935561985 
0.25 953.936097887 
0.250125 953.93663391 
0.25025 953.937170052 
0.250375 953.937706315 
0.2505 953.938242697 
0.250625 953.938779199 
0.25075 953.93931582 
0.250875 953.939852561 
0.251 953.94038942 
0.251125 953.940926398 
0.25125 953.941463495 
0.251375 953.94200071 
0.2515 953.942538043 
0.251625 953.943075494 
0.25175 953.943613063 
0.251875 953.944150749 
0.252 953.944688553 
0.252125 953.945226474 
0.25225 953.945764512 
0.252375 953.946302667 
0.2525 953.946840939 
0.252625 953.947379327 
0.25275 953.947917832 
0.252875 953.948456452 
0.253 953.948995189 
0.253125 953.949534041 
0.25325 953.950073008 
0.253375 953.950612091 
0.2535 953.951151289 
0.253625 953.951690602 
0.25375 953.95223003 
0.253875 953.952769572 
0.254 953.953309229 
0.254125 953.953848999 
0.25425 953.954388884 
0.254375 953.954928883 
0.2545 953.955468995 
0.254625 953.956009221 
0.25475 953.956549559 
0.254875 953.957090011 
0.255 953.957630576 
0.255125 953.958171253 
0.25525 953.958712043 
0.255375 953.959252945 
0.2555 953.959793959 
0.255625 953.960335085 
0.25575 953.960876322 
0.255875 953.961417672 
0.256 953.961959132 
0.256125 953.962500704 
0.25625 953.963042386 
0.256375 953.963584179 
0.2565 953.964126083 
0.256625 953.964668097 
0.25675 953.965210221 
0.256875 953.965752456 
0.257 953.966294799 
0.257125 953.966837253 
0.25725 953.967379816 
0.257375 953.967922488 
0.2575 953.968465269 
0.257625 953.969008159 
0.25775 953.969551158 
0.257875 953.970094265 
0.258 953.97063748 
0.258125 953.971180803 
0.25825 953.971724235 
0.258375 953.972267773 
0.2585 953.97281142 
0.258625 953.973355173 
0.25875 953.973899034 
0.258875 953.974443001 
0.259 953.974987076 
0.259125 953.975531256 
0.25925 953.976075544 
0.259375 953.976619937 
0.2595 953.977164436 
0.259625 953.977709041 
0.25975 953.978253751 
0.259875 953.978798567 
0.26 953.979343488 
0.260125 953.979888514 
0.26025 953.980433645 
0.260375 953.98097888 
0.2605 953.98152422 
0.260625 953.982069664 
0.26075 953.982615212 
0.260875 953.983160864 
0.261 953.983706619 
0.261125 953.984252478 
0.26125 953.98479844 
0.261375 953.985344506 
0.2615 953.985890674 
0.261625 953.986436945 
0.26175 953.986983318 
0.261875 953.987529793 
0.262 953.988076371 
0.262125 953.98862305 
0.26225 953.989169832 
0.262375 953.989716714 
0.2625 953.990263699 
0.262625 953.990810784 
0.26275 953.99135797 
0.262875 953.991905257 
0.263 953.992452644 
0.263125 953.993000132 
0.26325 953.99354772 
0.263375 953.994095408 
0.2635 953.994643196 
0.263625 953.995191083 
0.26375 953.99573907 
0.263875 953.996287156 
0.264 953.996835341 
0.264125 953.997383625 
0.26425 953.997932008 
0.264375 953.998480489 
0.2645 953.999029068 
0.264625 953.999577745 
0.26475 954.00012652 
0.264875 954.000675393 
0.265 954.001224363 
0.265125 954.001773431 
0.26525 954.002322595 
0.265375 954.002871857 
0.2655 954.003421215 
0.265625 954.00397067 
0.26575 954.004520221 
0.265875 954.005069868 
0.266 954.005619611 
0.266125 954.00616945 
0.26625 954.006719385 
0.266375 954.007269415 
0.2665 954.00781954 
0.266625 954.00836976 
0.26675 954.008920074 
0.266875 954.009470484 
0.267 954.010020987 
0.267125 954.010571585 
0.26725 954.011122277 
0.267375 954.011673063 
0.2675 954.012223943 
0.267625 954.012774915 
0.26775 954.013325982 
0.267875 954.013877141 
0.268 954.014428393 
0.268125 954.014979737 
0.26825 954.015531174 
0.268375 954.016082704 
0.2685 954.016634325 
0.268625 954.017186039 
0.26875 954.017737844 
0.268875 954.01828974 
0.269 954.018841728 
0.269125 954.019393807 
0.26925 954.019945977 
0.269375 954.020498238 
0.2695 954.021050589 
0.269625 954.021603031 
0.26975 954.022155562 
0.269875 954.022708184 
0.27 954.023260895 
0.270125 954.023813696 
0.27025 954.024366587 
0.270375 954.024919566 
0.2705 954.025472635 
0.270625 954.026025792 
0.27075 954.026579038 
0.270875 954.027132373 
0.271 954.027685795 
0.271125 954.028239306 
0.27125 954.028792904 
0.271375 954.02934659 
0.2715 954.029900364 
0.271625 954.030454225 
0.27175 954.031008173 
0.271875 954.031562207 
0.272 954.032116329 
0.272125 954.032670537 
0.27225 954.033224831 
0.272375 954.033779211 
0.2725 954.034333677 
0.272625 954.034888229 
0.27275 954.035442867 
0.272875 954.03599759 
0.273 954.036552397 
0.273125 954.03710729 
0.27325 954.037662268 
0.273375 954.03821733 
0.2735 954.038772476 
0.273625 954.039327707 
0.27375 954.039883022 
0.273875 954.04043842 
0.274 954.040993902 
0.274125 954.041549467 
0.27425 954.042105116 
0.274375 954.042660848 
0.2745 954.043216662 
0.274625 954.043772559 
0.27475 954.044328538 
0.274875 954.0448846 
0.275 954.045440744 
0.275125 954.045996969 
0.27525 954.046553277 
0.275375 954.047109665 
0.2755 954.047666135 
0.275625 954.048222686 
0.27575 954.048779318 
0.275875 954.04933603 
0.276 954.049892823 
0.276125 954.050449697 
0.27625 954.05100665 
0.276375 954.051563684 
0.2765 954.052120797 
0.276625 954.052677989 
0.27675 954.053235261 
0.276875 954.053792612 
0.277 954.054350042 
0.277125 954.054907551 
0.27725 954.055465138 
0.277375 954.056022804 
0.2775 954.056580547 
0.277625 954.057138369 
0.27775 954.057696269 
0.277875 954.058254246 
0.278 954.0588123 
0.278125 954.059370432 
0.27825 954.059928641 
0.278375 954.060486927 
0.2785 954.061045289 
0.278625 954.061603727 
0.27875 954.062162242 
0.278875 954.062720833 
0.279 954.0632795 
0.279125 954.063838242 
0.27925 954.06439706 
0.279375 954.064955953 
0.2795 954.065514921 
0.279625 954.066073964 
0.27975 954.066633082 
0.279875 954.067192274 
0.28 954.067751541 
0.280125 954.068310881 
0.28025 954.068870296 
0.280375 954.069429784 
0.2805 954.069989346 
0.280625 954.070548981 
0.28075 954.071108689 
0.280875 954.07166847 
0.281 954.072228324 
0.281125 954.07278825 
0.28125 954.073348249 
0.281375 954.07390832 
0.2815 954.074468463 
0.281625 954.075028678 
0.28175 954.075588964 
0.281875 954.076149322 
0.282 954.076709751 
0.282125 954.07727025 
0.28225 954.077830821 
0.282375 954.078391462 
0.2825 954.078952174 
0.282625 954.079512956 
0.28275 954.080073808 
0.282875 954.08063473 
0.283 954.081195721 
0.283125 954.081756782 
0.28325 954.082317913 
0.283375 954.082879112 
0.2835 954.08344038 
0.283625 954.084001717 
0.28375 954.084563122 
0.283875 954.085124596 
0.284 954.085686137 
0.284125 954.086247747 
0.28425 954.086809424 
0.284375 954.087371169 
0.2845 954.087932981 
0.284625 954.08849486 
0.28475 954.089056807 
0.284875 954.08961882 
0.285 954.090180899 
0.285125 954.090743045 
0.28525 954.091305257 
0.285375 954.091867535 
0.2855 954.092429878 
0.285625 954.092992288 
0.28575 954.093554762 
0.285875 954.094117302 
0.286 954.094679907 
0.286125 954.095242577 
0.28625 954.095805311 
0.286375 954.09636811 
0.2865 954.096930973 
0.286625 954.0974939 
0.28675 954.098056891 
0.286875 954.098619945 
0.287 954.099183063 
0.287125 954.099746244 
0.28725 954.100309488 
0.287375 954.100872795 
0.2875 954.101436165 
0.287625 954.101999597 
0.28775 954.102563092 
0.287875 954.103126648 
0.288 954.103690267 
0.288125 954.104253947 
0.28825 954.104817689 
0.288375 954.105381492 
0.2885 954.105945356 
0.288625 954.106509281 
0.28875 954.107073267 
0.288875 954.107637313 
0.289 954.10820142 
0.289125 954.108765586 
0.28925 954.109329813 
0.289375 954.1098941 
0.2895 954.110458446 
0.289625 954.111022851 
0.28975 954.111587316 
0.289875 954.11215184 
0.29 954.112716422 
0.290125 954.113281063 
0.29025 954.113845763 
0.290375 954.114410521 
0.2905 954.114975336 
0.290625 954.11554021 
0.29075 954.116105141 
0.290875 954.11667013 
0.291 954.117235176 
0.291125 954.117800279 
0.29125 954.118365438 
0.291375 954.118930655 
0.2915 954.119495928 
0.291625 954.120061257 
0.29175 954.120626642 
0.291875 954.121192083 
0.292 954.12175758 
0.292125 954.122323133 
0.29225 954.12288874 
0.292375 954.123454403 
0.2925 954.124020121 
0.292625 954.124585894 
0.29275 954.125151721 
0.292875 954.125717602 
0.293 954.126283537 
0.293125 954.126849527 
0.29325 954.12741557 
0.293375 954.127981667 
0.2935 954.128547817 
0.293625 954.12911402 
0.29375 954.129680277 
0.293875 954.130246586 
0.294 954.130812948 
0.294125 954.131379362 
0.29425 954.131945828 
0.294375 954.132512346 
0.2945 954.133078917 
0.294625 954.133645539 
0.29475 954.134212212 
0.294875 954.134778936 
0.295 954.135345712 
0.295125 954.135912538 
0.29525 954.136479415 
0.295375 954.137046343 
0.2955 954.137613321 
0.295625 954.138180349 
0.29575 954.138747426 
0.295875 954.139314554 
0.296 954.139881731 
0.296125 954.140448957 
0.29625 954.141016233 
0.296375 954.141583557 
0.2965 954.14215093 
0.296625 954.142718352 
0.29675 954.143285822 
0.296875 954.14385334 
0.297 954.144420906 
0.297125 954.14498852 
0.29725 954.145556181 
0.297375 954.14612389 
0.2975 954.146691646 
0.297625 954.147259449 
0.29775 954.147827299 
0.297875 954.148395195 
0.298 954.148963138 
0.298125 954.149531127 
0.29825 954.150099162 
0.298375 954.150667243 
0.2985 954.151235369 
0.298625 954.151803541 
0.29875 954.152371758 
0.298875 954.15294002 
0.299 954.153508327 
0.299125 954.154076679 
0.29925 954.154645075 
0.299375 954.155213516 
0.2995 954.155782 
0.299625 954.156350529 
0.29975 954.156919101 
0.299875 954.157487717 
0.3 954.158056376 
0.300125 954.158625078 
0.30025 954.159193823 
0.300375 954.159762611 
0.3005 954.160331441 
0.300625 954.160900314 
0.30075 954.161469228 
0.300875 954.162038185 
0.301 954.162607184 
0.301125 954.163176224 
0.30125 954.163745305 
0.301375 954.164314428 
0.3015 954.164883592 
0.301625 954.165452796 
0.30175 954.166022041 
0.301875 954.166591327 
0.302 954.167160653 
0.302125 954.167730018 
0.30225 954.168299424 
0.302375 954.168868869 
0.3025 954.169438354 
0.302625 954.170007878 
0.30275 954.170577441 
0.302875 954.171147043 
0.303 954.171716684 
0.303125 954.172286363 
0.30325 954.17285608 
0.303375 954.173425836 
0.3035 954.173995629 
0.303625 954.17456546 
0.30375 954.175135329 
0.303875 954.175705235 
0.304 954.176275178 
0.304125 954.176845158 
0.30425 954.177415175 
0.304375 954.177985228 
0.3045 954.178555318 
0.304625 954.179125444 
0.30475 954.179695605 
0.304875 954.180265803 
0.305 954.180836036 
0.305125 954.181406305 
0.30525 954.181976609 
0.305375 954.182546948 
0.3055 954.183117321 
0.305625 954.18368773 
0.30575 954.184258172 
0.305875 954.184828649 
0.306 954.18539916 
0.306125 954.185969705 
0.30625 954.186540284 
0.306375 954.187110896 
0.3065 954.187681541 
0.306625 954.18825222 
0.30675 954.188822931 
0.306875 954.189393675 
0.307 954.189964451 
0.307125 954.19053526 
0.30725 954.191106101 
0.307375 954.191676974 
0.3075 954.192247879 
0.307625 954.192818815 
0.30775 954.193389782 
0.307875 954.193960781 
0.308 954.194531811 
0.308125 954.195102871 
0.30825 954.195673962 
0.308375 954.196245083 
0.3085 954.196816235 
0.308625 954.197387417 
0.30875 954.197958628 
0.308875 954.198529869 
0.309 954.199101139 
0.309125 954.199672439 
0.30925 954.200243768 
0.309375 954.200815125 
0.3095 954.201386512 
0.309625 954.201957926 
0.30975 954.202529369 
0.309875 954.20310084 
0.31 954.203672339 
0.310125 954.204243866 
0.31025 954.20481542 
0.310375 954.205387002 
0.3105 954.20595861 
0.310625 954.206530246 
0.31075 954.207101908 
0.310875 954.207673597 
0.311 954.208245312 
0.311125 954.208817053 
0.31125 954.209388821 
0.311375 954.209960614 
0.3115 954.210532432 
0.311625 954.211104276 
0.31175 954.211676146 
0.311875 954.21224804 
0.312 954.212819959 
0.312125 954.213391903 
0.31225 954.213963871 
0.312375 954.214535863 
0.3125 954.215107879 
0.312625 954.21567992 
0.31275 954.216251983 
0.312875 954.216824071 
0.313 954.217396182 
0.313125 954.217968315 
0.31325 954.218540472 
0.313375 954.219112651 
0.3135 954.219684853 
0.313625 954.220257077 
0.31375 954.220829324 
0.313875 954.221401592 
0.314 954.221973882 
0.314125 954.222546193 
0.31425 954.223118526 
0.314375 954.22369088 
0.3145 954.224263255 
0.314625 954.224835651 
0.31475 954.225408068 
0.314875 954.225980504 
0.315 954.226552961 
0.315125 954.227125439 
0.31525 954.227697935 
0.315375 954.228270452 
0.3155 954.228842988 
0.315625 954.229415543 
0.31575 954.229988117 
0.315875 954.230560711 
0.316 954.231133322 
0.316125 954.231705953 
0.31625 954.232278601 
0.316375 954.232851268 
0.3165 954.233423953 
0.316625 954.233996655 
0.31675 954.234569375 
0.316875 954.235142112 
0.317 954.235714866 
0.317125 954.236287638 
0.31725 954.236860426 
0.317375 954.23743323 
0.3175 954.238006051 
0.317625 954.238578889 
0.31775 954.239151742 
0.317875 954.239724611 
0.318 954.240297496 
0.318125 954.240870396 
0.31825 954.241443311 
0.318375 954.242016241 
0.3185 954.242589187 
0.318625 954.243162146 
0.31875 954.243735121 
0.318875 954.244308109 
0.319 954.244881112 
0.319125 954.245454129 
0.31925 954.246027159 
0.319375 954.246600203 
0.3195 954.24717326 
0.319625 954.24774633 
0.31975 954.248319414 
0.319875 954.24889251 
0.32 954.249465618 
0.320125 954.250038739 
0.32025 954.250611872 
0.320375 954.251185017 
0.3205 954.251758174 
0.320625 954.252331343 
0.32075 954.252904522 
0.320875 954.253477714 
0.321 954.254050916 
0.321125 954.254624129 
0.32125 954.255197352 
0.321375 954.255770587 
0.3215 954.256343831 
0.321625 954.256917085 
0.32175 954.25749035 
0.321875 954.258063624 
0.322 954.258636907 
0.322125 954.2592102 
0.32225 954.259783502 
0.322375 954.260356813 
0.3225 954.260930133 
0.322625 954.261503461 
0.32275 954.262076798 
0.322875 954.262650143 
0.323 954.263223496 
0.323125 954.263796856 
0.32325 954.264370225 
0.323375 954.2649436 
0.3235 954.265516983 
0.323625 954.266090373 
0.32375 954.26666377 
0.323875 954.267237173 
0.324 954.267810583 
0.324125 954.268383999 
0.32425 954.268957421 
0.324375 954.269530849 
0.3245 954.270104283 
0.324625 954.270677723 
0.32475 954.271251167 
0.324875 954.271824617 
0.325 954.272398072 
0.325125 954.272971531 
0.32525 954.273544995 
0.325375 954.274118464 
0.3255 954.274691936 
0.325625 954.275265413 
0.32575 954.275838893 
0.325875 954.276412378 
0.326 954.276985865 
0.326125 954.277559356 
0.32625 954.278132849 
0.326375 954.278706346 
0.3265 954.279279845 
0.326625 954.279853347 
0.32675 954.280426851 
0.326875 954.281000357 
0.327 954.281573865 
0.327125 954.282147375 
0.32725 954.282720887 
0.327375 954.283294399 
0.3275 954.283867913 
0.327625 954.284441428 
0.32775 954.285014943 
0.327875 954.285588459 
0.328 954.286161976 
0.328125 954.286735493 
0.32825 954.287309009 
0.328375 954.287882526 
0.3285 954.288456042 
0.328625 954.289029558 
0.32875 954.289603073 
0.328875 954.290176587 
0.329 954.2907501 
0.329125 954.291323611 
0.32925 954.291897121 
0.329375 954.29247063 
0.3295 954.293044136 
0.329625 954.293617641 
0.32975 954.294191143 
0.329875 954.294764642 
0.33 954.29533814 
0.330125 954.295911634 
0.33025 954.296485125 
0.330375 954.297058613 
0.3305 954.297632098 
0.330625 954.298205579 
0.33075 954.298779056 
0.330875 954.29935253 
0.331 954.299925999 
0.331125 954.300499464 
0.33125 954.301072924 
0.331375 954.30164638 
0.3315 954.302219831 
0.331625 954.302793277 
0.33175 954.303366717 
0.331875 954.303940152 
0.332 954.304513581 
0.332125 954.305087005 
0.33225 954.305660422 
0.332375 954.306233834 
0.3325 954.306807239 
0.332625 954.307380637 
0.33275 954.307954028 
0.332875 954.308527413 
0.333 954.30910079 
0.333125 954.30967416 
0.33325 954.310247523 
0.333375 954.310820877 
0.3335 954.311394224 
0.333625 954.311967563 
0.33375 954.312540894 
0.333875 954.313114216 
0.334 954.313687529 
0.334125 954.314260833 
0.33425 954.314834129 
0.334375 954.315407415 
0.3345 954.315980692 
0.334625 954.316553959 
0.33475 954.317127216 
0.334875 954.317700464 
0.335 954.318273701 
0.335125 954.318846928 
0.33525 954.319420145 
0.335375 954.31999335 
0.3355 954.320566545 
0.335625 954.321139729 
0.33575 954.321712901 
0.335875 954.322286062 
0.336 954.322859211 
0.336125 954.323432348 
0.33625 954.324005474 
0.336375 954.324578587 
0.3365 954.325151687 
0.336625 954.325724776 
0.33675 954.326297851 
0.336875 954.326870913 
0.337 954.327443962 
0.337125 954.328016998 
0.33725 954.32859002 
0.337375 954.329163029 
0.3375 954.329736023 
0.337625 954.330309004 
0.33775 954.33088197 
0.337875 954.331454922 
0.338 954.332027859 
0.338125 954.332600781 
0.33825 954.333173689 
0.338375 954.333746581 
0.3385 954.334319457 
0.338625 954.334892318 
0.33875 954.335465163 
0.338875 954.336037993 
0.339 954.336610806 
0.339125 954.337183602 
0.33925 954.337756383 
0.339375 954.338329146 
0.3395 954.338901893 
0.339625 954.339474622 
0.33975 954.340047334 
0.339875 954.340620029 
0.34 954.341192706 
0.340125 954.341765365 
0.34025 954.342338007 
0.340375 954.34291063 
0.3405 954.343483234 
0.340625 954.34405582 
0.34075 954.344628388 
0.340875 954.345200936 
0.341 954.345773465 
0.341125 954.346345975 
0.34125 954.346918466 
0.341375 954.347490936 
0.3415 954.348063387 
0.341625 954.348635818 
0.34175 954.349208228 
0.341875 954.349780618 
0.342 954.350352988 
0.342125 954.350925336 
0.34225 954.351497664 
0.342375 954.35206997 
0.3425 954.352642255 
0.342625 954.353214519 
0.34275 954.35378676 
0.342875 954.35435898 
0.343 954.354931178 
0.343125 954.355503353 
0.34325 954.356075506 
0.343375 954.356647636 
0.3435 954.357219744 
0.343625 954.357791828 
0.34375 954.358363889 
0.343875 954.358935927 
0.344 954.359507941 
0.344125 954.360079931 
0.34425 954.360651898 
0.344375 954.36122384 
0.3445 954.361795758 
0.344625 954.362367651 
0.34475 954.362939519 
0.344875 954.363511363 
0.345 954.364083182 
0.345125 954.364654975 
0.34525 954.365226743 
0.345375 954.365798485 
0.3455 954.366370202 
0.345625 954.366941892 
0.34575 954.367513557 
0.345875 954.368085194 
0.346 954.368656806 
0.346125 954.36922839 
0.34625 954.369799948 
0.346375 954.370371478 
0.3465 954.370942982 
0.346625 954.371514457 
0.34675 954.372085906 
0.346875 954.372657326 
0.347 954.373228718 
0.347125 954.373800082 
0.34725 954.374371417 
0.347375 954.374942724 
0.3475 954.375514003 
0.347625 954.376085252 
0.34775 954.376656472 
0.347875 954.377227663 
0.348 954.377798824 
0.348125 954.378369956 
0.34825 954.378941057 
0.348375 954.379512129 
0.3485 954.38008317 
0.348625 954.380654181 
0.34875 954.381225161 
0.348875 954.381796111 
0.349 954.382367029 
0.349125 954.382937917 
0.34925 954.383508773 
0.349375 954.384079597 
0.3495 954.38465039 
0.349625 954.385221151 
0.34975 954.38579188 
0.349875 954.386362576 
0.35 954.38693324 
0.350125 954.387503872 
0.35025 954.38807447 
0.350375 954.388645036 
0.3505 954.389215568 
0.350625 954.389786067 
0.35075 954.390356532 
0.350875 954.390926964 
0.351 954.391497362 
0.351125 954.392067726 
0.35125 954.392638055 
0.351375 954.39320835 
0.3515 954.39377861 
0.351625 954.394348836 
0.35175 954.394919026 
0.351875 954.395489181 
0.352 954.396059301 
0.352125 954.396629385 
0.35225 954.397199434 
0.352375 954.397769446 
0.3525 954.398339423 
0.352625 954.398909363 
0.35275 954.399479267 
0.352875 954.400049134 
0.353 954.400618964 
0.353125 954.401188757 
0.35325 954.401758513 
0.353375 954.402328231 
0.3535 954.402897912 
0.353625 954.403467555 
0.35375 954.40403716 
0.353875 954.404606727 
0.354 954.405176256 
0.354125 954.405745746 
0.35425 954.406315198 
0.354375 954.406884611 
0.3545 954.407453985 
0.354625 954.408023319 
0.35475 954.408592614 
0.354875 954.40916187 
0.355 954.409731085 
0.355125 954.410300261 
0.35525 954.410869397 
0.355375 954.411438492 
0.3555 954.412007547 
0.355625 954.412576561 
0.35575 954.413145534 
0.355875 954.413714467 
0.356 954.414283358 
0.356125 954.414852207 
0.35625 954.415421015 
0.356375 954.415989782 
0.3565 954.416558506 
0.356625 954.417127188 
0.35675 954.417695828 
0.356875 954.418264425 
0.357 954.41883298 
0.357125 954.419401492 
0.35725 954.419969961 
0.357375 954.420538386 
0.3575 954.421106769 
0.357625 954.421675107 
0.35775 954.422243402 
0.357875 954.422811653 
0.358 954.42337986 
0.358125 954.423948022 
0.35825 954.424516141 
0.358375 954.425084214 
0.3585 954.425652242 
0.358625 954.426220226 
0.35875 954.426788164 
0.358875 954.427356057 
0.359 954.427923904 
0.359125 954.428491706 
0.35925 954.429059462 
0.359375 954.429627171 
0.3595 954.430194834 
0.359625 954.430762451 
0.35975 954.431330021 
0.359875 954.431897545 
0.36 954.432465021 
0.360125 954.43303245 
0.36025 954.433599832 
0.360375 954.434167166 
0.3605 954.434734452 
0.360625 954.435301691 
0.36075 954.435868881 
0.360875 954.436436023 
0.361 954.437003117 
0.361125 954.437570162 
0.36125 954.438137158 
0.361375 954.438704105 
0.3615 954.439271004 
0.361625 954.439837852 
0.36175 954.440404651 
0.361875 954.440971401 
0.362 954.441538101 
0.362125 954.44210475 
0.36225 954.442671349 
0.362375 954.443237898 
0.3625 954.443804396 
0.362625 954.444370844 
0.36275 954.44493724 
0.362875 954.445503586 
0.363 954.44606988 
0.363125 954.446636122 
0.36325 954.447202313 
0.363375 954.447768452 
0.3635 954.448334539 
0.363625 954.448900573 
0.36375 954.449466556 
0.363875 954.450032485 
0.364 954.450598362 
0.364125 954.451164186 
0.36425 954.451729957 
0.364375 954.452295675 
0.3645 954.452861339 
0.364625 954.453426949 
0.36475 954.453992506 
0.364875 954.454558008 
0.365 954.455123457 
0.365125 954.455688851 
0.36525 954.45625419 
0.365375 954.456819475 
0.3655 954.457384705 
0.365625 954.45794988 
0.36575 954.458514999 
0.365875 954.459080064 
0.366 954.459645072 
0.366125 954.460210025 
0.36625 954.460774921 
0.366375 954.461339762 
0.3665 954.461904546 
0.366625 954.462469274 
0.36675 954.463033945 
0.366875 954.463598559 
0.367 954.464163117 
0.367125 954.464727617 
0.36725 954.465292059 
0.367375 954.465856444 
0.3675 954.466420771 
0.367625 954.466985041 
0.36775 954.467549252 
0.367875 954.468113405 
0.368 954.468677499 
0.368125 954.469241535 
0.36825 954.469805512 
0.368375 954.47036943 
0.3685 954.470933289 
0.368625 954.471497089 
0.36875 954.472060829 
0.368875 954.472624509 
0.369 954.47318813 
0.369125 954.47375169 
0.36925 954.47431519 
0.369375 954.47487863 
0.3695 954.475442009 
0.369625 954.476005327 
0.36975 954.476568585 
0.369875 954.477131781 
0.37 954.477694916 
0.370125 954.47825799 
0.37025 954.478821002 
0.370375 954.479383952 
0.3705 954.47994684 
0.370625 954.480509666 
0.37075 954.48107243 
0.370875 954.481635131 
0.371 954.48219777 
0.371125 954.482760345 
0.37125 954.483322858 
0.371375 954.483885307 
0.3715 954.484447693 
0.371625 954.485010015 
0.37175 954.485572274 
0.371875 954.486134468 
0.372 954.486696599 
0.372125 954.487258665 
0.37225 954.487820667 
0.372375 954.488382604 
0.3725 954.488944476 
0.372625 954.489506284 
0.37275 954.490068026 
0.372875 954.490629703 
0.373 954.491191314 
0.373125 954.49175286 
0.37325 954.492314339 
0.373375 954.492875753 
0.3735 954.493437101 
0.373625 954.493998382 
0.37375 954.494559596 
0.373875 954.495120744 
0.374 954.495681825 
0.374125 954.496242839 
0.37425 954.496803786 
0.374375 954.497364665 
0.3745 954.497925476 
0.374625 954.49848622 
0.37475 954.499046896 
0.374875 954.499607504 
0.375 954.500168043 
0.375125 954.500728514 
0.37525 954.501288916 
0.375375 954.50184925 
0.3755 954.502409514 
0.375625 954.502969709 
0.37575 954.503529835 
0.375875 954.504089891 
0.376 954.504649878 
0.376125 954.505209795 
0.37625 954.505769641 
0.376375 954.506329418 
0.3765 954.506889124 
0.376625 954.507448759 
0.37675 954.508008324 
0.376875 954.508567818 
0.377 954.50912724 
0.377125 954.509686592 
0.37725 954.510245872 
0.377375 954.51080508 
0.3775 954.511364217 
0.377625 954.511923282 
0.37775 954.512482274 
0.377875 954.513041194 
0.378 954.513600042 
0.378125 954.514158817 
0.37825 954.514717519 
0.378375 954.515276148 
0.3785 954.515834705 
0.378625 954.516393187 
0.37875 954.516951596 
0.378875 954.517509932 
0.379 954.518068194 
0.379125 954.518626381 
0.37925 954.519184494 
0.379375 954.519742533 
0.3795 954.520300498 
0.379625 954.520858388 
0.37975 954.521416202 
0.379875 954.521973942 
0.38 954.522531607 
0.380125 954.523089196 
0.38025 954.523646709 
0.380375 954.524204147 
0.3805 954.524761509 
0.380625 954.525318794 
0.38075 954.525876004 
0.380875 954.526433136 
0.381 954.526990193 
0.381125 954.527547172 
0.38125 954.528104075 
0.381375 954.5286609 
0.3815 954.529217648 
0.381625 954.529774319 
0.38175 954.530330912 
0.381875 954.530887427 
0.382 954.531443864 
0.382125 954.532000223 
0.38225 954.532556504 
0.382375 954.533112706 
0.3825 954.533668829 
0.382625 954.534224874 
0.38275 954.534780839 
0.382875 954.535336725 
0.383 954.535892532 
0.383125 954.53644826 
0.38325 954.537003908 
0.383375 954.537559475 
0.3835 954.538114963 
0.383625 954.538670371 
0.38375 954.539225698 
0.383875 954.539780944 
0.384 954.54033611 
0.384125 954.540891195 
0.38425 954.541446199 
0.384375 954.542001122 
0.3845 954.542555963 
0.384625 954.543110723 
0.38475 954.5436654 
0.384875 954.544219996 
0.385 954.54477451 
0.385125 954.545328942 
0.38525 954.545883291 
0.385375 954.546437557 
0.3855 954.546991741 
0.385625 954.547545842 
0.38575 954.54809986 
0.385875 954.548653794 
0.386 954.549207645 
0.386125 954.549761412 
0.38625 954.550315096 
0.386375 954.550868695 
0.3865 954.551422211 
0.386625 954.551975642 
0.38675 954.552528988 
0.386875 954.55308225 
0.387 954.553635428 
0.387125 954.55418852 
0.38725 954.554741527 
0.387375 954.555294449 
0.3875 954.555847285 
0.387625 954.556400035 
0.38775 954.5569527 
0.387875 954.557505279 
0.388 954.558057771 
0.388125 954.558610178 
0.38825 954.559162497 
0.388375 954.55971473 
0.3885 954.560266877 
0.388625 954.560818936 
0.38875 954.561370908 
0.388875 954.561922793 
0.389 954.56247459 
0.389125 954.563026299 
0.38925 954.563577921 
0.389375 954.564129455 
0.3895 954.5646809 
0.389625 954.565232257 
0.38975 954.565783526 
0.389875 954.566334706 
0.39 954.566885797 
0.390125 954.567436799 
0.39025 954.567987711 
0.390375 954.568538535 
0.3905 954.569089269 
0.390625 954.569639913 
0.39075 954.570190467 
0.390875 954.570740932 
0.391 954.571291306 
0.391125 954.57184159 
0.39125 954.572391783 
0.391375 954.572941885 
0.3915 954.573491897 
0.391625 954.574041818 
0.39175 954.574591647 
0.391875 954.575141385 
0.392 954.575691032 
0.392125 954.576240586 
0.39225 954.576790049 
0.392375 954.57733942 
0.3925 954.577888699 
0.392625 954.578437885 
0.39275 954.578986979 
0.392875 954.57953598 
0.393 954.580084888 
0.393125 954.580633704 
0.39325 954.581182426 
0.393375 954.581731054 
0.3935 954.582279589 
0.393625 954.582828031 
0.39375 954.583376378 
0.393875 954.583924632 
0.394 954.584472791 
0.394125 954.585020856 
0.39425 954.585568826 
0.394375 954.586116702 
0.3945 954.586664483 
0.394625 954.587212169 
0.39475 954.587759759 
0.394875 954.588307255 
0.395 954.588854654 
0.395125 954.589401958 
0.39525 954.589949167 
0.395375 954.590496279 
0.3955 954.591043295 
0.395625 954.591590214 
0.39575 954.592137038 
0.395875 954.592683764 
0.396 954.593230394 
0.396125 954.593776926 
0.39625 954.594323362 
0.396375 954.5948697 
0.3965 954.59541594 
0.396625 954.595962083 
0.39675 954.596508128 
0.396875 954.597054075 
0.397 954.597599924 
0.397125 954.598145675 
0.39725 954.598691327 
0.397375 954.59923688 
0.3975 954.599782335 
0.397625 954.600327691 
0.39775 954.600872947 
0.397875 954.601418104 
0.398 954.601963162 
0.398125 954.60250812 
0.39825 954.603052979 
0.398375 954.603597737 
0.3985 954.604142395 
0.398625 954.604686953 
0.39875 954.60523141 
0.398875 954.605775767 
0.399 954.606320023 
0.399125 954.606864178 
0.39925 954.607408232 
0.399375 954.607952185 
0.3995 954.608496036 
0.399625 954.609039786 
0.39975 954.609583434 
0.399875 954.61012698 
0.4 954.610670424 
0.400125 954.611213765 
0.40025 954.611757004 
0.400375 954.612300141 
0.4005 954.612843175 
0.400625 954.613386106 
0.40075 954.613928934 
0.400875 954.614471659 
0.401 954.61501428 
0.401125 954.615556798 
0.40125 954.616099212 
0.401375 954.616641522 
0.4015 954.617183728 
0.401625 954.61772583 
0.40175 954.618267827 
0.401875 954.618809721 
0.402 954.619351509 
0.402125 954.619893192 
0.40225 954.620434771 
0.402375 954.620976244 
0.4025 954.621517612 
0.402625 954.622058875 
0.40275 954.622600031 
0.402875 954.623141082 
0.403 954.623682027 
0.403125 954.624222866 
0.40325 954.624763599 
0.403375 954.625304225 
0.4035 954.625844745 
0.403625 954.626385157 
0.40375 954.626925463 
0.403875 954.627465662 
0.404 954.628005753 
0.404125 954.628545737 
0.40425 954.629085613 
0.404375 954.629625382 
0.4045 954.630165043 
0.404625 954.630704595 
0.40475 954.63124404 
0.404875 954.631783376 
0.405 954.632322603 
0.405125 954.632861722 
0.40525 954.633400732 
0.405375 954.633939633 
0.4055 954.634478424 
0.405625 954.635017106 
0.40575 954.635555679 
0.405875 954.636094142 
0.406 954.636632496 
0.406125 954.637170739 
0.40625 954.637708872 
0.406375 954.638246895 
0.4065 954.638784807 
0.406625 954.639322609 
0.40675 954.6398603 
0.406875 954.64039788 
0.407 954.640935348 
0.407125 954.641472706 
0.40725 954.642009952 
0.407375 954.642547087 
0.4075 954.643084109 
0.407625 954.64362102 
0.40775 954.644157819 
0.407875 954.644694506 
0.408 954.64523108 
0.408125 954.645767542 
0.40825 954.646303891 
0.408375 954.646840127 
0.4085 954.64737625 
0.408625 954.64791226 
0.40875 954.648448157 
0.408875 954.64898394 
0.409 954.649519609 
0.409125 954.650055165 
0.40925 954.650590607 
0.409375 954.651125934 
0.4095 954.651661147 
0.409625 954.652196246 
0.40975 954.652731231 
0.409875 954.6532661 
0.41 954.653800855 
0.410125 954.654335494 
0.41025 954.654870019 
0.410375 954.655404427 
0.4105 954.655938721 
0.410625 954.656472898 
0.41075 954.65700696 
0.410875 954.657540906 
0.411 954.658074736 
0.411125 954.658608449 
0.41125 954.659142046 
0.411375 954.659675526 
0.4115 954.660208889 
0.411625 954.660742136 
0.41175 954.661275265 
0.411875 954.661808277 
0.412 954.662341172 
0.412125 954.662873949 
0.41225 954.663406608 
0.412375 954.66393915 
0.4125 954.664471573 
0.412625 954.665003878 
0.41275 954.665536065 
0.412875 954.666068133 
0.413 954.666600083 
0.413125 954.667131914 
0.41325 954.667663625 
0.413375 954.668195218 
0.4135 954.668726691 
0.413625 954.669258045 
0.41375 954.66978928 
0.413875 954.670320394 
0.414 954.670851389 
0.414125 954.671382263 
0.41425 954.671913017 
0.414375 954.672443651 
0.4145 954.672974165 
0.414625 954.673504557 
0.41475 954.674034829 
0.414875 954.67456498 
0.415 954.67509501 
0.415125 954.675624918 
0.41525 954.676154705 
0.415375 954.67668437 
0.4155 954.677213913 
0.415625 954.677743335 
0.41575 954.678272634 
0.415875 954.678801812 
0.416 954.679330866 
0.416125 954.679859799 
0.41625 954.680388608 
0.416375 954.680917295 
0.4165 954.681445858 
0.416625 954.681974299 
0.41675 954.682502616 
0.416875 954.68303081 
0.417 954.68355888 
0.417125 954.684086826 
0.41725 954.684614649 
0.417375 954.685142347 
0.4175 954.685669921 
0.417625 954.68619737 
0.41775 954.686724695 
0.417875 954.687251896 
0.418 954.687778971 
0.418125 954.688305922 
0.41825 954.688832747 
0.418375 954.689359447 
0.4185 954.689886022 
0.418625 954.690412471 
0.41875 954.690938794 
0.418875 954.691464991 
0.419 954.691991062 
0.419125 954.692517007 
0.41925 954.693042826 
0.419375 954.693568518 
0.4195 954.694094083 
0.419625 954.694619521 
0.41975 954.695144833 
0.419875 954.695670017 
0.42 954.696195074 
0.420125 954.696720004 
0.42025 954.697244806 
0.420375 954.69776948 
0.4205 954.698294026 
0.420625 954.698818444 
0.42075 954.699342734 
0.420875 954.699866896 
0.421 954.700390929 
0.421125 954.700914834 
0.42125 954.70143861 
0.421375 954.701962256 
0.4215 954.702485774 
0.421625 954.703009162 
0.42175 954.703532421 
0.421875 954.704055551 
0.422 954.70457855 
0.422125 954.70510142 
0.42225 954.70562416 
0.422375 954.706146769 
0.4225 954.706669249 
0.422625 954.707191597 
0.42275 954.707713815 
0.422875 954.708235903 
0.423 954.708757859 
0.423125 954.709279685 
0.42325 954.709801379 
0.423375 954.710322942 
0.4235 954.710844373 
0.423625 954.711365672 
0.42375 954.71188684 
0.423875 954.712407876 
0.424 954.71292878 
0.424125 954.713449551 
0.42425 954.71397019 
0.424375 954.714490696 
0.4245 954.71501107 
0.424625 954.715531311 
0.42475 954.716051419 
0.424875 954.716571393 
0.425 954.717091235 
0.425125 954.717610942 
0.42525 954.718130517 
0.425375 954.718649957 
0.4255 954.719169264 
0.425625 954.719688436 
0.42575 954.720207474 
0.425875 954.720726378 
0.426 954.721245148 
0.426125 954.721763782 
0.42625 954.722282282 
0.426375 954.722800647 
0.4265 954.723318877 
0.426625 954.723836972 
0.42675 954.724354931 
0.426875 954.724872755 
0.427 954.725390443 
0.427125 954.725907995 
0.42725 954.726425411 
0.427375 954.726942691 
0.4275 954.727459835 
0.427625 954.727976842 
0.42775 954.728493713 
0.427875 954.729010447 
0.428 954.729527044 
0.428125 954.730043504 
0.42825 954.730559827 
0.428375 954.731076012 
0.4285 954.731592061 
0.428625 954.732107971 
0.42875 954.732623744 
0.428875 954.733139379 
0.429 954.733654876 
0.429125 954.734170234 
0.42925 954.734685455 
0.429375 954.735200536 
0.4295 954.73571548 
0.429625 954.736230284 
0.42975 954.736744949 
0.429875 954.737259476 
0.43 954.737773863 
0.430125 954.738288111 
0.43025 954.738802219 
0.430375 954.739316188 
0.4305 954.739830017 
0.430625 954.740343705 
0.43075 954.740857254 
0.430875 954.741370663 
0.431 954.741883931 
0.431125 954.742397059 
0.43125 954.742910046 
0.431375 954.743422892 
0.4315 954.743935597 
0.431625 954.744448161 
0.43175 954.744960584 
0.431875 954.745472865 
0.432 954.745985005 
0.432125 954.746497003 
0.43225 954.747008859 
0.432375 954.747520574 
0.4325 954.748032146 
0.432625 954.748543576 
0.43275 954.749054863 
0.432875 954.749566008 
0.433 954.750077011 
0.433125 954.75058787 
0.43325 954.751098586 
0.433375 954.75160916 
0.4335 954.75211959 
0.433625 954.752629876 
0.43375 954.753140019 
0.433875 954.753650019 
0.434 954.754159874 
0.434125 954.754669585 
0.43425 954.755179153 
0.434375 954.755688576 
0.4345 954.756197854 
0.434625 954.756706988 
0.43475 954.757215978 
0.434875 954.757724822 
0.435 954.758233522 
0.435125 954.758742076 
0.43525 954.759250485 
0.435375 954.759758749 
0.4355 954.760266867 
0.435625 954.760774839 
0.43575 954.761282665 
0.435875 954.761790346 
0.436 954.76229788 
0.436125 954.762805268 
0.43625 954.76331251 
0.436375 954.763819605 
0.4365 954.764326553 
0.436625 954.764833355 
0.43675 954.765340009 
0.436875 954.765846517 
0.437 954.766352877 
0.437125 954.766859089 
0.43725 954.767365154 
0.437375 954.767871072 
0.4375 954.768376841 
0.437625 954.768882463 
0.43775 954.769387936 
0.437875 954.769893262 
0.438 954.770398438 
0.438125 954.770903467 
0.43825 954.771408346 
0.438375 954.771913077 
0.4385 954.772417659 
0.438625 954.772922091 
0.43875 954.773426375 
0.438875 954.773930509 
0.439 954.774434493 
0.439125 954.774938328 
0.43925 954.775442013 
0.439375 954.775945548 
0.4395 954.776448933 
0.439625 954.776952167 
0.43975 954.777455252 
0.439875 954.777958185 
0.44 954.778460968 
0.440125 954.778963601 
0.44025 954.779466082 
0.440375 954.779968412 
0.4405 954.780470592 
0.440625 954.780972619 
0.44075 954.781474496 
0.440875 954.78197622 
0.441 954.782477793 
0.441125 954.782979214 
0.44125 954.783480483 
0.441375 954.7839816 
0.4415 954.784482564 
0.441625 954.784983376 
0.44175 954.785484035 
0.441875 954.785984542 
0.442 954.786484896 
0.442125 954.786985096 
0.44225 954.787485144 
0.442375 954.787985038 
0.4425 954.788484779 
0.442625 954.788984366 
0.44275 954.789483799 
0.442875 954.789983079 
0.443 954.790482205 
0.443125 954.790981176 
0.44325 954.791479994 
0.443375 954.791978656 
0.4435 954.792477165 
0.443625 954.792975518 
0.44375 954.793473717 
0.443875 954.793971761 
0.444 954.79446965 
0.444125 954.794967384 
0.44425 954.795464962 
0.444375 954.795962385 
0.4445 954.796459652 
0.444625 954.796956763 
0.44475 954.797453719 
0.444875 954.797950518 
0.445 954.798447161 
0.445125 954.798943648 
0.44525 954.799439978 
0.445375 954.799936152 
0.4455 954.800432169 
0.445625 954.80092803 
0.44575 954.801423733 
0.445875 954.801919279 
0.446 954.802414668 
0.446125 954.802909899 
0.44625 954.803404973 
0.446375 954.803899889 
0.4465 954.804394648 
0.446625 954.804889248 
0.44675 954.805383691 
0.446875 954.805877975 
0.447 954.806372101 
0.447125 954.806866068 
0.44725 954.807359877 
0.447375 954.807853526 
0.4475 954.808347017 
0.447625 954.808840349 
0.44775 954.809333522 
0.447875 954.809826536 
0.448 954.81031939 
0.448125 954.810812084 
0.44825 954.811304619 
0.448375 954.811796994 
0.4485 954.812289209 
0.448625 954.812781264 
0.44875 954.813273159 
0.448875 954.813764893 
0.449 954.814256467 
0.449125 954.81474788 
0.44925 954.815239132 
0.449375 954.815730224 
0.4495 954.816221154 
0.449625 954.816711923 
0.44975 954.817202531 
0.449875 954.817692978 
0.45 954.818183263 
0.450125 954.818673386 
0.45025 954.819163347 
0.450375 954.819653147 
0.4505 954.820142784 
0.450625 954.820632259 
0.45075 954.821121571 
0.450875 954.821610722 
0.451 954.822099709 
0.451125 954.822588534 
0.45125 954.823077196 
0.451375 954.823565694 
0.4515 954.82405403 
0.451625 954.824542202 
0.45175 954.825030211 
0.451875 954.825518056 
0.452 954.826005738 
0.452125 954.826493256 
0.45225 954.82698061 
0.452375 954.827467799 
0.4525 954.827954825 
0.452625 954.828441686 
0.45275 954.828928382 
0.452875 954.829414915 
0.453 954.829901282 
0.453125 954.830387484 
0.45325 954.830873522 
0.453375 954.831359394 
0.4535 954.831845101 
0.453625 954.832330642 
0.45375 954.832816018 
0.453875 954.833301229 
0.454 954.833786273 
0.454125 954.834271152 
0.45425 954.834755864 
0.454375 954.835240411 
0.4545 954.835724791 
0.454625 954.836209004 
0.45475 954.836693051 
0.454875 954.837176932 
0.455 954.837660645 
0.455125 954.838144192 
0.45525 954.838627571 
0.455375 954.839110783 
0.4555 954.839593828 
0.455625 954.840076705 
0.45575 954.840559415 
0.455875 954.841041957 
0.456 954.841524331 
0.456125 954.842006537 
0.45625 954.842488575 
0.456375 954.842970445 
0.4565 954.843452146 
0.456625 954.843933679 
0.45675 954.844415043 
0.456875 954.844896238 
0.457 954.845377265 
0.457125 954.845858122 
0.45725 954.84633881 
0.457375 954.846819329 
0.4575 954.847299679 
0.457625 954.847779859 
0.45775 954.848259869 
0.457875 954.84873971 
0.458 954.84921938 
0.458125 954.849698881 
0.45825 954.850178211 
0.458375 954.850657371 
0.4585 954.851136361 
0.458625 954.85161518 
0.45875 954.852093828 
0.458875 954.852572305 
0.459 954.853050612 
0.459125 954.853528747 
0.45925 954.854006711 
0.459375 954.854484504 
0.4595 954.854962126 
0.459625 954.855439576 
0.45975 954.855916854 
0.459875 954.85639396 
0.46 954.856870894 
0.460125 954.857347657 
0.46025 954.857824247 
0.460375 954.858300664 
0.4605 954.85877691 
0.460625 954.859252982 
0.46075 954.859728882 
0.460875 954.860204609 
0.461 954.860680163 
0.461125 954.861155544 
0.46125 954.861630752 
0.461375 954.862105786 
0.4615 954.862580647 
0.461625 954.863055334 
0.46175 954.863529848 
0.461875 954.864004188 
0.462 954.864478353 
0.462125 954.864952345 
0.46225 954.865426162 
0.462375 954.865899805 
0.4625 954.866373274 
0.462625 954.866846568 
0.46275 954.867319687 
0.462875 954.867792632 
0.463 954.868265401 
0.463125 954.868737995 
0.46325 954.869210415 
0.463375 954.869682658 
0.4635 954.870154727 
0.463625 954.870626619 
0.46375 954.871098336 
0.463875 954.871569877 
0.464 954.872041242 
0.464125 954.872512431 
0.46425 954.872983444 
0.464375 954.873454281 
0.4645 954.873924941 
0.464625 954.874395424 
0.46475 954.874865731 
0.464875 954.875335861 
0.465 954.875805814 
0.465125 954.87627559 
0.46525 954.876745188 
0.465375 954.87721461 
0.4655 954.877683854 
0.465625 954.87815292 
0.46575 954.878621809 
0.465875 954.87909052 
0.466 954.879559053 
0.466125 954.880027407 
0.46625 954.880495584 
0.466375 954.880963582 
0.4665 954.881431402 
0.466625 954.881899044 
0.46675 954.882366506 
0.466875 954.88283379 
0.467 954.883300895 
0.467125 954.883767821 
0.46725 954.884234568 
0.467375 954.884701136 
0.4675 954.885167524 
0.467625 954.885633733 
0.46775 954.886099762 
0.467875 954.886565611 
0.468 954.88703128 
0.468125 954.88749677 
0.46825 954.887962079 
0.468375 954.888427208 
0.4685 954.888892157 
0.468625 954.889356925 
0.46875 954.889821513 
0.468875 954.890285919 
0.469 954.890750145 
0.469125 954.89121419 
0.46925 954.891678054 
0.469375 954.892141737 
0.4695 954.892605239 
0.469625 954.893068559 
0.46975 954.893531697 
0.469875 954.893994654 
0.47 954.894457429 
0.470125 954.894920022 
0.47025 954.895382433 
0.470375 954.895844662 
0.4705 954.896306708 
0.470625 954.896768572 
0.47075 954.897230254 
0.470875 954.897691753 
0.471 954.898153069 
0.471125 954.898614203 
0.47125 954.899075153 
0.471375 954.89953592 
0.4715 954.899996504 
0.471625 954.900456905 
0.47175 954.900917122 
0.471875 954.901377156 
0.472 954.901837006 
0.472125 954.902296672 
0.47225 954.902756154 
0.472375 954.903215452 
0.4725 954.903674566 
0.472625 954.904133496 
0.47275 954.904592241 
0.472875 954.905050802 
0.473 954.905509178 
0.473125 954.90596737 
0.47325 954.906425376 
0.473375 954.906883198 
0.4735 954.907340834 
0.473625 954.907798285 
0.47375 954.908255551 
0.473875 954.908712631 
0.474 954.909169526 
0.474125 954.909626235 
0.47425 954.910082758 
0.474375 954.910539096 
0.4745 954.910995247 
0.474625 954.911451212 
0.47475 954.911906991 
0.474875 954.912362584 
0.475 954.91281799 
0.475125 954.913273209 
0.47525 954.913728242 
0.475375 954.914183087 
0.4755 954.914637746 
0.475625 954.915092218 
0.47575 954.915546502 
0.475875 954.9160006 
0.476 954.916454509 
0.476125 954.916908232 
0.47625 954.917361766 
0.476375 954.917815113 
0.4765 954.918268272 
0.476625 954.918721243 
0.47675 954.919174026 
0.476875 954.91962662 
0.477 954.920079027 
0.477125 954.920531244 
0.47725 954.920983274 
0.477375 954.921435114 
0.4775 954.921886766 
0.477625 954.922338229 
0.47775 954.922789502 
0.477875 954.923240587 
0.478 954.923691482 
0.478125 954.924142188 
0.47825 954.924592705 
0.478375 954.925043032 
0.4785 954.925493169 
0.478625 954.925943116 
0.47875 954.926392874 
0.478875 954.926842441 
0.479 954.927291818 
0.479125 954.927741005 
0.47925 954.928190002 
0.479375 954.928638808 
0.4795 954.929087423 
0.479625 954.929535848 
0.47975 954.929984082 
0.479875 954.930432125 
0.48 954.930879977 
0.480125 954.931327637 
0.48025 954.931775107 
0.480375 954.932222385 
0.4805 954.932669471 
0.480625 954.933116366 
0.48075 954.933563069 
0.480875 954.93400958 
0.481 954.9344559 
0.481125 954.934902027 
0.48125 954.935347962 
0.481375 954.935793705 
0.4815 954.936239255 
0.481625 954.936684613 
0.48175 954.937129778 
0.481875 954.937574751 
0.482 954.93801953 
0.482125 954.938464117 
0.48225 954.938908511 
0.482375 954.939352711 
0.4825 954.939796718 
0.482625 954.940240532 
0.48275 954.940684152 
0.482875 954.941127579 
0.483 954.941570812 
0.483125 954.942013851 
0.48325 954.942456696 
0.483375 954.942899347 
0.4835 954.943341804 
0.483625 954.943784067 
0.48375 954.944226135 
0.483875 954.944668009 
0.484 954.945109688 
0.484125 954.945551172 
0.48425 954.945992462 
0.484375 954.946433557 
0.4845 954.946874456 
0.484625 954.947315161 
0.48475 954.94775567 
0.484875 954.948195984 
0.485 954.948636102 
0.485125 954.949076025 
0.48525 954.949515752 
0.485375 954.949955283 
0.4855 954.950394619 
0.485625 954.950833758 
0.48575 954.951272701 
0.485875 954.951711449 
0.486 954.952149999 
0.486125 954.952588353 
0.48625 954.953026511 
0.486375 954.953464472 
0.4865 954.953902236 
0.486625 954.954339804 
0.48675 954.954777174 
0.486875 954.955214348 
0.487 954.955651324 
0.487125 954.956088103 
0.48725 954.956524684 
0.487375 954.956961068 
0.4875 954.957397254 
0.487625 954.957833243 
0.48775 954.958269033 
0.487875 954.958704626 
0.488 954.959140021 
0.488125 954.959575217 
0.48825 954.960010216 
0.488375 954.960445016 
0.4885 954.960879617 
0.488625 954.96131402 
0.48875 954.961748224 
0.488875 954.96218223 
0.489 954.962616036 
0.489125 954.963049644 
0.48925 954.963483052 
0.489375 954.963916261 
0.4895 954.964349271 
0.489625 954.964782082 
0.48975 954.965214692 
0.489875 954.965647104 
0.49 954.966079315 
0.490125 954.966511327 
0.49025 954.966943139 
0.490375 954.967374751 
0.4905 954.967806162 
0.490625 954.968237373 
0.49075 954.968668384 
0.490875 954.969099195 
0.491 954.969529805 
0.491125 954.969960214 
0.49125 954.970390423 
0.491375 954.97082043 
0.4915 954.971250237 
0.491625 954.971679842 
0.49175 954.972109247 
0.491875 954.97253845 
0.492 954.972967451 
0.492125 954.973396251 
0.49225 954.97382485 
0.492375 954.974253247 
0.4925 954.974681442 
0.492625 954.975109435 
0.49275 954.975537226 
0.492875 954.975964815 
0.493 954.976392202 
0.493125 954.976819386 
0.49325 954.977246368 
0.493375 954.977673147 
0.4935 954.978099724 
0.493625 954.978526098 
0.49375 954.97895227 
0.493875 954.979378238 
0.494 954.979804003 
0.494125 954.980229566 
0.49425 954.980654924 
0.494375 954.98108008 
0.4945 954.981505032 
0.494625 954.981929781 
0.49475 954.982354326 
0.494875 954.982778667 
0.495 954.983202804 
0.495125 954.983626738 
0.49525 954.984050467 
0.495375 954.984473992 
0.4955 954.984897313 
0.495625 954.98532043 
0.49575 954.985743342 
0.495875 954.98616605 
0.496 954.986588553 
0.496125 954.987010851 
0.49625 954.987432945 
0.496375 954.987854833 
0.4965 954.988276516 
0.496625 954.988697995 
0.49675 954.989119268 
0.496875 954.989540335 
0.497 954.989961198 
0.497125 954.990381854 
0.49725 954.990802305 
0.497375 954.99122255 
0.4975 954.99164259 
0.497625 954.992062423 
0.49775 954.992482051 
0.497875 954.992901472 
0.498 954.993320687 
0.498125 954.993739696 
0.49825 954.994158498 
0.498375 954.994577094 
0.4985 954.994995483 
0.498625 954.995413666 
0.49875 954.995831641 
0.498875 954.99624941 
0.499 954.996666971 
0.499125 954.997084326 
0.49925 954.997501473 
0.499375 954.997918413 
0.4995 954.998335146 
0.499625 954.998751671 
0.49975 954.999167988 
0.499875 954.999584098 
0.5 955 
