0 0.096375
3.25e-05 0.10125
6.5e-05 0.105
9.75e-05 0.108125
0.00013 0.110875
0.0001625 0.113375
0.000195 0.11575
0.0002275 0.117875
0.00026 0.11975
0.0002925 0.121625
0.000325 0.1235
0.0003575 0.125125
0.00039 0.12675
0.0004225 0.128375
0.000455 0.12975
0.0004875 0.13125
0.00052 0.132625
0.0005525 0.134
0.000585 0.13525
0.0006175 0.1365
0.00065 0.13775
0.0006825 0.139
0.000715 0.140125
0.0007475 0.14125
0.00078 0.142375
0.0008125 0.1435
0.000845 0.144625
0.0008775 0.145625
0.00091 0.14675
0.0009425 0.14775
0.000975 0.14875
0.0010075 0.14975
0.00104 0.150625
0.0010725 0.151625
0.001105 0.1525
0.0011375 0.1535
0.00117 0.154375
0.0012025 0.15525
0.001235 0.156125
0.0012675 0.156875
0.0013 0.15775
0.0013325 0.158625
0.001365 0.159375
0.0013975 0.16025
0.00143 0.161
0.0014625 0.16175
0.001495 0.1625
0.0015275 0.16325
0.00156 0.164
0.0015925 0.16475
0.001625 0.1655
0.0016575 0.16625
0.00169 0.167
0.0017225 0.167625
0.001755 0.168375
0.0017875 0.169
0.00182 0.16975
0.0018525 0.170375
0.001885 0.171125
0.0019175 0.17175
0.00195 0.172375
0.0019825 0.173
0.002015 0.173625
0.0020475 0.17425
0.00208 0.174875
0.0021125 0.1755
0.002145 0.176125
0.0021775 0.17675
0.00221 0.177375
0.0022425 0.178
0.002275 0.178625
0.0023075 0.179125
0.00234 0.17975
0.0023725 0.180375
0.002405 0.180875
0.0024375 0.1815
0.00247 0.182
0.0025025 0.182625
0.002535 0.183125
0.0025675 0.18375
0.0026 0.18425
0.0026325 0.18475
0.002665 0.18525
0.0026975 0.185875
0.00273 0.186375
0.0027625 0.186875
0.002795 0.187375
0.0028275 0.187875
0.00286 0.188375
0.0028925 0.188875
0.002925 0.189375
0.0029575 0.189875
0.00299 0.190375
0.0030225 0.190875
0.003055 0.191375
0.0030875 0.191875
0.00312 0.192375
0.0031525 0.192875
0.003185 0.19325
0.0032175 0.19375
0.00325 0.19425
0.0032825 0.19475
0.003315 0.195125
0.0033475 0.195625
0.00338 0.196
0.0034125 0.1965
0.003445 0.197
0.0034775 0.197375
0.00351 0.197875
0.0035425 0.19825
0.003575 0.19875
0.0036075 0.199125
0.00364 0.199625
0.0036725 0.2
0.003705 0.200375
0.0037375 0.200875
0.00377 0.20125
0.0038025 0.20175
0.003835 0.202125
0.0038675 0.2025
0.0039 0.202875
0.0039325 0.203375
0.003965 0.20375
0.0039975 0.204125
0.00403 0.2045
0.0040625 0.205
0.004095 0.205375
0.0041275 0.20575
0.00416 0.206125
0.0041925 0.2065
0.004225 0.206875
0.0042575 0.20725
0.00429 0.207625
0.0043225 0.208
0.004355 0.208375
0.0043875 0.20875
0.00442 0.209125
0.0044525 0.2095
0.004485 0.209875
0.0045175 0.21025
0.00455 0.210625
0.0045825 0.211
0.004615 0.211375
0.0046475 0.21175
0.00468 0.212
0.0047125 0.212375
0.004745 0.21275
0.0047775 0.213125
0.00481 0.2135
0.0048425 0.21375
0.004875 0.214125
0.0049075 0.2145
0.00494 0.214875
0.0049725 0.215125
0.005005 0.2155
0.0050375 0.215875
0.00507 0.216125
0.0051025 0.2165
0.005135 0.216875
0.0051675 0.217125
0.0052 0.2175
0.0052325 0.21775
0.005265 0.218125
0.0052975 0.2185
0.00533 0.21875
0.0053625 0.219125
0.005395 0.219375
0.0054275 0.21975
0.00546 0.22
0.0054925 0.220375
0.005525 0.220625
0.0055575 0.221
0.00559 0.22125
0.0056225 0.221625
0.005655 0.221875
0.0056875 0.22225
0.00572 0.2225
0.0057525 0.22275
0.005785 0.223125
0.0058175 0.223375
0.00585 0.22375
0.0058825 0.224
0.005915 0.22425
0.0059475 0.224625
0.00598 0.224875
0.0060125 0.225125
0.006045 0.2255
0.0060775 0.22575
0.00611 0.226
0.0061425 0.22625
0.006175 0.226625
0.0062075 0.226875
0.00624 0.227125
0.0062725 0.227375
0.006305 0.22775
0.0063375 0.228
0.00637 0.22825
0.0064025 0.2285
0.006435 0.22875
0.0064675 0.229125
0.0065 0.229375
0.0065325 0.229625
0.006565 0.229875
0.0065975 0.230125
0.00663 0.230375
0.0066625 0.230625
0.006695 0.230875
0.0067275 0.23125
0.00676 0.2315
0.0067925 0.23175
0.006825 0.232
0.0068575 0.23225
0.00689 0.2325
0.0069225 0.23275
0.006955 0.233
0.0069875 0.23325
0.00702 0.2335
0.0070525 0.23375
0.007085 0.234
0.0071175 0.23425
0.00715 0.2345
0.0071825 0.23475
0.007215 0.235
0.0072475 0.23525
0.00728 0.2355
0.0073125 0.23575
0.007345 0.236
0.0073775 0.23625
0.00741 0.2365
0.0074425 0.236625
0.007475 0.236875
0.0075075 0.237125
0.00754 0.237375
0.0075725 0.237625
0.007605 0.237875
0.0076375 0.238125
0.00767 0.238375
0.0077025 0.2385
0.007735 0.23875
0.0077675 0.239
0.0078 0.23925
0.0078325 0.2395
0.007865 0.239625
0.0078975 0.239875
0.00793 0.240125
0.0079625 0.240375
0.007995 0.240625
0.0080275 0.24075
0.00806 0.241
0.0080925 0.24125
0.008125 0.2415
0.0081575 0.241625
0.00819 0.241875
0.0082225 0.242125
0.008255 0.242375
0.0082875 0.2425
0.00832 0.24275
0.0083525 0.243
0.008385 0.243125
0.0084175 0.243375
0.00845 0.243625
0.0084825 0.24375
0.008515 0.244
0.0085475 0.24425
0.00858 0.244375
0.0086125 0.244625
0.008645 0.244875
0.0086775 0.245
0.00871 0.24525
0.0087425 0.245375
0.008775 0.245625
0.0088075 0.245875
0.00884 0.246
0.0088725 0.24625
0.008905 0.246375
0.0089375 0.246625
0.00897 0.246875
0.0090025 0.247
0.009035 0.24725
0.0090675 0.247375
0.0091 0.247625
0.0091325 0.24775
0.009165 0.248
0.0091975 0.248125
0.00923 0.248375
0.0092625 0.248625
0.009295 0.24875
0.0093275 0.249
0.00936 0.249125
0.0093925 0.249375
0.009425 0.2495
0.0094575 0.24975
0.00949 0.249875
0.0095225 0.25
0.009555 0.25025
0.0095875 0.250375
0.00962 0.250625
0.0096525 0.25075
0.009685 0.251
0.0097175 0.251125
0.00975 0.251375
0.0097825 0.2515
0.009815 0.251625
0.0098475 0.251875
0.00988 0.252
0.0099125 0.25225
0.009945 0.252375
0.0099775 0.2525
0.01001 0.25275
0.0100425 0.252875
0.010075 0.253125
0.0101075 0.25325
0.01014 0.253375
0.0101725 0.253625
0.010205 0.25375
0.0102375 0.253875
0.01027 0.254125
0.0103025 0.25425
0.010335 0.2545
0.0103675 0.254625
0.0104 0.25475
0.0104325 0.254875
0.010465 0.255125
0.0104975 0.25525
0.01053 0.255375
0.0105625 0.255625
0.010595 0.25575
0.0106275 0.255875
0.01066 0.256125
0.0106925 0.25625
0.010725 0.256375
0.0107575 0.2565
0.01079 0.25675
0.0108225 0.256875
0.010855 0.257
0.0108875 0.257125
0.01092 0.257375
0.0109525 0.2575
0.010985 0.257625
0.0110175 0.25775
0.01105 0.258
0.0110825 0.258125
0.011115 0.25825
0.0111475 0.258375
0.01118 0.258625
0.0112125 0.25875
0.011245 0.258875
0.0112775 0.259
0.01131 0.259125
0.0113425 0.259375
0.011375 0.2595
0.0114075 0.259625
0.01144 0.25975
0.0114725 0.259875
0.011505 0.26
0.0115375 0.26025
0.01157 0.260375
0.0116025 0.2605
0.011635 0.260625
0.0116675 0.26075
0.0117 0.260875
0.0117325 0.261125
0.011765 0.26125
0.0117975 0.261375
0.01183 0.2615
0.0118625 0.261625
0.011895 0.26175
0.0119275 0.261875
0.01196 0.262
0.0119925 0.262125
0.012025 0.262375
0.0120575 0.2625
0.01209 0.262625
0.0121225 0.26275
0.012155 0.262875
0.0121875 0.263
0.01222 0.263125
0.0122525 0.26325
0.012285 0.263375
0.0123175 0.2635
0.01235 0.263625
0.0123825 0.26375
0.012415 0.263875
0.0124475 0.264125
0.01248 0.26425
0.0125125 0.264375
0.012545 0.2645
0.0125775 0.264625
0.01261 0.26475
0.0126425 0.264875
0.012675 0.265
0.0127075 0.265125
0.01274 0.26525
0.0127725 0.265375
0.012805 0.2655
0.0128375 0.265625
0.01287 0.26575
0.0129025 0.265875
0.012935 0.266
0.0129675 0.266125
0.013 0.26625
0.0130325 0.266375
0.013065 0.2665
0.0130975 0.266625
0.01313 0.26675
0.0131625 0.266875
0.013195 0.267
0.0132275 0.267125
0.01326 0.26725
0.0132925 0.26725
0.013325 0.267375
0.0133575 0.2675
0.01339 0.267625
0.0134225 0.26775
0.013455 0.267875
0.0134875 0.268
0.01352 0.268125
0.0135525 0.26825
0.013585 0.268375
0.0136175 0.2685
0.01365 0.268625
0.0136825 0.26875
0.013715 0.268875
0.0137475 0.268875
0.01378 0.269
0.0138125 0.269125
0.013845 0.26925
0.0138775 0.269375
0.01391 0.2695
0.0139425 0.269625
0.013975 0.26975
0.0140075 0.269875
0.01404 0.269875
0.0140725 0.27
0.014105 0.270125
0.0141375 0.27025
0.01417 0.270375
0.0142025 0.2705
0.014235 0.270625
0.0142675 0.270625
0.0143 0.27075
0.0143325 0.270875
0.014365 0.271
0.0143975 0.271125
0.01443 0.27125
0.0144625 0.27125
0.014495 0.271375
0.0145275 0.2715
0.01456 0.271625
0.0145925 0.27175
0.014625 0.271875
0.0146575 0.271875
0.01469 0.272
0.0147225 0.272125
0.014755 0.27225
0.0147875 0.272375
0.01482 0.272375
0.0148525 0.2725
0.014885 0.272625
0.0149175 0.27275
0.01495 0.272875
0.0149825 0.272875
0.015015 0.273
0.0150475 0.273125
0.01508 0.27325
0.0151125 0.27325
0.015145 0.273375
0.0151775 0.2735
0.01521 0.273625
0.0152425 0.27375
0.015275 0.27375
0.0153075 0.273875
0.01534 0.274
0.0153725 0.274125
0.015405 0.274125
0.0154375 0.27425
0.01547 0.274375
0.0155025 0.274375
0.015535 0.2745
0.0155675 0.274625
0.0156 0.27475
0.0156325 0.27475
0.015665 0.274875
0.0156975 0.275
0.01573 0.275125
0.0157625 0.275125
0.015795 0.27525
0.0158275 0.275375
0.01586 0.275375
0.0158925 0.2755
0.015925 0.275625
0.0159575 0.275625
0.01599 0.27575
0.0160225 0.275875
0.016055 0.276
0.0160875 0.276
0.01612 0.276125
0.0161525 0.27625
0.016185 0.27625
0.0162175 0.276375
0.01625 0.2765
0.0162825 0.2765
0.016315 0.276625
0.0163475 0.27675
0.01638 0.27675
0.0164125 0.276875
0.016445 0.277
0.0164775 0.277
0.01651 0.277125
0.0165425 0.277125
0.016575 0.27725
0.0166075 0.277375
0.01664 0.277375
0.0166725 0.2775
0.016705 0.277625
0.0167375 0.277625
0.01677 0.27775
0.0168025 0.277875
0.016835 0.277875
0.0168675 0.278
0.0169 0.278
0.0169325 0.278125
0.016965 0.27825
0.0169975 0.27825
0.01703 0.278375
0.0170625 0.278375
0.017095 0.2785
0.0171275 0.278625
0.01716 0.278625
0.0171925 0.27875
0.017225 0.27875
0.0172575 0.278875
0.01729 0.279
0.0173225 0.279
0.017355 0.279125
0.0173875 0.279125
0.01742 0.27925
0.0174525 0.279375
0.017485 0.279375
0.0175175 0.2795
0.01755 0.2795
0.0175825 0.279625
0.017615 0.279625
0.0176475 0.27975
0.01768 0.27975
0.0177125 0.279875
0.017745 0.28
0.0177775 0.28
0.01781 0.280125
0.0178425 0.280125
0.017875 0.28025
0.0179075 0.28025
0.01794 0.280375
0.0179725 0.280375
0.018005 0.2805
0.0180375 0.2805
0.01807 0.280625
0.0181025 0.280625
0.018135 0.28075
0.0181675 0.280875
0.0182 0.280875
0.0182325 0.281
0.018265 0.281
0.0182975 0.281125
0.01833 0.281125
0.0183625 0.28125
0.018395 0.28125
0.0184275 0.281375
0.01846 0.281375
0.0184925 0.2815
0.018525 0.2815
0.0185575 0.281625
0.01859 0.281625
0.0186225 0.28175
0.018655 0.28175
0.0186875 0.281875
0.01872 0.281875
0.0187525 0.282
0.018785 0.282
0.0188175 0.282
0.01885 0.282125
0.0188825 0.282125
0.018915 0.28225
0.0189475 0.28225
0.01898 0.282375
0.0190125 0.282375
0.019045 0.2825
0.0190775 0.2825
0.01911 0.282625
0.0191425 0.282625
0.019175 0.28275
0.0192075 0.28275
0.01924 0.28275
0.0192725 0.282875
0.019305 0.282875
0.0193375 0.283
0.01937 0.283
0.0194025 0.283125
0.019435 0.283125
0.0194675 0.28325
0.0195 0.28325
0.0195325 0.28325
0.019565 0.283375
0.0195975 0.283375
0.01963 0.2835
0.0196625 0.2835
0.019695 0.2835
0.0197275 0.283625
0.01976 0.283625
0.0197925 0.28375
0.019825 0.28375
0.0198575 0.283875
0.01989 0.283875
0.0199225 0.283875
0.019955 0.284
0.0199875 0.284
0.02002 0.284125
0.0200525 0.284125
0.020085 0.284125
0.0201175 0.28425
0.02015 0.28425
0.0201825 0.284375
0.020215 0.284375
0.0202475 0.284375
0.02028 0.2845
0.0203125 0.2845
0.020345 0.2845
0.0203775 0.284625
0.02041 0.284625
0.0204425 0.28475
0.020475 0.28475
0.0205075 0.28475
0.02054 0.284875
0.0205725 0.284875
0.020605 0.284875
0.0206375 0.285
0.02067 0.285
0.0207025 0.285
0.020735 0.285125
0.0207675 0.285125
0.0208 0.285125
0.0208325 0.28525
0.020865 0.28525
0.0208975 0.285375
0.02093 0.285375
0.0209625 0.285375
0.020995 0.2855
0.0210275 0.2855
0.02106 0.2855
0.0210925 0.285625
0.021125 0.285625
0.0211575 0.285625
0.02119 0.28575
0.0212225 0.28575
0.021255 0.28575
0.0212875 0.28575
0.02132 0.285875
0.0213525 0.285875
0.021385 0.285875
0.0214175 0.286
0.02145 0.286
0.0214825 0.286
0.021515 0.286125
0.0215475 0.286125
0.02158 0.286125
0.0216125 0.28625
0.021645 0.28625
0.0216775 0.28625
0.02171 0.28625
0.0217425 0.286375
0.021775 0.286375
0.0218075 0.286375
0.02184 0.2865
0.0218725 0.2865
0.021905 0.2865
0.0219375 0.2865
0.02197 0.286625
0.0220025 0.286625
0.022035 0.286625
0.0220675 0.28675
0.0221 0.28675
0.0221325 0.28675
0.022165 0.28675
0.0221975 0.286875
0.02223 0.286875
0.0222625 0.286875
0.022295 0.286875
0.0223275 0.287
0.02236 0.287
0.0223925 0.287
0.022425 0.287125
0.0224575 0.287125
0.02249 0.287125
0.0225225 0.287125
0.022555 0.28725
0.0225875 0.28725
0.02262 0.28725
0.0226525 0.28725
0.022685 0.28725
0.0227175 0.287375
0.02275 0.287375
0.0227825 0.287375
0.022815 0.287375
0.0228475 0.2875
0.02288 0.2875
0.0229125 0.2875
0.022945 0.2875
0.0229775 0.287625
0.02301 0.287625
0.0230425 0.287625
0.023075 0.287625
0.0231075 0.287625
0.02314 0.28775
0.0231725 0.28775
0.023205 0.28775
0.0232375 0.28775
0.02327 0.287875
0.0233025 0.287875
0.023335 0.287875
0.0233675 0.287875
0.0234 0.287875
0.0234325 0.288
0.023465 0.288
0.0234975 0.288
0.02353 0.288
0.0235625 0.288
0.023595 0.288125
0.0236275 0.288125
0.02366 0.288125
0.0236925 0.288125
0.023725 0.288125
0.0237575 0.288125
0.02379 0.28825
0.0238225 0.28825
0.023855 0.28825
0.0238875 0.28825
0.02392 0.28825
0.0239525 0.288375
0.023985 0.288375
0.0240175 0.288375
0.02405 0.288375
0.0240825 0.288375
0.024115 0.288375
0.0241475 0.2885
0.02418 0.2885
0.0242125 0.2885
0.024245 0.2885
0.0242775 0.2885
0.02431 0.2885
0.0243425 0.288625
0.024375 0.288625
0.0244075 0.288625
0.02444 0.288625
0.0244725 0.288625
0.024505 0.288625
0.0245375 0.288625
0.02457 0.28875
0.0246025 0.28875
0.024635 0.28875
0.0246675 0.28875
0.0247 0.28875
0.0247325 0.28875
0.024765 0.28875
0.0247975 0.288875
0.02483 0.288875
0.0248625 0.288875
0.024895 0.288875
0.0249275 0.288875
0.02496 0.288875
0.0249925 0.288875
0.025025 0.289
0.0250575 0.289
0.02509 0.289
0.0251225 0.289
0.025155 0.289
0.0251875 0.289
0.02522 0.289
0.0252525 0.289
0.025285 0.289
0.0253175 0.289125
0.02535 0.289125
0.0253825 0.289125
0.025415 0.289125
0.0254475 0.289125
0.02548 0.289125
0.0255125 0.289125
0.025545 0.289125
0.0255775 0.289125
0.02561 0.289125
0.0256425 0.28925
0.025675 0.28925
0.0257075 0.28925
0.02574 0.28925
0.0257725 0.28925
0.025805 0.28925
0.0258375 0.28925
0.02587 0.28925
0.0259025 0.28925
0.025935 0.28925
0.0259675 0.28925
0.026 0.289375
0.0260325 0.289375
0.026065 0.289375
0.0260975 0.289375
0.02613 0.289375
0.0261625 0.289375
0.026195 0.289375
0.0262275 0.289375
0.02626 0.289375
0.0262925 0.289375
0.026325 0.289375
0.0263575 0.289375
0.02639 0.289375
0.0264225 0.2895
0.026455 0.2895
0.0264875 0.2895
0.02652 0.2895
0.0265525 0.2895
0.026585 0.2895
0.0266175 0.2895
0.02665 0.2895
0.0266825 0.2895
0.026715 0.2895
0.0267475 0.2895
0.02678 0.2895
0.0268125 0.2895
0.026845 0.2895
0.0268775 0.2895
0.02691 0.2895
0.0269425 0.2895
0.026975 0.2895
0.0270075 0.2895
0.02704 0.2895
0.0270725 0.289625
0.027105 0.289625
0.0271375 0.289625
0.02717 0.289625
0.0272025 0.289625
0.027235 0.289625
0.0272675 0.289625
0.0273 0.289625
0.0273325 0.289625
0.027365 0.289625
0.0273975 0.289625
0.02743 0.289625
0.0274625 0.289625
0.027495 0.289625
0.0275275 0.289625
0.02756 0.289625
0.0275925 0.289625
0.027625 0.289625
0.0276575 0.289625
0.02769 0.289625
0.0277225 0.289625
0.027755 0.289625
0.0277875 0.289625
0.02782 0.289625
0.0278525 0.289625
0.027885 0.289625
0.0279175 0.289625
0.02795 0.289625
0.0279825 0.289625
0.028015 0.289625
0.0280475 0.289625
0.02808 0.289625
0.0281125 0.289625
0.028145 0.289625
0.0281775 0.289625
0.02821 0.289625
0.0282425 0.289625
0.028275 0.289625
0.0283075 0.289625
0.02834 0.289625
0.0283725 0.289625
0.028405 0.289625
0.0284375 0.289625
0.02847 0.289625
0.0285025 0.289625
0.028535 0.289625
0.0285675 0.289625
0.0286 0.289625
0.0286325 0.289625
0.028665 0.289625
0.0286975 0.289625
0.02873 0.289625
0.0287625 0.2895
0.028795 0.2895
0.0288275 0.2895
0.02886 0.2895
0.0288925 0.2895
0.028925 0.2895
0.0289575 0.2895
0.02899 0.2895
0.0290225 0.2895
0.029055 0.2895
0.0290875 0.2895
0.02912 0.289375
0.0291525 0.289375
0.029185 0.289375
0.0292175 0.289375
0.02925 0.289375
0.0292825 0.289375
0.029315 0.289375
0.0293475 0.289375
0.02938 0.289375
0.0294125 0.28925
0.029445 0.28925
0.0294775 0.28925
0.02951 0.28925
0.0295425 0.28925
0.029575 0.28925
0.0296075 0.28925
0.02964 0.28925
0.0296725 0.28925
0.029705 0.28925
0.0297375 0.289125
0.02977 0.289125
0.0298025 0.289125
0.029835 0.289125
0.0298675 0.289125
0.0299 0.289125
0.0299325 0.289125
0.029965 0.289125
0.0299975 0.289
0.03003 0.289
0.0300625 0.289
0.030095 0.289
0.0301275 0.289
0.03016 0.289
0.0301925 0.289
0.030225 0.288875
0.0302575 0.288875
0.03029 0.288875
0.0303225 0.288875
0.030355 0.288875
0.0303875 0.288875
0.03042 0.288875
0.0304525 0.28875
0.030485 0.28875
0.0305175 0.28875
0.03055 0.28875
0.0305825 0.28875
0.030615 0.28875
0.0306475 0.28875
0.03068 0.288625
0.0307125 0.288625
0.030745 0.288625
0.0307775 0.288625
0.03081 0.288625
0.0308425 0.288625
0.030875 0.2885
0.0309075 0.2885
0.03094 0.2885
0.0309725 0.2885
0.031005 0.2885
0.0310375 0.2885
0.03107 0.288375
0.0311025 0.288375
0.031135 0.288375
0.0311675 0.288375
0.0312 0.288375
0.0312325 0.28825
0.031265 0.28825
0.0312975 0.28825
0.03133 0.28825
0.0313625 0.28825
0.031395 0.28825
0.0314275 0.288125
0.03146 0.288125
0.0314925 0.288125
0.031525 0.288125
0.0315575 0.288125
0.03159 0.288
0.0316225 0.288
0.031655 0.288
0.0316875 0.288
0.03172 0.288
0.0317525 0.287875
0.031785 0.287875
0.0318175 0.287875
0.03185 0.287875
0.0318825 0.287875
0.031915 0.28775
0.0319475 0.28775
0.03198 0.28775
0.0320125 0.28775
0.032045 0.287625
0.0320775 0.287625
0.03211 0.287625
0.0321425 0.287625
0.032175 0.287625
0.0322075 0.2875
0.03224 0.2875
0.0322725 0.2875
0.032305 0.2875
0.0323375 0.287375
0.03237 0.287375
0.0324025 0.287375
0.032435 0.287375
0.0324675 0.287375
0.0325 0.28725
0.0325325 0.28725
0.032565 0.28725
0.0325975 0.28725
0.03263 0.287125
0.0326625 0.287125
0.032695 0.287125
0.0327275 0.287125
0.03276 0.287
0.0327925 0.287
0.032825 0.287
0.0328575 0.287
0.03289 0.286875
0.0329225 0.286875
0.032955 0.286875
0.0329875 0.286875
0.03302 0.28675
0.0330525 0.28675
0.033085 0.28675
0.0331175 0.28675
0.03315 0.286625
0.0331825 0.286625
0.033215 0.286625
0.0332475 0.286625
0.03328 0.2865
0.0333125 0.2865
0.033345 0.2865
0.0333775 0.286375
0.03341 0.286375
0.0334425 0.286375
0.033475 0.286375
0.0335075 0.28625
0.03354 0.28625
0.0335725 0.28625
0.033605 0.28625
0.0336375 0.286125
0.03367 0.286125
0.0337025 0.286125
0.033735 0.286
0.0337675 0.286
0.0338 0.286
0.0338325 0.286
0.033865 0.285875
0.0338975 0.285875
0.03393 0.285875
0.0339625 0.28575
0.033995 0.28575
0.0340275 0.28575
0.03406 0.285625
0.0340925 0.285625
0.034125 0.285625
0.0341575 0.285625
0.03419 0.2855
0.0342225 0.2855
0.034255 0.2855
0.0342875 0.285375
0.03432 0.285375
0.0343525 0.285375
0.034385 0.28525
0.0344175 0.28525
0.03445 0.28525
0.0344825 0.285125
0.034515 0.285125
0.0345475 0.285125
0.03458 0.285
0.0346125 0.285
0.034645 0.285
0.0346775 0.285
0.03471 0.284875
0.0347425 0.284875
0.034775 0.284875
0.0348075 0.28475
0.03484 0.28475
0.0348725 0.28475
0.034905 0.284625
0.0349375 0.284625
0.03497 0.284625
0.0350025 0.2845
0.035035 0.2845
0.0350675 0.2845
0.0351 0.284375
0.0351325 0.284375
0.035165 0.284375
0.0351975 0.28425
0.03523 0.28425
0.0352625 0.28425
0.035295 0.284125
0.0353275 0.284125
0.03536 0.284
0.0353925 0.284
0.035425 0.284
0.0354575 0.283875
0.03549 0.283875
0.0355225 0.283875
0.035555 0.28375
0.0355875 0.28375
0.03562 0.28375
0.0356525 0.283625
0.035685 0.283625
0.0357175 0.283625
0.03575 0.2835
0.0357825 0.2835
0.035815 0.283375
0.0358475 0.283375
0.03588 0.283375
0.0359125 0.28325
0.035945 0.28325
0.0359775 0.28325
0.03601 0.283125
0.0360425 0.283125
0.036075 0.283
0.0361075 0.283
0.03614 0.283
0.0361725 0.282875
0.036205 0.282875
0.0362375 0.282875
0.03627 0.28275
0.0363025 0.28275
0.036335 0.282625
0.0363675 0.282625
0.0364 0.282625
0.0364325 0.2825
0.036465 0.2825
0.0364975 0.282375
0.03653 0.282375
0.0365625 0.282375
0.036595 0.28225
0.0366275 0.28225
0.03666 0.28225
0.0366925 0.282125
0.036725 0.282125
0.0367575 0.282
0.03679 0.282
0.0368225 0.281875
0.036855 0.281875
0.0368875 0.281875
0.03692 0.28175
0.0369525 0.28175
0.036985 0.281625
0.0370175 0.281625
0.03705 0.281625
0.0370825 0.2815
0.037115 0.2815
0.0371475 0.281375
0.03718 0.281375
0.0372125 0.28125
0.037245 0.28125
0.0372775 0.28125
0.03731 0.281125
0.0373425 0.281125
0.037375 0.281
0.0374075 0.281
0.03744 0.281
0.0374725 0.280875
0.037505 0.280875
0.0375375 0.28075
0.03757 0.28075
0.0376025 0.280625
0.037635 0.280625
0.0376675 0.280625
0.0377 0.2805
0.0377325 0.2805
0.037765 0.280375
0.0377975 0.280375
0.03783 0.28025
0.0378625 0.28025
0.037895 0.280125
0.0379275 0.280125
0.03796 0.280125
0.0379925 0.28
0.038025 0.28
0.0380575 0.279875
0.03809 0.279875
0.0381225 0.27975
0.038155 0.27975
0.0381875 0.279625
0.03822 0.279625
0.0382525 0.2795
0.038285 0.2795
0.0383175 0.2795
0.03835 0.279375
0.0383825 0.279375
0.038415 0.27925
0.0384475 0.27925
0.03848 0.279125
0.0385125 0.279125
0.038545 0.279
0.0385775 0.279
0.03861 0.278875
0.0386425 0.278875
0.038675 0.27875
0.0387075 0.27875
0.03874 0.278625
0.0387725 0.278625
0.038805 0.2785
0.0388375 0.2785
0.03887 0.278375
0.0389025 0.278375
0.038935 0.27825
0.0389675 0.27825
0.039 0.27825
0.0390325 0.278125
0.039065 0.278125
0.0390975 0.278
0.03913 0.278
0.0391625 0.277875
0.039195 0.277875
0.0392275 0.27775
0.03926 0.27775
0.0392925 0.277625
0.039325 0.277625
0.0393575 0.2775
0.03939 0.2775
0.0394225 0.277375
0.039455 0.277375
0.0394875 0.27725
0.03952 0.27725
0.0395525 0.277125
0.039585 0.277125
0.0396175 0.277
0.03965 0.277
0.0396825 0.276875
0.039715 0.276875
0.0397475 0.27675
0.03978 0.27675
0.0398125 0.276625
0.039845 0.2765
0.0398775 0.2765
0.03991 0.276375
0.0399425 0.276375
0.039975 0.27625
0.0400075 0.27625
0.04004 0.276125
0.0400725 0.276125
0.040105 0.276
0.0401375 0.276
0.04017 0.275875
0.0402025 0.275875
0.040235 0.27575
0.0402675 0.27575
0.0403 0.275625
0.0403325 0.275625
0.040365 0.2755
0.0403975 0.275375
0.04043 0.275375
0.0404625 0.27525
0.040495 0.27525
0.0405275 0.275125
0.04056 0.275125
0.0405925 0.275
0.040625 0.275
0.0406575 0.274875
0.04069 0.274875
0.0407225 0.27475
0.040755 0.274625
0.0407875 0.274625
0.04082 0.2745
0.0408525 0.2745
0.040885 0.274375
0.0409175 0.274375
0.04095 0.27425
0.0409825 0.27425
0.041015 0.274125
0.0410475 0.274
0.04108 0.274
0.0411125 0.273875
0.041145 0.273875
0.0411775 0.27375
0.04121 0.27375
0.0412425 0.273625
0.041275 0.273625
0.0413075 0.2735
0.04134 0.273375
0.0413725 0.273375
0.041405 0.27325
0.0414375 0.27325
0.04147 0.273125
0.0415025 0.273
0.041535 0.273
0.0415675 0.272875
0.0416 0.272875
0.0416325 0.27275
0.041665 0.27275
0.0416975 0.272625
0.04173 0.2725
0.0417625 0.2725
0.041795 0.272375
0.0418275 0.272375
0.04186 0.27225
0.0418925 0.272125
0.041925 0.272125
0.0419575 0.272
0.04199 0.272
0.0420225 0.271875
0.042055 0.27175
0.0420875 0.27175
0.04212 0.271625
0.0421525 0.271625
0.042185 0.2715
0.0422175 0.271375
0.04225 0.271375
0.0422825 0.27125
0.042315 0.27125
0.0423475 0.271125
0.04238 0.271
0.0424125 0.271
0.042445 0.270875
0.0424775 0.270875
0.04251 0.27075
0.0425425 0.270625
0.042575 0.270625
0.0426075 0.2705
0.04264 0.2705
0.0426725 0.270375
0.042705 0.27025
0.0427375 0.27025
0.04277 0.270125
0.0428025 0.27
0.042835 0.27
0.0428675 0.269875
0.0429 0.269875
0.0429325 0.26975
0.042965 0.269625
0.0429975 0.269625
0.04303 0.2695
0.0430625 0.269375
0.043095 0.269375
0.0431275 0.26925
0.04316 0.269125
0.0431925 0.269125
0.043225 0.269
0.0432575 0.269
0.04329 0.268875
0.0433225 0.26875
0.043355 0.26875
0.0433875 0.268625
0.04342 0.2685
0.0434525 0.2685
0.043485 0.268375
0.0435175 0.26825
0.04355 0.26825
0.0435825 0.268125
0.043615 0.268
0.0436475 0.268
0.04368 0.267875
0.0437125 0.26775
0.043745 0.26775
0.0437775 0.267625
0.04381 0.2675
0.0438425 0.2675
0.043875 0.267375
0.0439075 0.26725
0.04394 0.26725
0.0439725 0.267125
0.044005 0.267
0.0440375 0.267
0.04407 0.266875
0.0441025 0.26675
0.044135 0.26675
0.0441675 0.266625
0.0442 0.2665
0.0442325 0.2665
0.044265 0.266375
0.0442975 0.26625
0.04433 0.26625
0.0443625 0.266125
0.044395 0.266
0.0444275 0.266
0.04446 0.265875
0.0444925 0.26575
0.044525 0.26575
0.0445575 0.265625
0.04459 0.2655
0.0446225 0.2655
0.044655 0.265375
0.0446875 0.26525
0.04472 0.265125
0.0447525 0.265125
0.044785 0.265
0.0448175 0.264875
0.04485 0.264875
0.0448825 0.26475
0.044915 0.264625
0.0449475 0.264625
0.04498 0.2645
0.0450125 0.264375
0.045045 0.26425
0.0450775 0.26425
0.04511 0.264125
0.0451425 0.264
0.045175 0.264
0.0452075 0.263875
0.04524 0.26375
0.0452725 0.26375
0.045305 0.263625
0.0453375 0.2635
0.04537 0.263375
0.0454025 0.263375
0.045435 0.26325
0.0454675 0.263125
0.0455 0.263125
0.0455325 0.263
0.045565 0.262875
0.0455975 0.26275
0.04563 0.26275
0.0456625 0.262625
0.045695 0.2625
0.0457275 0.262375
0.04576 0.262375
0.0457925 0.26225
0.045825 0.262125
0.0458575 0.262125
0.04589 0.262
0.0459225 0.261875
0.045955 0.26175
0.0459875 0.26175
0.04602 0.261625
0.0460525 0.2615
0.046085 0.261375
0.0461175 0.261375
0.04615 0.26125
0.0461825 0.261125
0.046215 0.261
0.0462475 0.261
0.04628 0.260875
0.0463125 0.26075
0.046345 0.260625
0.0463775 0.260625
0.04641 0.2605
0.0464425 0.260375
0.046475 0.26025
0.0465075 0.26025
0.04654 0.260125
0.0465725 0.26
0.046605 0.259875
0.0466375 0.259875
0.04667 0.25975
0.0467025 0.259625
0.046735 0.2595
0.0467675 0.259375
0.0468 0.259375
0.0468325 0.25925
0.046865 0.259125
0.0468975 0.259
0.04693 0.259
0.0469625 0.258875
0.046995 0.25875
0.0470275 0.258625
0.04706 0.258625
0.0470925 0.2585
0.047125 0.258375
0.0471575 0.25825
0.04719 0.258125
0.0472225 0.258125
0.047255 0.258
0.0472875 0.257875
0.04732 0.25775
0.0473525 0.257625
0.047385 0.257625
0.0474175 0.2575
0.04745 0.257375
0.0474825 0.25725
0.047515 0.25725
0.0475475 0.257125
0.04758 0.257
0.0476125 0.256875
0.047645 0.25675
0.0476775 0.25675
0.04771 0.256625
0.0477425 0.2565
0.047775 0.256375
0.0478075 0.25625
0.04784 0.25625
0.0478725 0.256125
0.047905 0.256
0.0479375 0.255875
0.04797 0.25575
0.0480025 0.255625
0.048035 0.255625
0.0480675 0.2555
0.0481 0.255375
0.0481325 0.25525
0.048165 0.255125
0.0481975 0.255125
0.04823 0.255
0.0482625 0.254875
0.048295 0.25475
0.0483275 0.254625
0.04836 0.2545
0.0483925 0.2545
0.048425 0.254375
0.0484575 0.25425
0.04849 0.254125
0.0485225 0.254
0.048555 0.254
0.0485875 0.253875
0.04862 0.25375
0.0486525 0.253625
0.048685 0.2535
0.0487175 0.253375
0.04875 0.253375
0.0487825 0.25325
0.048815 0.253125
0.0488475 0.253
0.04888 0.252875
0.0489125 0.25275
0.048945 0.252625
0.0489775 0.252625
0.04901 0.2525
0.0490425 0.252375
0.049075 0.25225
0.0491075 0.252125
0.04914 0.252
0.0491725 0.252
0.049205 0.251875
0.0492375 0.25175
0.04927 0.251625
0.0493025 0.2515
0.049335 0.251375
0.0493675 0.25125
0.0494 0.25125
0.0494325 0.251125
0.049465 0.251
0.0494975 0.250875
0.04953 0.25075
0.0495625 0.250625
0.049595 0.2505
0.0496275 0.250375
0.04966 0.250375
0.0496925 0.25025
0.049725 0.250125
0.0497575 0.25
0.04979 0.249875
0.0498225 0.24975
0.049855 0.249625
0.0498875 0.2495
0.04992 0.2495
0.0499525 0.249375
0.049985 0.24925
0.0500175 0.249125
0.05005 0.249
0.0500825 0.248875
0.050115 0.24875
0.0501475 0.248625
0.05018 0.2485
0.0502125 0.2485
0.050245 0.248375
0.0502775 0.24825
0.05031 0.248125
0.0503425 0.248
0.050375 0.247875
0.0504075 0.24775
0.05044 0.247625
0.0504725 0.2475
0.050505 0.2475
0.0505375 0.247375
0.05057 0.24725
0.0506025 0.247125
0.050635 0.247
0.0506675 0.246875
0.0507 0.24675
0.0507325 0.246625
0.050765 0.2465
0.0507975 0.246375
0.05083 0.24625
0.0508625 0.24625
0.050895 0.246125
0.0509275 0.246
0.05096 0.245875
0.0509925 0.24575
0.051025 0.245625
0.0510575 0.2455
0.05109 0.245375
0.0511225 0.24525
0.051155 0.245125
0.0511875 0.245
0.05122 0.244875
0.0512525 0.24475
0.051285 0.24475
0.0513175 0.244625
0.05135 0.2445
0.0513825 0.244375
0.051415 0.24425
0.0514475 0.244125
0.05148 0.244
0.0515125 0.243875
0.051545 0.24375
0.0515775 0.243625
0.05161 0.2435
0.0516425 0.243375
0.051675 0.24325
0.0517075 0.243125
0.05174 0.243
0.0517725 0.242875
0.051805 0.24275
0.0518375 0.242625
0.05187 0.242625
0.0519025 0.2425
0.051935 0.242375
0.0519675 0.24225
0.052 0.242125
0.0520325 0.242
0.052065 0.241875
0.0520975 0.24175
0.05213 0.241625
0.0521625 0.2415
0.052195 0.241375
0.0522275 0.24125
0.05226 0.241125
0.0522925 0.241
0.052325 0.240875
0.0523575 0.24075
0.05239 0.240625
0.0524225 0.2405
0.052455 0.240375
0.0524875 0.24025
0.05252 0.240125
0.0525525 0.24
0.052585 0.239875
0.0526175 0.23975
0.05265 0.239625
0.0526825 0.2395
0.052715 0.239375
0.0527475 0.23925
0.05278 0.239125
0.0528125 0.239
0.052845 0.238875
0.0528775 0.23875
0.05291 0.238625
0.0529425 0.2385
0.052975 0.238375
0.0530075 0.23825
0.05304 0.238125
0.0530725 0.238
0.053105 0.237875
0.0531375 0.23775
0.05317 0.237625
0.0532025 0.2375
0.053235 0.237375
0.0532675 0.23725
0.0533 0.237125
0.0533325 0.237
0.053365 0.236875
0.0533975 0.23675
0.05343 0.236625
0.0534625 0.2365
0.053495 0.236375
0.0535275 0.23625
0.05356 0.236125
0.0535925 0.236
0.053625 0.235875
0.0536575 0.23575
0.05369 0.235625
0.0537225 0.2355
0.053755 0.235375
0.0537875 0.23525
0.05382 0.235125
0.0538525 0.235
0.053885 0.234875
0.0539175 0.23475
0.05395 0.234625
0.0539825 0.2345
0.054015 0.234375
0.0540475 0.23425
0.05408 0.234125
0.0541125 0.234
0.054145 0.233875
0.0541775 0.23375
0.05421 0.233625
0.0542425 0.2335
0.054275 0.233375
0.0543075 0.23325
0.05434 0.233125
0.0543725 0.232875
0.054405 0.23275
0.0544375 0.232625
0.05447 0.2325
0.0545025 0.232375
0.054535 0.23225
0.0545675 0.232125
0.0546 0.232
0.0546325 0.231875
0.054665 0.23175
0.0546975 0.231625
0.05473 0.2315
0.0547625 0.231375
0.054795 0.23125
0.0548275 0.231125
0.05486 0.231
0.0548925 0.230875
0.054925 0.230625
0.0549575 0.2305
0.05499 0.230375
0.0550225 0.23025
0.055055 0.230125
0.0550875 0.23
0.05512 0.229875
0.0551525 0.22975
0.055185 0.229625
0.0552175 0.2295
0.05525 0.229375
0.0552825 0.22925
0.055315 0.229
0.0553475 0.228875
0.05538 0.22875
0.0554125 0.228625
0.055445 0.2285
0.0554775 0.228375
0.05551 0.22825
0.0555425 0.228125
0.055575 0.228
0.0556075 0.227875
0.05564 0.22775
0.0556725 0.2275
0.055705 0.227375
0.0557375 0.22725
0.05577 0.227125
0.0558025 0.227
0.055835 0.226875
0.0558675 0.22675
0.0559 0.226625
0.0559325 0.2265
0.055965 0.22625
0.0559975 0.226125
0.05603 0.226
0.0560625 0.225875
0.056095 0.22575
0.0561275 0.225625
0.05616 0.2255
0.0561925 0.225375
0.056225 0.22525
0.0562575 0.225
0.05629 0.224875
0.0563225 0.22475
0.056355 0.224625
0.0563875 0.2245
0.05642 0.224375
0.0564525 0.22425
0.056485 0.224
0.0565175 0.223875
0.05655 0.22375
0.0565825 0.223625
0.056615 0.2235
0.0566475 0.223375
0.05668 0.22325
0.0567125 0.223125
0.056745 0.222875
0.0567775 0.22275
0.05681 0.222625
0.0568425 0.2225
0.056875 0.222375
0.0569075 0.22225
0.05694 0.222
0.0569725 0.221875
0.057005 0.22175
0.0570375 0.221625
0.05707 0.2215
0.0571025 0.221375
0.057135 0.22125
0.0571675 0.221
0.0572 0.220875
0.0572325 0.22075
0.057265 0.220625
0.0572975 0.2205
0.05733 0.220375
0.0573625 0.220125
0.057395 0.22
0.0574275 0.219875
0.05746 0.21975
0.0574925 0.219625
0.057525 0.219375
0.0575575 0.21925
0.05759 0.219125
0.0576225 0.219
0.057655 0.218875
0.0576875 0.21875
0.05772 0.2185
0.0577525 0.218375
0.057785 0.21825
0.0578175 0.218125
0.05785 0.218
0.0578825 0.21775
0.057915 0.217625
0.0579475 0.2175
0.05798 0.217375
0.0580125 0.21725
0.058045 0.217
0.0580775 0.216875
0.05811 0.21675
0.0581425 0.216625
0.058175 0.2165
0.0582075 0.21625
0.05824 0.216125
0.0582725 0.216
0.058305 0.215875
0.0583375 0.21575
0.05837 0.2155
0.0584025 0.215375
0.058435 0.21525
0.0584675 0.215125
0.0585 0.215
0.0585325 0.21475
0.058565 0.214625
0.0585975 0.2145
0.05863 0.214375
0.0586625 0.214125
0.058695 0.214
0.0587275 0.213875
0.05876 0.21375
0.0587925 0.2135
0.058825 0.213375
0.0588575 0.21325
0.05889 0.213125
0.0589225 0.213
0.058955 0.21275
0.0589875 0.212625
0.05902 0.2125
0.0590525 0.212375
0.059085 0.212125
0.0591175 0.212
0.05915 0.211875
0.0591825 0.21175
0.059215 0.2115
0.0592475 0.211375
0.05928 0.21125
0.0593125 0.211125
0.059345 0.210875
0.0593775 0.21075
0.05941 0.210625
0.0594425 0.2105
0.059475 0.21025
0.0595075 0.210125
0.05954 0.21
0.0595725 0.20975
0.059605 0.209625
0.0596375 0.2095
0.05967 0.209375
0.0597025 0.209125
0.059735 0.209
0.0597675 0.208875
0.0598 0.20875
0.0598325 0.2085
0.059865 0.208375
0.0598975 0.20825
0.05993 0.208
0.0599625 0.207875
0.059995 0.20775
0.0600275 0.207625
0.06006 0.207375
0.0600925 0.20725
0.060125 0.207125
0.0601575 0.206875
0.06019 0.20675
0.0602225 0.206625
0.060255 0.206375
0.0602875 0.20625
0.06032 0.206125
0.0603525 0.206
0.060385 0.20575
0.0604175 0.205625
0.06045 0.2055
0.0604825 0.20525
0.060515 0.205125
0.0605475 0.205
0.06058 0.20475
0.0606125 0.204625
0.060645 0.2045
0.0606775 0.20425
0.06071 0.204125
0.0607425 0.204
0.060775 0.203875
0.0608075 0.203625
0.06084 0.2035
0.0608725 0.203375
0.060905 0.203125
0.0609375 0.203
0.06097 0.202875
0.0610025 0.202625
0.061035 0.2025
0.0610675 0.202375
0.0611 0.202125
0.0611325 0.202
0.061165 0.20175
0.0611975 0.201625
0.06123 0.2015
0.0612625 0.20125
0.061295 0.201125
0.0613275 0.201
0.06136 0.20075
0.0613925 0.200625
0.061425 0.2005
0.0614575 0.20025
0.06149 0.200125
0.0615225 0.2
0.061555 0.19975
0.0615875 0.199625
0.06162 0.1995
0.0616525 0.19925
0.061685 0.199125
0.0617175 0.198875
0.06175 0.19875
0.0617825 0.198625
0.061815 0.198375
0.0618475 0.19825
0.06188 0.198125
0.0619125 0.197875
0.061945 0.19775
0.0619775 0.1975
0.06201 0.197375
0.0620425 0.19725
0.062075 0.197
0.0621075 0.196875
0.06214 0.19675
0.0621725 0.1965
0.062205 0.196375
0.0622375 0.196125
0.06227 0.196
0.0623025 0.195875
0.062335 0.195625
0.0623675 0.1955
0.0624 0.19525
0.0624325 0.195125
0.062465 0.194875
0.0624975 0.19475
0.06253 0.194625
0.0625625 0.194375
0.062595 0.19425
0.0626275 0.194
0.06266 0.193875
0.0626925 0.19375
0.062725 0.1935
0.0627575 0.193375
0.06279 0.193125
0.0628225 0.193
0.062855 0.19275
0.0628875 0.192625
0.06292 0.1925
0.0629525 0.19225
0.062985 0.192125
0.0630175 0.191875
0.06305 0.19175
0.0630825 0.1915
0.063115 0.191375
0.0631475 0.19125
0.06318 0.191
0.0632125 0.190875
0.063245 0.190625
0.0632775 0.1905
0.06331 0.19025
0.0633425 0.190125
0.063375 0.189875
0.0634075 0.18975
0.06344 0.189625
0.0634725 0.189375
0.063505 0.18925
0.0635375 0.189
0.06357 0.188875
0.0636025 0.188625
0.063635 0.1885
0.0636675 0.18825
0.0637 0.188125
0.0637325 0.187875
0.063765 0.18775
0.0637975 0.1875
0.06383 0.187375
0.0638625 0.187125
0.063895 0.187
0.0639275 0.18675
0.06396 0.186625
0.0639925 0.186375
0.064025 0.18625
0.0640575 0.186
0.06409 0.185875
0.0641225 0.185625
0.064155 0.1855
0.0641875 0.185375
0.06422 0.185125
0.0642525 0.184875
0.064285 0.18475
0.0643175 0.1845
0.06435 0.184375
0.0643825 0.184125
0.064415 0.184
0.0644475 0.18375
0.06448 0.183625
0.0645125 0.183375
0.064545 0.18325
0.0645775 0.183
0.06461 0.182875
0.0646425 0.182625
0.064675 0.1825
0.0647075 0.18225
0.06474 0.182125
0.0647725 0.181875
0.064805 0.18175
0.0648375 0.1815
0.06487 0.181375
0.0649025 0.181125
0.064935 0.181
0.0649675 0.18075
0.065 0.1805
0.0650325 0.180375
0.065065 0.180125
0.0650975 0.18
0.06513 0.17975
0.0651625 0.179625
0.065195 0.179375
0.0652275 0.17925
0.06526 0.179
0.0652925 0.17875
0.065325 0.178625
0.0653575 0.178375
0.06539 0.17825
0.0654225 0.178
0.065455 0.177875
0.0654875 0.177625
0.06552 0.177375
0.0655525 0.17725
0.065585 0.177
0.0656175 0.176875
0.06565 0.176625
0.0656825 0.1765
0.065715 0.17625
0.0657475 0.176
0.06578 0.175875
0.0658125 0.175625
0.065845 0.1755
0.0658775 0.17525
0.06591 0.175
0.0659425 0.174875
0.065975 0.174625
0.0660075 0.1745
0.06604 0.17425
0.0660725 0.174
0.066105 0.173875
0.0661375 0.173625
0.06617 0.1735
0.0662025 0.17325
0.066235 0.173
0.0662675 0.172875
0.0663 0.172625
0.0663325 0.172375
0.066365 0.17225
0.0663975 0.172
0.06643 0.171875
0.0664625 0.171625
0.066495 0.171375
0.0665275 0.17125
0.06656 0.171
0.0665925 0.17075
0.066625 0.170625
0.0666575 0.170375
0.06669 0.170125
0.0667225 0.17
0.066755 0.16975
0.0667875 0.1695
0.06682 0.169375
0.0668525 0.169125
0.066885 0.169
0.0669175 0.16875
0.06695 0.1685
0.0669825 0.16825
0.067015 0.168125
0.0670475 0.167875
0.06708 0.167625
0.0671125 0.1675
0.067145 0.16725
0.0671775 0.167
0.06721 0.166875
0.0672425 0.166625
0.067275 0.166375
0.0673075 0.16625
0.06734 0.166
0.0673725 0.16575
0.067405 0.165625
0.0674375 0.165375
0.06747 0.165125
0.0675025 0.165
0.067535 0.16475
0.0675675 0.1645
0.0676 0.16425
0.0676325 0.164125
0.067665 0.163875
0.0676975 0.163625
0.06773 0.1635
0.0677625 0.16325
0.067795 0.163
0.0678275 0.16275
0.06786 0.162625
0.0678925 0.162375
0.067925 0.162125
0.0679575 0.161875
0.06799 0.16175
0.0680225 0.1615
0.068055 0.16125
0.0680875 0.161125
0.06812 0.160875
0.0681525 0.160625
0.068185 0.160375
0.0682175 0.16025
0.06825 0.16
0.0682825 0.15975
0.068315 0.1595
0.0683475 0.159375
0.06838 0.159125
0.0684125 0.158875
0.068445 0.158625
0.0684775 0.158375
0.06851 0.15825
0.0685425 0.158
0.068575 0.15775
0.0686075 0.1575
0.06864 0.157375
0.0686725 0.157125
0.068705 0.156875
0.0687375 0.156625
0.06877 0.156375
0.0688025 0.15625
0.068835 0.156
0.0688675 0.15575
0.0689 0.1555
0.0689325 0.15525
0.068965 0.155125
0.0689975 0.154875
0.06903 0.154625
0.0690625 0.154375
0.069095 0.154125
0.0691275 0.154
0.06916 0.15375
0.0691925 0.1535
0.069225 0.15325
0.0692575 0.153
0.06929 0.152875
0.0693225 0.152625
0.069355 0.152375
0.0693875 0.152125
0.06942 0.151875
0.0694525 0.151625
0.069485 0.151375
0.0695175 0.15125
0.06955 0.151
0.0695825 0.15075
0.069615 0.1505
0.0696475 0.15025
0.06968 0.15
0.0697125 0.14975
0.069745 0.149625
0.0697775 0.149375
0.06981 0.149125
0.0698425 0.148875
0.069875 0.148625
0.0699075 0.148375
0.06994 0.148125
0.0699725 0.148
0.070005 0.14775
0.0700375 0.1475
0.07007 0.14725
0.0701025 0.147
0.070135 0.14675
0.0701675 0.1465
0.0702 0.14625
0.0702325 0.146
0.070265 0.14575
0.0702975 0.145625
0.07033 0.145375
0.0703625 0.145125
0.070395 0.144875
0.0704275 0.144625
0.07046 0.144375
0.0704925 0.144125
0.070525 0.143875
0.0705575 0.143625
0.07059 0.143375
0.0706225 0.143125
0.070655 0.142875
0.0706875 0.142625
0.07072 0.142375
0.0707525 0.14225
0.070785 0.142
0.0708175 0.14175
0.07085 0.1415
0.0708825 0.14125
0.070915 0.141
0.0709475 0.14075
0.07098 0.1405
0.0710125 0.14025
0.071045 0.14
0.0710775 0.13975
0.07111 0.1395
0.0711425 0.13925
0.071175 0.139
0.0712075 0.13875
0.07124 0.1385
0.0712725 0.13825
0.071305 0.138
0.0713375 0.13775
0.07137 0.1375
0.0714025 0.13725
0.071435 0.137
0.0714675 0.13675
0.0715 0.1365
0.0715325 0.13625
0.071565 0.136
0.0715975 0.13575
0.07163 0.1355
0.0716625 0.13525
0.071695 0.135
0.0717275 0.13475
0.07176 0.1345
0.0717925 0.13425
0.071825 0.134
0.0718575 0.13375
0.07189 0.1335
0.0719225 0.133125
0.071955 0.132875
0.0719875 0.132625
0.07202 0.132375
0.0720525 0.132125
0.072085 0.131875
0.0721175 0.131625
0.07215 0.131375
0.0721825 0.131125
0.072215 0.130875
0.0722475 0.130625
0.07228 0.130375
0.0723125 0.130125
0.072345 0.129875
0.0723775 0.1295
0.07241 0.12925
0.0724425 0.129
0.072475 0.12875
0.0725075 0.1285
0.07254 0.12825
0.0725725 0.128
0.072605 0.12775
0.0726375 0.127375
0.07267 0.127125
0.0727025 0.126875
0.072735 0.126625
0.0727675 0.126375
0.0728 0.126125
0.0728325 0.125875
0.072865 0.125625
0.0728975 0.12525
0.07293 0.125
0.0729625 0.12475
0.072995 0.1245
0.0730275 0.12425
0.07306 0.124
0.0730925 0.123625
0.073125 0.123375
0.0731575 0.123125
0.07319 0.122875
0.0732225 0.122625
0.073255 0.12225
0.0732875 0.122
0.07332 0.12175
0.0733525 0.1215
0.073385 0.12125
0.0734175 0.120875
0.07345 0.120625
0.0734825 0.120375
0.073515 0.120125
0.0735475 0.119875
0.07358 0.1195
0.0736125 0.11925
0.073645 0.119
0.0736775 0.11875
0.07371 0.118375
0.0737425 0.118125
0.073775 0.117875
0.0738075 0.117625
0.07384 0.11725
0.0738725 0.117
0.073905 0.11675
0.0739375 0.1165
0.07397 0.116125
0.0740025 0.115875
0.074035 0.115625
0.0740675 0.11525
0.0741 0.115
0.0741325 0.11475
0.074165 0.1145
0.0741975 0.114125
0.07423 0.113875
0.0742625 0.113625
0.074295 0.11325
0.0743275 0.113
0.07436 0.11275
0.0743925 0.112375
0.074425 0.112125
0.0744575 0.111875
0.07449 0.1115
0.0745225 0.11125
0.074555 0.111
0.0745875 0.110625
0.07462 0.110375
0.0746525 0.110125
0.074685 0.10975
0.0747175 0.1095
0.07475 0.10925
0.0747825 0.108875
0.074815 0.108625
0.0748475 0.10825
0.07488 0.108
0.0749125 0.10775
0.074945 0.107375
0.0749775 0.107125
0.07501 0.10675
0.0750425 0.1065
0.075075 0.10625
0.0751075 0.105875
0.07514 0.105625
0.0751725 0.10525
0.075205 0.105
0.0752375 0.104625
0.07527 0.104375
0.0753025 0.104
0.075335 0.10375
0.0753675 0.1035
0.0754 0.103125
0.0754325 0.102875
0.075465 0.1025
0.0754975 0.10225
0.07553 0.101875
0.0755625 0.101625
0.075595 0.10125
0.0756275 0.101
0.07566 0.100625
0.0756925 0.100375
0.075725 0.1
0.0757575 0.09975
0.07579 0.099375
0.0758225 0.099125
0.075855 0.09875
0.0758875 0.098375
0.07592 0.098125
0.0759525 0.09775
0.075985 0.0975
0.0760175 0.097125
0.07605 0.096875
0.0760825 0.0965
0.076115 0.096125
0.0761475 0.095875
0.07618 0.0955
0.0762125 0.09525
0.076245 0.094875
0.0762775 0.0945
0.07631 0.09425
0.0763425 0.093875
0.076375 0.093625
0.0764075 0.09325
0.07644 0.092875
0.0764725 0.092625
0.076505 0.09225
0.0765375 0.091875
0.07657 0.091625
0.0766025 0.09125
0.076635 0.090875
0.0766675 0.090625
0.0767 0.09025
0.0767325 0.089875
0.076765 0.0895
0.0767975 0.08925
0.07683 0.088875
0.0768625 0.0885
0.076895 0.08825
0.0769275 0.087875
0.07696 0.0875
0.0769925 0.087125
0.077025 0.086875
0.0770575 0.0865
0.07709 0.086125
0.0771225 0.08575
0.077155 0.085375
0.0771875 0.085125
0.07722 0.08475
0.0772525 0.084375
0.077285 0.084
0.0773175 0.083625
0.07735 0.08325
0.0773825 0.083
0.077415 0.082625
0.0774475 0.08225
0.07748 0.081875
0.0775125 0.0815
0.077545 0.081125
0.0775775 0.08075
0.07761 0.080375
0.0776425 0.080125
0.077675 0.07975
0.0777075 0.079375
0.07774 0.079
0.0777725 0.078625
0.077805 0.07825
0.0778375 0.077875
0.07787 0.0775
0.0779025 0.077125
0.077935 0.07675
0.0779675 0.076375
0.078 0.076
0.0780325 0.075625
0.078065 0.07525
0.0780975 0.074875
0.07813 0.0745
0.0781625 0.074125
0.078195 0.07375
0.0782275 0.07325
0.07826 0.072875
0.0782925 0.0725
0.078325 0.072125
0.0783575 0.07175
0.07839 0.071375
0.0784225 0.071
0.078455 0.0705
0.0784875 0.070125
0.07852 0.06975
0.0785525 0.069375
0.078585 0.069
0.0786175 0.0685
0.07865 0.068125
0.0786825 0.06775
0.078715 0.067375
0.0787475 0.066875
0.07878 0.0665
0.0788125 0.066125
0.078845 0.065625
0.0788775 0.06525
0.07891 0.064875
0.0789425 0.064375
0.078975 0.064
0.0790075 0.0635
0.07904 0.063125
0.0790725 0.06275
0.079105 0.06225
0.0791375 0.061875
0.07917 0.061375
0.0792025 0.061
0.079235 0.0605
0.0792675 0.06
0.0793 0.059625
0.0793325 0.059125
0.079365 0.05875
0.0793975 0.05825
0.07943 0.05775
0.0794625 0.057375
0.079495 0.056875
0.0795275 0.056375
0.07956 0.055875
0.0795925 0.0555
0.079625 0.055
0.0796575 0.0545
0.07969 0.054
0.0797225 0.0535
0.079755 0.053
0.0797875 0.0525
0.07982 0.052
0.0798525 0.0515
0.079885 0.051
0.0799175 0.0505
0.07995 0.05
0.0799825 0.0495
0.080015 0.049
0.0800475 0.048375
0.08008 0.047875
0.0801125 0.047375
0.080145 0.04675
0.0801775 0.04625
0.08021 0.04575
0.0802425 0.045125
0.080275 0.044625
0.0803075 0.044
0.08034 0.043375
0.0803725 0.042875
0.080405 0.04225
0.0804375 0.041625
0.08047 0.041
0.0805025 0.040375
0.080535 0.03975
0.0805675 0.039125
0.0806 0.0385
0.0806325 0.03775
0.080665 0.037125
0.0806975 0.036375
0.08073 0.03575
0.0807625 0.035
0.080795 0.03425
0.0808275 0.0335
0.08086 0.03275
0.0808925 0.032
0.080925 0.031125
0.0809575 0.03025
0.08099 0.0295
0.0810225 0.0285
0.081055 0.027625
0.0810875 0.026625
0.08112 0.025625
0.0811525 0.024625
0.081185 0.0235
0.0812175 0.022375
0.08125 0.021125
0.0812825 0.01975
0.081315 0.01825
0.0813475 0.016625
0.08138 0.01475
0.0814125 0.0125
0.081445 0.009625
0.0814775 0.005125
0.08151 0
0.0815425 0
0.081575 0
0.0816075 0
0.08164 0
0.0816725 0
0.081705 0
0.0817375 0
0.08177 0
0.0818025 0
0.081835 0
0.0818675 0
0.0819 0
0.0819325 0
0.081965 0
0.0819975 0
0.08203 0
0.0820625 0
0.082095 0
0.0821275 0
0.08216 0
0.0821925 0
0.082225 0
0.0822575 0
0.08229 0
0.0823225 0
0.082355 0
0.0823875 0
0.08242 0
0.0824525 0
0.082485 0
0.0825175 0
0.08255 0
0.0825825 0
0.082615 0
0.0826475 0
0.08268 0
0.0827125 0
0.082745 0
0.0827775 0
0.08281 0
0.0828425 0
0.082875 0
0.0829075 0
0.08294 0
0.0829725 0
0.083005 0
0.0830375 0
0.08307 0
0.0831025 0
0.083135 0
0.0831675 0
0.0832 0
0.0832325 0
0.083265 0
0.0832975 0
0.08333 0
0.0833625 0
0.083395 0
0.0834275 0
0.08346 0
0.0834925 0
0.083525 0
0.0835575 0
0.08359 0
0.0836225 0
0.083655 0
0.0836875 0
0.08372 0
0.0837525 0
0.083785 0
0.0838175 0
0.08385 0
0.0838825 0
0.083915 0
0.0839475 0
0.08398 0
0.0840125 0
0.084045 0
0.0840775 0
0.08411 0
0.0841425 0
0.084175 0
0.0842075 0
0.08424 0
0.0842725 0
0.084305 0
0.0843375 0
0.08437 0
0.0844025 0
0.084435 0
0.0844675 0
0.0845 0
0.0845325 0
