0 0.09
1.625e-05 0.0933125
3.25e-05 0.0958125
4.875e-05 0.097875
6.5e-05 0.09975
8.125e-05 0.101375
9.75e-05 0.102938
0.00011375 0.104313
0.00013 0.105625
0.00014625 0.106875
0.0001625 0.108063
0.00017875 0.109188
0.000195 0.110313
0.00021125 0.111313
0.0002275 0.112312
0.00024375 0.11325
0.00026 0.114187
0.00027625 0.115062
0.0002925 0.115937
0.00030875 0.116812
0.000325 0.117625
0.00034125 0.118438
0.0003575 0.119188
0.00037375 0.119938
0.00039 0.120688
0.00040625 0.121438
0.0004225 0.122125
0.00043875 0.122813
0.000455 0.1235
0.00047125 0.124188
0.0004875 0.124813
0.00050375 0.125438
0.00052 0.126062
0.00053625 0.126688
0.0005525 0.127312
0.00056875 0.127875
0.000585 0.1285
0.00060125 0.129062
0.0006175 0.129625
0.00063375 0.130188
0.00065 0.13075
0.00066625 0.131312
0.0006825 0.131875
0.00069875 0.132375
0.000715 0.132938
0.00073125 0.133438
0.0007475 0.134
0.00076375 0.1345
0.00078 0.135
0.00079625 0.1355
0.0008125 0.135938
0.00082875 0.136437
0.000845 0.136937
0.00086125 0.137375
0.0008775 0.137875
0.00089375 0.138313
0.00091 0.13875
0.00092625 0.13925
0.0009425 0.139687
0.00095875 0.140125
0.000975 0.140563
0.00099125 0.141
0.0010075 0.141437
0.00102375 0.141813
0.00104 0.14225
0.00105625 0.142687
0.0010725 0.143063
0.00108875 0.1435
0.001105 0.143875
0.00112125 0.144313
0.0011375 0.144687
0.00115375 0.145063
0.00117 0.1455
0.00118625 0.145875
0.0012025 0.14625
0.00121875 0.146625
0.001235 0.147
0.00125125 0.147375
0.0012675 0.14775
0.00128375 0.148125
0.0013 0.1485
0.00131625 0.148813
0.0013325 0.149188
0.00134875 0.149563
0.001365 0.149875
0.00138125 0.15025
0.0013975 0.150625
0.00141375 0.150938
0.00143 0.151313
0.00144625 0.151625
0.0014625 0.151938
0.00147875 0.152312
0.001495 0.152625
0.00151125 0.152938
0.0015275 0.15325
0.00154375 0.153625
0.00156 0.153938
0.00157625 0.15425
0.0015925 0.154562
0.00160875 0.154875
0.001625 0.155188
0.00164125 0.1555
0.0016575 0.155812
0.00167375 0.156125
0.00169 0.156438
0.00170625 0.15675
0.0017225 0.157062
0.00173875 0.157375
0.001755 0.157625
0.00177125 0.157938
0.0017875 0.15825
0.00180375 0.158562
0.00182 0.158812
0.00183625 0.159125
0.0018525 0.159438
0.00186875 0.159688
0.001885 0.16
0.00190125 0.16025
0.0019175 0.160562
0.00193375 0.160812
0.00195 0.161125
0.00196625 0.161375
0.0019825 0.161688
0.00199875 0.161938
0.002015 0.162188
0.00203125 0.1625
0.0020475 0.16275
0.00206375 0.163
0.00208 0.163312
0.00209625 0.163562
0.0021125 0.163812
0.00212875 0.164062
0.002145 0.164313
0.00216125 0.164625
0.0021775 0.164875
0.00219375 0.165125
0.00221 0.165375
0.00222625 0.165625
0.0022425 0.165875
0.00225875 0.166125
0.002275 0.166375
0.00229125 0.166625
0.0023075 0.166875
0.00232375 0.167125
0.00234 0.167375
0.00235625 0.167625
0.0023725 0.167813
0.00238875 0.168063
0.002405 0.168313
0.00242125 0.168563
0.0024375 0.168813
0.00245375 0.169063
0.00247 0.16925
0.00248625 0.1695
0.0025025 0.16975
0.00251875 0.17
0.002535 0.170187
0.00255125 0.170437
0.0025675 0.170687
0.00258375 0.170875
0.0026 0.171125
0.00261625 0.171313
0.0026325 0.171563
0.00264875 0.171813
0.002665 0.172
0.00268125 0.17225
0.0026975 0.172437
0.00271375 0.172687
0.00273 0.172875
0.00274625 0.173125
0.0027625 0.173313
0.00277875 0.173563
0.002795 0.17375
0.00281125 0.173937
0.0028275 0.174187
0.00284375 0.174375
0.00286 0.174625
0.00287625 0.174813
0.0028925 0.175
0.00290875 0.17525
0.002925 0.175437
0.00294125 0.175625
0.0029575 0.175875
0.00297375 0.176063
0.00299 0.17625
0.00300625 0.176437
0.0030225 0.176687
0.00303875 0.176875
0.003055 0.177063
0.00307125 0.17725
0.0030875 0.177437
0.00310375 0.177687
0.00312 0.177875
0.00313625 0.178063
0.0031525 0.17825
0.00316875 0.178437
0.003185 0.178625
0.00320125 0.178813
0.0032175 0.179
0.00323375 0.179187
0.00325 0.179437
0.00326625 0.179625
0.0032825 0.179813
0.00329875 0.18
0.003315 0.180188
0.00333125 0.180375
0.0033475 0.180563
0.00336375 0.18075
0.00338 0.180938
0.00339625 0.181063
0.0034125 0.18125
0.00342875 0.181438
0.003445 0.181625
0.00346125 0.181813
0.0034775 0.182
0.00349375 0.182188
0.00351 0.182375
0.00352625 0.182563
0.0035425 0.182688
0.00355875 0.182875
0.003575 0.183063
0.00359125 0.18325
0.0036075 0.183438
0.00362375 0.183625
0.00364 0.18375
0.00365625 0.183938
0.0036725 0.184125
0.00368875 0.184312
0.003705 0.184438
0.00372125 0.184625
0.0037375 0.184812
0.00375375 0.185
0.00377 0.185125
0.00378625 0.185312
0.0038025 0.1855
0.00381875 0.185625
0.003835 0.185812
0.00385125 0.186
0.0038675 0.186125
0.00388375 0.186312
0.0039 0.186438
0.00391625 0.186625
0.0039325 0.186812
0.00394875 0.186938
0.003965 0.187125
0.00398125 0.18725
0.0039975 0.187438
0.00401375 0.187625
0.00403 0.18775
0.00404625 0.187938
0.0040625 0.188062
0.00407875 0.18825
0.004095 0.188375
0.00411125 0.188562
0.0041275 0.188688
0.00414375 0.188875
0.00416 0.189
0.00417625 0.189188
0.0041925 0.189312
0.00420875 0.1895
0.004225 0.189625
0.00424125 0.18975
0.0042575 0.189938
0.00427375 0.190062
0.00429 0.19025
0.00430625 0.190375
0.0043225 0.190562
0.00433875 0.190688
0.004355 0.190812
0.00437125 0.191
0.0043875 0.191125
0.00440375 0.19125
0.00442 0.191438
0.00443625 0.191562
0.0044525 0.191688
0.00446875 0.191875
0.004485 0.192
0.00450125 0.192125
0.0045175 0.192312
0.00453375 0.192438
0.00455 0.192562
0.00456625 0.19275
0.0045825 0.192875
0.00459875 0.193
0.004615 0.193125
0.00463125 0.193312
0.0046475 0.193438
0.00466375 0.193562
0.00468 0.193688
0.00469625 0.193812
0.0047125 0.194
0.00472875 0.194125
0.004745 0.19425
0.00476125 0.194375
0.0047775 0.1945
0.00479375 0.194688
0.00481 0.194812
0.00482625 0.194938
0.0048425 0.195062
0.00485875 0.195188
0.004875 0.195312
0.00489125 0.195438
0.0049075 0.195625
0.00492375 0.19575
0.00494 0.195875
0.00495625 0.196
0.0049725 0.196125
0.00498875 0.19625
0.005005 0.196375
0.00502125 0.1965
0.0050375 0.196625
0.00505375 0.19675
0.00507 0.196875
0.00508625 0.197063
0.0051025 0.197188
0.00511875 0.197313
0.005135 0.197438
0.00515125 0.197563
0.0051675 0.197688
0.00518375 0.197813
0.0052 0.197938
0.00521625 0.198063
0.0052325 0.198188
0.00524875 0.198313
0.005265 0.198438
0.00528125 0.198563
0.0052975 0.198688
0.00531375 0.198813
0.00533 0.198938
0.00534625 0.199
0.0053625 0.199125
0.00537875 0.19925
0.005395 0.199375
0.00541125 0.1995
0.0054275 0.199625
0.00544375 0.19975
0.00546 0.199875
0.00547625 0.2
0.0054925 0.200125
0.00550875 0.20025
0.005525 0.200375
0.00554125 0.200437
0.0055575 0.200563
0.00557375 0.200687
0.00559 0.200813
0.00560625 0.200937
0.0056225 0.201063
0.00563875 0.201187
0.005655 0.20125
0.00567125 0.201375
0.0056875 0.2015
0.00570375 0.201625
0.00572 0.20175
0.00573625 0.201813
0.0057525 0.201937
0.00576875 0.202063
0.005785 0.202187
0.00580125 0.202313
0.0058175 0.202375
0.00583375 0.2025
0.00585 0.202625
0.00586625 0.20275
0.0058825 0.202875
0.00589875 0.202937
0.005915 0.203063
0.00593125 0.203187
0.0059475 0.203313
0.00596375 0.203375
0.00598 0.2035
0.00599625 0.203625
0.0060125 0.203687
0.00602875 0.203813
0.006045 0.203937
0.00606125 0.204063
0.0060775 0.204125
0.00609375 0.20425
0.00611 0.204375
0.00612625 0.204437
0.0061425 0.204563
0.00615875 0.204687
0.006175 0.20475
0.00619125 0.204875
0.0062075 0.205
0.00622375 0.205063
0.00624 0.205187
0.00625625 0.205313
0.0062725 0.205375
0.00628875 0.2055
0.006305 0.205563
0.00632125 0.205687
0.0063375 0.205813
0.00635375 0.205875
0.00637 0.206
0.00638625 0.206125
0.0064025 0.206187
0.00641875 0.206313
0.006435 0.206375
0.00645125 0.2065
0.0064675 0.206563
0.00648375 0.206687
0.0065 0.206813
0.00651625 0.206875
0.0065325 0.207
0.00654875 0.207063
0.006565 0.207187
0.00658125 0.20725
0.0065975 0.207375
0.00661375 0.207437
0.00663 0.207563
0.00664625 0.207687
0.0066625 0.20775
0.00667875 0.207875
0.006695 0.207937
0.00671125 0.208063
0.0067275 0.208125
0.00674375 0.20825
0.00676 0.208313
0.00677625 0.208437
0.0067925 0.2085
0.00680875 0.208625
0.006825 0.208687
0.00684125 0.208813
0.0068575 0.208875
0.00687375 0.208937
0.00689 0.209063
0.00690625 0.209125
0.0069225 0.20925
0.00693875 0.209313
0.006955 0.209437
0.00697125 0.2095
0.0069875 0.209625
0.00700375 0.209687
0.00702 0.20975
0.00703625 0.209875
0.0070525 0.209937
0.00706875 0.210063
0.007085 0.210125
0.00710125 0.21025
0.0071175 0.210313
0.00713375 0.210375
0.00715 0.2105
0.00716625 0.210563
0.0071825 0.210687
0.00719875 0.21075
0.007215 0.210813
0.00723125 0.210938
0.0072475 0.211
0.00726375 0.211063
0.00728 0.211188
0.00729625 0.21125
0.0073125 0.211313
0.00732875 0.211438
0.007345 0.2115
0.00736125 0.211563
0.0073775 0.211688
0.00739375 0.21175
0.00741 0.211813
0.00742625 0.211938
0.0074425 0.212
0.00745875 0.212063
0.007475 0.212188
0.00749125 0.21225
0.0075075 0.212313
0.00752375 0.212438
0.00754 0.2125
0.00755625 0.212563
0.0075725 0.212688
0.00758875 0.21275
0.007605 0.212813
0.00762125 0.212875
0.0076375 0.213
0.00765375 0.213063
0.00767 0.213125
0.00768625 0.213188
0.0077025 0.213313
0.00771875 0.213375
0.007735 0.213438
0.00775125 0.213563
0.0077675 0.213625
0.00778375 0.213688
0.0078 0.21375
0.00781625 0.213813
0.0078325 0.213938
0.00784875 0.214
0.007865 0.214063
0.00788125 0.214125
0.0078975 0.21425
0.00791375 0.214313
0.00793 0.214375
0.00794625 0.214438
0.0079625 0.2145
0.00797875 0.214625
0.007995 0.214688
0.00801125 0.21475
0.0080275 0.214813
0.00804375 0.214875
0.00806 0.215
0.00807625 0.215063
0.0080925 0.215125
0.00810875 0.215188
0.008125 0.21525
0.00814125 0.215313
0.0081575 0.215438
0.00817375 0.2155
0.00819 0.215563
0.00820625 0.215625
0.0082225 0.215688
0.00823875 0.21575
0.008255 0.215813
0.00827125 0.215938
0.0082875 0.216
0.00830375 0.216062
0.00832 0.216125
0.00833625 0.216188
0.0083525 0.21625
0.00836875 0.216312
0.008385 0.216375
0.00840125 0.2165
0.0084175 0.216562
0.00843375 0.216625
0.00845 0.216688
0.00846625 0.21675
0.0084825 0.216812
0.00849875 0.216875
0.008515 0.216938
0.00853125 0.217
0.0085475 0.217062
0.00856375 0.217125
0.00858 0.21725
0.00859625 0.217312
0.0086125 0.217375
0.00862875 0.217438
0.008645 0.2175
0.00866125 0.217562
0.0086775 0.217625
0.00869375 0.217688
0.00871 0.21775
0.00872625 0.217812
0.0087425 0.217875
0.00875875 0.217938
0.008775 0.218
0.00879125 0.218062
0.0088075 0.218125
0.00882375 0.218188
0.00884 0.21825
0.00885625 0.218312
0.0088725 0.218375
0.00888875 0.218438
0.008905 0.2185
0.00892125 0.218562
0.0089375 0.218625
0.00895375 0.218688
0.00897 0.21875
0.00898625 0.218812
0.0090025 0.218875
0.00901875 0.218938
0.009035 0.219
0.00905125 0.219062
0.0090675 0.219125
0.00908375 0.219188
0.0091 0.21925
0.00911625 0.219312
0.0091325 0.219375
0.00914875 0.219438
0.009165 0.2195
0.00918125 0.219562
0.0091975 0.219625
0.00921375 0.219688
0.00923 0.21975
0.00924625 0.219812
0.0092625 0.219875
0.00927875 0.219938
0.009295 0.22
0.00931125 0.220062
0.0093275 0.220062
0.00934375 0.220125
0.00936 0.220188
0.00937625 0.22025
0.0093925 0.220312
0.00940875 0.220375
0.009425 0.220438
0.00944125 0.2205
0.0094575 0.220562
0.00947375 0.220625
0.00949 0.220688
0.00950625 0.220688
0.0095225 0.22075
0.00953875 0.220812
0.009555 0.220875
0.00957125 0.220938
0.0095875 0.221
0.00960375 0.221062
0.00962 0.221125
0.00963625 0.221188
0.0096525 0.221188
0.00966875 0.22125
0.009685 0.221312
0.00970125 0.221375
0.0097175 0.221438
0.00973375 0.2215
0.00975 0.221562
0.00976625 0.221562
0.0097825 0.221625
0.00979875 0.221688
0.009815 0.22175
0.00983125 0.221812
0.0098475 0.221875
0.00986375 0.221938
0.00988 0.221938
0.00989625 0.222
0.0099125 0.222062
0.00992875 0.222125
0.009945 0.222188
0.00996125 0.22225
0.0099775 0.22225
0.00999375 0.222312
0.01001 0.222375
0.0100263 0.222438
0.0100425 0.2225
0.0100588 0.2225
0.010075 0.222562
0.0100913 0.222625
0.0101075 0.222688
0.0101238 0.22275
0.01014 0.22275
0.0101563 0.222812
0.0101725 0.222875
0.0101888 0.222938
0.010205 0.223
0.0102213 0.223
0.0102375 0.223062
0.0102538 0.223125
0.01027 0.223188
0.0102863 0.223188
0.0103025 0.22325
0.0103188 0.223312
0.010335 0.223375
0.0103513 0.223375
0.0103675 0.223438
0.0103838 0.2235
0.0104 0.223562
0.0104163 0.223562
0.0104325 0.223625
0.0104488 0.223688
0.010465 0.22375
0.0104813 0.22375
0.0104975 0.223812
0.0105138 0.223875
0.01053 0.223938
0.0105463 0.223938
0.0105625 0.224
0.0105788 0.224062
0.010595 0.224125
0.0106113 0.224125
0.0106275 0.224188
0.0106438 0.22425
0.01066 0.22425
0.0106763 0.224312
0.0106925 0.224375
0.0107088 0.224438
0.010725 0.224438
0.0107413 0.2245
0.0107575 0.224562
0.0107738 0.224562
0.01079 0.224625
0.0108063 0.224688
0.0108225 0.224688
0.0108388 0.22475
0.010855 0.224812
0.0108713 0.224812
0.0108875 0.224875
0.0109038 0.224938
0.01092 0.224938
0.0109363 0.225
0.0109525 0.225062
0.0109688 0.225062
0.010985 0.225125
0.0110013 0.225188
0.0110175 0.225188
0.0110338 0.22525
0.01105 0.225312
0.0110663 0.225312
0.0110825 0.225375
0.0110988 0.225438
0.011115 0.225438
0.0111313 0.2255
0.0111475 0.225562
0.0111638 0.225562
0.01118 0.225625
0.0111963 0.225688
0.0112125 0.225688
0.0112288 0.22575
0.011245 0.22575
0.0112613 0.225812
0.0112775 0.225875
0.0112938 0.225875
0.01131 0.225938
0.0113263 0.226
0.0113425 0.226
0.0113588 0.226062
0.011375 0.226062
0.0113913 0.226125
0.0114075 0.226188
0.0114238 0.226188
0.01144 0.22625
0.0114563 0.22625
0.0114725 0.226312
0.0114888 0.226375
0.011505 0.226375
0.0115213 0.226438
0.0115375 0.226438
0.0115538 0.2265
0.01157 0.226562
0.0115863 0.226562
0.0116025 0.226625
0.0116188 0.226625
0.011635 0.226688
0.0116513 0.226688
0.0116675 0.22675
0.0116838 0.226813
0.0117 0.226813
0.0117163 0.226875
0.0117325 0.226875
0.0117488 0.226938
0.011765 0.226938
0.0117813 0.227
0.0117975 0.227
0.0118138 0.227063
0.01183 0.227125
0.0118463 0.227125
0.0118625 0.227188
0.0118788 0.227188
0.011895 0.22725
0.0119113 0.22725
0.0119275 0.227313
0.0119438 0.227313
0.01196 0.227375
0.0119763 0.227375
0.0119925 0.227438
0.0120088 0.227438
0.012025 0.2275
0.0120413 0.2275
0.0120575 0.227563
0.0120738 0.227563
0.01209 0.227625
0.0121063 0.227688
0.0121225 0.227688
0.0121388 0.22775
0.012155 0.22775
0.0121713 0.227813
0.0121875 0.227813
0.0122038 0.227875
0.01222 0.227875
0.0122363 0.227938
0.0122525 0.227938
0.0122688 0.228
0.012285 0.228
0.0123013 0.228
0.0123175 0.228063
0.0123338 0.228063
0.01235 0.228125
0.0123663 0.228125
0.0123825 0.228188
0.0123988 0.228188
0.012415 0.22825
0.0124313 0.22825
0.0124475 0.228313
0.0124638 0.228313
0.01248 0.228375
0.0124963 0.228375
0.0125125 0.228438
0.0125288 0.228438
0.012545 0.2285
0.0125613 0.2285
0.0125775 0.2285
0.0125938 0.228563
0.01261 0.228563
0.0126263 0.228625
0.0126425 0.228625
0.0126588 0.228688
0.012675 0.228688
0.0126913 0.22875
0.0127075 0.22875
0.0127238 0.22875
0.01274 0.228813
0.0127563 0.228813
0.0127725 0.228875
0.0127888 0.228875
0.012805 0.228938
0.0128213 0.228938
0.0128375 0.228938
0.0128538 0.229
0.01287 0.229
0.0128863 0.229063
0.0129025 0.229063
0.0129188 0.229063
0.012935 0.229125
0.0129513 0.229125
0.0129675 0.229188
0.0129838 0.229188
0.013 0.22925
0.0130163 0.22925
0.0130325 0.22925
0.0130488 0.229313
0.013065 0.229313
0.0130813 0.229375
0.0130975 0.229375
0.0131138 0.229375
0.01313 0.229438
0.0131463 0.229438
0.0131625 0.229438
0.0131788 0.2295
0.013195 0.2295
0.0132113 0.229563
0.0132275 0.229563
0.0132438 0.229563
0.01326 0.229625
0.0132763 0.229625
0.0132925 0.229625
0.0133088 0.229688
0.013325 0.229688
0.0133413 0.22975
0.0133575 0.22975
0.0133738 0.22975
0.01339 0.229813
0.0134063 0.229813
0.0134225 0.229813
0.0134388 0.229875
0.013455 0.229875
0.0134713 0.229875
0.0134875 0.229938
0.0135038 0.229938
0.01352 0.229938
0.0135363 0.23
0.0135525 0.23
0.0135688 0.23
0.013585 0.230063
0.0136013 0.230063
0.0136175 0.230063
0.0136338 0.230125
0.01365 0.230125
0.0136663 0.230125
0.0136825 0.230188
0.0136988 0.230188
0.013715 0.230188
0.0137313 0.23025
0.0137475 0.23025
0.0137638 0.23025
0.01378 0.230313
0.0137963 0.230313
0.0138125 0.230313
0.0138288 0.230375
0.013845 0.230375
0.0138613 0.230375
0.0138775 0.230375
0.0138938 0.230438
0.01391 0.230438
0.0139263 0.230438
0.0139425 0.2305
0.0139588 0.2305
0.013975 0.2305
0.0139913 0.230563
0.0140075 0.230563
0.0140238 0.230563
0.01404 0.230563
0.0140563 0.230625
0.0140725 0.230625
0.0140888 0.230625
0.014105 0.230688
0.0141213 0.230688
0.0141375 0.230688
0.0141538 0.230688
0.01417 0.23075
0.0141863 0.23075
0.0142025 0.23075
0.0142188 0.23075
0.014235 0.230813
0.0142513 0.230813
0.0142675 0.230813
0.0142838 0.230813
0.0143 0.230875
0.0143163 0.230875
0.0143325 0.230875
0.0143488 0.230938
0.014365 0.230938
0.0143813 0.230938
0.0143975 0.230938
0.0144138 0.231
0.01443 0.231
0.0144463 0.231
0.0144625 0.231
0.0144788 0.231
0.014495 0.231063
0.0145113 0.231063
0.0145275 0.231063
0.0145438 0.231063
0.01456 0.231125
0.0145763 0.231125
0.0145925 0.231125
0.0146088 0.231125
0.014625 0.231188
0.0146413 0.231188
0.0146575 0.231188
0.0146738 0.231188
0.01469 0.231188
0.0147063 0.23125
0.0147225 0.23125
0.0147388 0.23125
0.014755 0.23125
0.0147713 0.231313
0.0147875 0.231313
0.0148038 0.231313
0.01482 0.231313
0.0148363 0.231313
0.0148525 0.231375
0.0148688 0.231375
0.014885 0.231375
0.0149013 0.231375
0.0149175 0.231375
0.0149338 0.231438
0.01495 0.231438
0.0149663 0.231438
0.0149825 0.231438
0.0149988 0.231438
0.015015 0.231438
0.0150313 0.2315
0.0150475 0.2315
0.0150638 0.2315
0.01508 0.2315
0.0150963 0.2315
0.0151125 0.231563
0.0151288 0.231563
0.015145 0.231563
0.0151613 0.231563
0.0151775 0.231563
0.0151938 0.231563
0.01521 0.231625
0.0152263 0.231625
0.0152425 0.231625
0.0152588 0.231625
0.015275 0.231625
0.0152913 0.231625
0.0153075 0.231688
0.0153238 0.231688
0.01534 0.231688
0.0153563 0.231688
0.0153725 0.231688
0.0153888 0.231688
0.015405 0.23175
0.0154213 0.23175
0.0154375 0.23175
0.0154538 0.23175
0.01547 0.23175
0.0154863 0.23175
0.0155025 0.23175
0.0155188 0.231813
0.015535 0.231813
0.0155513 0.231813
0.0155675 0.231813
0.0155838 0.231813
0.0156 0.231813
0.0156163 0.231813
0.0156325 0.231813
0.0156488 0.231875
0.015665 0.231875
0.0156813 0.231875
0.0156975 0.231875
0.0157138 0.231875
0.01573 0.231875
0.0157463 0.231875
0.0157625 0.231875
0.0157788 0.231938
0.015795 0.231938
0.0158113 0.231938
0.0158275 0.231938
0.0158438 0.231938
0.01586 0.231938
0.0158763 0.231938
0.0158925 0.231938
0.0159088 0.231938
0.015925 0.232
0.0159413 0.232
0.0159575 0.232
0.0159738 0.232
0.01599 0.232
0.0160063 0.232
0.0160225 0.232
0.0160388 0.232
0.016055 0.232
0.0160713 0.232
0.0160875 0.232
0.0161038 0.232063
0.01612 0.232063
0.0161363 0.232063
0.0161525 0.232063
0.0161688 0.232063
0.016185 0.232063
0.0162013 0.232063
0.0162175 0.232063
0.0162338 0.232063
0.01625 0.232063
0.0162663 0.232063
0.0162825 0.232063
0.0162988 0.232125
0.016315 0.232125
0.0163313 0.232125
0.0163475 0.232125
0.0163638 0.232125
0.01638 0.232125
0.0163963 0.232125
0.0164125 0.232125
0.0164288 0.232125
0.016445 0.232125
0.0164613 0.232125
0.0164775 0.232125
0.0164938 0.232125
0.01651 0.232125
0.0165263 0.232125
0.0165425 0.232125
0.0165588 0.232187
0.016575 0.232187
0.0165913 0.232187
0.0166075 0.232187
0.0166238 0.232187
0.01664 0.232187
0.0166563 0.232187
0.0166725 0.232187
0.0166888 0.232187
0.016705 0.232187
0.0167213 0.232187
0.0167375 0.232187
0.0167538 0.232187
0.01677 0.232187
0.0167863 0.232187
0.0168025 0.232187
0.0168188 0.232187
0.016835 0.232187
0.0168513 0.232187
0.0168675 0.232187
0.0168838 0.232187
0.0169 0.232187
0.0169163 0.232187
0.0169325 0.232187
0.0169488 0.232187
0.016965 0.232187
0.0169813 0.232187
0.0169975 0.23225
0.0170138 0.23225
0.01703 0.23225
0.0170463 0.23225
0.0170625 0.23225
0.0170788 0.23225
0.017095 0.23225
0.0171113 0.23225
0.0171275 0.23225
0.0171438 0.23225
0.01716 0.23225
0.0171763 0.23225
0.0171925 0.23225
0.0172088 0.23225
0.017225 0.23225
0.0172413 0.23225
0.0172575 0.23225
0.0172738 0.23225
0.01729 0.23225
0.0173063 0.23225
0.0173225 0.23225
0.0173388 0.23225
0.017355 0.23225
0.0173713 0.23225
0.0173875 0.23225
0.0174038 0.23225
0.01742 0.23225
0.0174363 0.23225
0.0174525 0.23225
0.0174688 0.23225
0.017485 0.23225
0.0175013 0.23225
0.0175175 0.232187
0.0175338 0.232187
0.01755 0.232187
0.0175663 0.232187
0.0175825 0.232187
0.0175988 0.232187
0.017615 0.232187
0.0176313 0.232187
0.0176475 0.232187
0.0176638 0.232187
0.01768 0.232187
0.0176963 0.232187
0.0177125 0.232187
0.0177288 0.232125
0.017745 0.232125
0.0177613 0.232125
0.0177775 0.232125
0.0177938 0.232125
0.01781 0.232125
0.0178263 0.232125
0.0178425 0.232125
0.0178588 0.232125
0.017875 0.232125
0.0178913 0.232063
0.0179075 0.232063
0.0179238 0.232063
0.01794 0.232063
0.0179563 0.232063
0.0179725 0.232063
0.0179888 0.232063
0.018005 0.232063
0.0180213 0.232063
0.0180375 0.232063
0.0180538 0.232
0.01807 0.232
0.0180863 0.232
0.0181025 0.232
0.0181188 0.232
0.018135 0.232
0.0181513 0.232
0.0181675 0.232
0.0181838 0.232
0.0182 0.231938
0.0182163 0.231938
0.0182325 0.231938
0.0182488 0.231938
0.018265 0.231938
0.0182813 0.231938
0.0182975 0.231938
0.0183138 0.231938
0.01833 0.231875
0.0183463 0.231875
0.0183625 0.231875
0.0183788 0.231875
0.018395 0.231875
0.0184113 0.231875
0.0184275 0.231875
0.0184438 0.231813
0.01846 0.231813
0.0184763 0.231813
0.0184925 0.231813
0.0185088 0.231813
0.018525 0.231813
0.0185413 0.231813
0.0185575 0.23175
0.0185738 0.23175
0.01859 0.23175
0.0186063 0.23175
0.0186225 0.23175
0.0186388 0.23175
0.018655 0.231688
0.0186713 0.231688
0.0186875 0.231688
0.0187038 0.231688
0.01872 0.231688
0.0187363 0.231688
0.0187525 0.231625
0.0187688 0.231625
0.018785 0.231625
0.0188013 0.231625
0.0188175 0.231625
0.0188338 0.231625
0.01885 0.231563
0.0188663 0.231563
0.0188825 0.231563
0.0188988 0.231563
0.018915 0.231563
0.0189313 0.231563
0.0189475 0.2315
0.0189638 0.2315
0.01898 0.2315
0.0189963 0.2315
0.0190125 0.2315
0.0190288 0.231438
0.019045 0.231438
0.0190613 0.231438
0.0190775 0.231438
0.0190938 0.231438
0.01911 0.231375
0.0191263 0.231375
0.0191425 0.231375
0.0191588 0.231375
0.019175 0.231375
0.0191913 0.231313
0.0192075 0.231313
0.0192238 0.231313
0.01924 0.231313
0.0192563 0.231313
0.0192725 0.23125
0.0192888 0.23125
0.019305 0.23125
0.0193213 0.23125
0.0193375 0.23125
0.0193538 0.231188
0.01937 0.231188
0.0193863 0.231188
0.0194025 0.231188
0.0194188 0.231125
0.019435 0.231125
0.0194513 0.231125
0.0194675 0.231125
0.0194838 0.231125
0.0195 0.231063
0.0195163 0.231063
0.0195325 0.231063
0.0195488 0.231063
0.019565 0.231
0.0195813 0.231
0.0195975 0.231
0.0196138 0.231
0.01963 0.230938
0.0196463 0.230938
0.0196625 0.230938
0.0196788 0.230938
0.019695 0.230875
0.0197113 0.230875
0.0197275 0.230875
0.0197438 0.230875
0.01976 0.230813
0.0197763 0.230813
0.0197925 0.230813
0.0198088 0.230813
0.019825 0.23075
0.0198413 0.23075
0.0198575 0.23075
0.0198738 0.23075
0.01989 0.230688
0.0199063 0.230688
0.0199225 0.230688
0.0199388 0.230688
0.019955 0.230625
0.0199713 0.230625
0.0199875 0.230625
0.0200038 0.230625
0.02002 0.230563
0.0200363 0.230563
0.0200525 0.230563
0.0200688 0.230563
0.020085 0.2305
0.0201013 0.2305
0.0201175 0.2305
0.0201338 0.230438
0.02015 0.230438
0.0201663 0.230438
0.0201825 0.230438
0.0201988 0.230375
0.020215 0.230375
0.0202313 0.230375
0.0202475 0.230313
0.0202638 0.230313
0.02028 0.230313
0.0202963 0.230313
0.0203125 0.23025
0.0203288 0.23025
0.020345 0.23025
0.0203613 0.230188
0.0203775 0.230188
0.0203938 0.230188
0.02041 0.230125
0.0204263 0.230125
0.0204425 0.230125
0.0204588 0.230125
0.020475 0.230063
0.0204913 0.230063
0.0205075 0.230063
0.0205238 0.23
0.02054 0.23
0.0205563 0.23
0.0205725 0.229938
0.0205888 0.229938
0.020605 0.229938
0.0206213 0.229875
0.0206375 0.229875
0.0206538 0.229875
0.02067 0.229813
0.0206863 0.229813
0.0207025 0.229813
0.0207188 0.229813
0.020735 0.22975
0.0207513 0.22975
0.0207675 0.22975
0.0207838 0.229688
0.0208 0.229688
0.0208163 0.229688
0.0208325 0.229625
0.0208488 0.229625
0.020865 0.229625
0.0208813 0.229563
0.0208975 0.229563
0.0209138 0.229563
0.02093 0.2295
0.0209463 0.2295
0.0209625 0.2295
0.0209788 0.229438
0.020995 0.229438
0.0210113 0.229438
0.0210275 0.229375
0.0210438 0.229375
0.02106 0.229313
0.0210763 0.229313
0.0210925 0.229313
0.0211088 0.22925
0.021125 0.22925
0.0211413 0.22925
0.0211575 0.229188
0.0211738 0.229188
0.02119 0.229188
0.0212063 0.229125
0.0212225 0.229125
0.0212388 0.229125
0.021255 0.229063
0.0212713 0.229063
0.0212875 0.229
0.0213038 0.229
0.02132 0.229
0.0213363 0.228938
0.0213525 0.228938
0.0213688 0.228938
0.021385 0.228875
0.0214013 0.228875
0.0214175 0.228813
0.0214338 0.228813
0.02145 0.228813
0.0214663 0.22875
0.0214825 0.22875
0.0214988 0.22875
0.021515 0.228688
0.0215313 0.228688
0.0215475 0.228625
0.0215638 0.228625
0.02158 0.228625
0.0215963 0.228563
0.0216125 0.228563
0.0216288 0.2285
0.021645 0.2285
0.0216613 0.2285
0.0216775 0.228438
0.0216938 0.228438
0.02171 0.228375
0.0217263 0.228375
0.0217425 0.228375
0.0217588 0.228313
0.021775 0.228313
0.0217913 0.228313
0.0218075 0.22825
0.0218238 0.22825
0.02184 0.228188
0.0218563 0.228188
0.0218725 0.228125
0.0218888 0.228125
0.021905 0.228125
0.0219213 0.228063
0.0219375 0.228063
0.0219538 0.228
0.02197 0.228
0.0219863 0.228
0.0220025 0.227938
0.0220188 0.227938
0.022035 0.227875
0.0220513 0.227875
0.0220675 0.227813
0.0220838 0.227813
0.0221 0.227813
0.0221163 0.22775
0.0221325 0.22775
0.0221488 0.227688
0.022165 0.227688
0.0221813 0.227625
0.0221975 0.227625
0.0222138 0.227625
0.02223 0.227563
0.0222463 0.227563
0.0222625 0.2275
0.0222788 0.2275
0.022295 0.227438
0.0223113 0.227438
0.0223275 0.227375
0.0223438 0.227375
0.02236 0.227375
0.0223763 0.227313
0.0223925 0.227313
0.0224088 0.22725
0.022425 0.22725
0.0224413 0.227188
0.0224575 0.227188
0.0224738 0.227125
0.02249 0.227125
0.0225063 0.227125
0.0225225 0.227063
0.0225388 0.227063
0.022555 0.227
0.0225713 0.227
0.0225875 0.226938
0.0226038 0.226938
0.02262 0.226875
0.0226363 0.226875
0.0226525 0.226813
0.0226688 0.226813
0.022685 0.22675
0.0227013 0.22675
0.0227175 0.22675
0.0227338 0.226688
0.02275 0.226688
0.0227663 0.226625
0.0227825 0.226625
0.0227988 0.226562
0.022815 0.226562
0.0228313 0.2265
0.0228475 0.2265
0.0228638 0.226438
0.02288 0.226438
0.0228963 0.226375
0.0229125 0.226375
0.0229288 0.226312
0.022945 0.226312
0.0229613 0.22625
0.0229775 0.22625
0.0229938 0.226188
0.02301 0.226188
0.0230263 0.226125
0.0230425 0.226125
0.0230588 0.226062
0.023075 0.226062
0.0230913 0.226
0.0231075 0.226
0.0231238 0.225938
0.02314 0.225938
0.0231563 0.225875
0.0231725 0.225875
0.0231888 0.225812
0.023205 0.225812
0.0232213 0.22575
0.0232375 0.22575
0.0232538 0.225688
0.02327 0.225688
0.0232863 0.225625
0.0233025 0.225625
0.0233188 0.225562
0.023335 0.225562
0.0233513 0.2255
0.0233675 0.2255
0.0233838 0.225438
0.0234 0.225438
0.0234163 0.225375
0.0234325 0.225375
0.0234488 0.225312
0.023465 0.225312
0.0234813 0.22525
0.0234975 0.22525
0.0235138 0.225188
0.02353 0.225125
0.0235463 0.225125
0.0235625 0.225062
0.0235788 0.225062
0.023595 0.225
0.0236113 0.225
0.0236275 0.224938
0.0236438 0.224938
0.02366 0.224875
0.0236763 0.224875
0.0236925 0.224812
0.0237088 0.224812
0.023725 0.22475
0.0237413 0.22475
0.0237575 0.224688
0.0237738 0.224625
0.02379 0.224625
0.0238063 0.224562
0.0238225 0.224562
0.0238388 0.2245
0.023855 0.2245
0.0238713 0.224438
0.0238875 0.224438
0.0239038 0.224375
0.02392 0.224312
0.0239363 0.224312
0.0239525 0.22425
0.0239688 0.22425
0.023985 0.224188
0.0240013 0.224188
0.0240175 0.224125
0.0240338 0.224125
0.02405 0.224062
0.0240663 0.224
0.0240825 0.224
0.0240988 0.223938
0.024115 0.223938
0.0241313 0.223875
0.0241475 0.223875
0.0241638 0.223812
0.02418 0.22375
0.0241963 0.22375
0.0242125 0.223688
0.0242288 0.223688
0.024245 0.223625
0.0242613 0.223562
0.0242775 0.223562
0.0242938 0.2235
0.02431 0.2235
0.0243263 0.223438
0.0243425 0.223438
0.0243588 0.223375
0.024375 0.223312
0.0243913 0.223312
0.0244075 0.22325
0.0244238 0.22325
0.02444 0.223188
0.0244563 0.223125
0.0244725 0.223125
0.0244888 0.223062
0.024505 0.223062
0.0245213 0.223
0.0245375 0.222938
0.0245538 0.222938
0.02457 0.222875
0.0245863 0.222875
0.0246025 0.222812
0.0246188 0.22275
0.024635 0.22275
0.0246513 0.222688
0.0246675 0.222688
0.0246838 0.222625
0.0247 0.222562
0.0247163 0.222562
0.0247325 0.2225
0.0247488 0.2225
0.024765 0.222438
0.0247813 0.222375
0.0247975 0.222375
0.0248138 0.222312
0.02483 0.22225
0.0248463 0.22225
0.0248625 0.222188
0.0248788 0.222188
0.024895 0.222125
0.0249113 0.222062
0.0249275 0.222062
0.0249438 0.222
0.02496 0.221938
0.0249763 0.221938
0.0249925 0.221875
0.0250088 0.221875
0.025025 0.221812
0.0250413 0.22175
0.0250575 0.22175
0.0250738 0.221688
0.02509 0.221625
0.0251063 0.221625
0.0251225 0.221562
0.0251388 0.2215
0.025155 0.2215
0.0251713 0.221438
0.0251875 0.221375
0.0252038 0.221375
0.02522 0.221312
0.0252363 0.221312
0.0252525 0.22125
0.0252688 0.221188
0.025285 0.221188
0.0253013 0.221125
0.0253175 0.221062
0.0253338 0.221062
0.02535 0.221
0.0253663 0.220938
0.0253825 0.220938
0.0253988 0.220875
0.025415 0.220812
0.0254313 0.220812
0.0254475 0.22075
0.0254638 0.220688
0.02548 0.220688
0.0254963 0.220625
0.0255125 0.220562
0.0255288 0.220562
0.025545 0.2205
0.0255613 0.220438
0.0255775 0.220438
0.0255938 0.220375
0.02561 0.220312
0.0256263 0.220312
0.0256425 0.22025
0.0256588 0.220188
0.025675 0.220188
0.0256913 0.220125
0.0257075 0.220062
0.0257238 0.220062
0.02574 0.22
0.0257563 0.219938
0.0257725 0.219875
0.0257888 0.219875
0.025805 0.219812
0.0258213 0.21975
0.0258375 0.21975
0.0258538 0.219688
0.02587 0.219625
0.0258863 0.219625
0.0259025 0.219562
0.0259188 0.2195
0.025935 0.2195
0.0259513 0.219438
0.0259675 0.219375
0.0259838 0.219312
0.026 0.219312
0.0260163 0.21925
0.0260325 0.219188
0.0260488 0.219188
0.026065 0.219125
0.0260813 0.219062
0.0260975 0.219062
0.0261138 0.219
0.02613 0.218938
0.0261463 0.218875
0.0261625 0.218875
0.0261788 0.218812
0.026195 0.21875
0.0262113 0.21875
0.0262275 0.218688
0.0262438 0.218625
0.02626 0.218562
0.0262763 0.218562
0.0262925 0.2185
0.0263088 0.218438
0.026325 0.218375
0.0263413 0.218375
0.0263575 0.218312
0.0263738 0.21825
0.02639 0.21825
0.0264063 0.218188
0.0264225 0.218125
0.0264388 0.218062
0.026455 0.218062
0.0264713 0.218
0.0264875 0.217938
0.0265038 0.217875
0.02652 0.217875
0.0265363 0.217812
0.0265525 0.21775
0.0265688 0.217688
0.026585 0.217688
0.0266013 0.217625
0.0266175 0.217562
0.0266338 0.2175
0.02665 0.2175
0.0266663 0.217438
0.0266825 0.217375
0.0266988 0.217312
0.026715 0.217312
0.0267313 0.21725
0.0267475 0.217188
0.0267638 0.217125
0.02678 0.217125
0.0267963 0.217062
0.0268125 0.217
0.0268288 0.216938
0.026845 0.216938
0.0268613 0.216875
0.0268775 0.216812
0.0268938 0.21675
0.02691 0.21675
0.0269263 0.216688
0.0269425 0.216625
0.0269588 0.216562
0.026975 0.216562
0.0269913 0.2165
0.0270075 0.216438
0.0270238 0.216375
0.02704 0.216312
0.0270563 0.216312
0.0270725 0.21625
0.0270888 0.216188
0.027105 0.216125
0.0271213 0.216125
0.0271375 0.216062
0.0271538 0.216
0.02717 0.215938
0.0271863 0.215875
0.0272025 0.215875
0.0272188 0.215813
0.027235 0.21575
0.0272513 0.215688
0.0272675 0.215625
0.0272838 0.215625
0.0273 0.215563
0.0273163 0.2155
0.0273325 0.215438
0.0273488 0.215375
0.027365 0.215375
0.0273813 0.215313
0.0273975 0.21525
0.0274138 0.215188
0.02743 0.215125
0.0274463 0.215125
0.0274625 0.215063
0.0274788 0.215
0.027495 0.214938
0.0275113 0.214875
0.0275275 0.214875
0.0275438 0.214813
0.02756 0.21475
0.0275763 0.214688
0.0275925 0.214625
0.0276088 0.214625
0.027625 0.214563
0.0276413 0.2145
0.0276575 0.214438
0.0276738 0.214375
0.02769 0.214375
0.0277063 0.214313
0.0277225 0.21425
0.0277388 0.214188
0.027755 0.214125
0.0277713 0.214063
0.0277875 0.214063
0.0278038 0.214
0.02782 0.213938
0.0278363 0.213875
0.0278525 0.213813
0.0278688 0.21375
0.027885 0.21375
0.0279013 0.213688
0.0279175 0.213625
0.0279338 0.213563
0.02795 0.2135
0.0279663 0.213438
0.0279825 0.213438
0.0279988 0.213375
0.028015 0.213313
0.0280313 0.21325
0.0280475 0.213188
0.0280638 0.213125
0.02808 0.213063
0.0280963 0.213063
0.0281125 0.213
0.0281288 0.212938
0.028145 0.212875
0.0281613 0.212813
0.0281775 0.21275
0.0281938 0.212688
0.02821 0.212688
0.0282263 0.212625
0.0282425 0.212563
0.0282588 0.2125
0.028275 0.212438
0.0282913 0.212375
0.0283075 0.212313
0.0283238 0.212313
0.02834 0.21225
0.0283563 0.212188
0.0283725 0.212125
0.0283888 0.212063
0.028405 0.212
0.0284213 0.211938
0.0284375 0.211938
0.0284538 0.211875
0.02847 0.211813
0.0284863 0.21175
0.0285025 0.211688
0.0285188 0.211625
0.028535 0.211563
0.0285513 0.2115
0.0285675 0.211438
0.0285838 0.211438
0.0286 0.211375
0.0286163 0.211313
0.0286325 0.21125
0.0286488 0.211188
0.028665 0.211125
0.0286813 0.211063
0.0286975 0.211
0.0287138 0.210938
0.02873 0.210938
0.0287463 0.210875
0.0287625 0.210813
0.0287788 0.21075
0.028795 0.210687
0.0288113 0.210625
0.0288275 0.210563
0.0288438 0.2105
0.02886 0.210437
0.0288763 0.210437
0.0288925 0.210375
0.0289088 0.210313
0.028925 0.21025
0.0289413 0.210187
0.0289575 0.210125
0.0289738 0.210063
0.02899 0.21
0.0290063 0.209937
0.0290225 0.209875
0.0290388 0.209813
0.029055 0.20975
0.0290713 0.20975
0.0290875 0.209687
0.0291038 0.209625
0.02912 0.209563
0.0291363 0.2095
0.0291525 0.209437
0.0291688 0.209375
0.029185 0.209313
0.0292013 0.20925
0.0292175 0.209187
0.0292338 0.209125
0.02925 0.209063
0.0292663 0.209
0.0292825 0.209
0.0292988 0.208937
0.029315 0.208875
0.0293313 0.208813
0.0293475 0.20875
0.0293638 0.208687
0.02938 0.208625
0.0293963 0.208563
0.0294125 0.2085
0.0294288 0.208437
0.029445 0.208375
0.0294613 0.208313
0.0294775 0.20825
0.0294938 0.208187
0.02951 0.208125
0.0295263 0.208063
0.0295425 0.208
0.0295588 0.207937
0.029575 0.207937
0.0295913 0.207875
0.0296075 0.207813
0.0296238 0.20775
0.02964 0.207687
0.0296563 0.207625
0.0296725 0.207563
0.0296888 0.2075
0.029705 0.207437
0.0297213 0.207375
0.0297375 0.207313
0.0297538 0.20725
0.02977 0.207187
0.0297863 0.207125
0.0298025 0.207063
0.0298188 0.207
0.029835 0.206937
0.0298513 0.206875
0.0298675 0.206813
0.0298838 0.20675
0.0299 0.206687
0.0299163 0.206625
0.0299325 0.206563
0.0299488 0.2065
0.029965 0.206437
0.0299813 0.206375
0.0299975 0.206313
0.0300138 0.20625
0.03003 0.206187
0.0300463 0.206125
0.0300625 0.206063
0.0300788 0.206
0.030095 0.205937
0.0301113 0.205875
0.0301275 0.205813
0.0301438 0.20575
0.03016 0.205687
0.0301763 0.205625
0.0301925 0.205563
0.0302088 0.2055
0.030225 0.205437
0.0302413 0.205375
0.0302575 0.205313
0.0302738 0.20525
0.03029 0.205187
0.0303063 0.205125
0.0303225 0.205063
0.0303388 0.205
0.030355 0.204937
0.0303713 0.204875
0.0303875 0.204813
0.0304038 0.20475
0.03042 0.204687
0.0304363 0.204625
0.0304525 0.204563
0.0304688 0.2045
0.030485 0.204437
0.0305013 0.204375
0.0305175 0.204313
0.0305338 0.20425
0.03055 0.204187
0.0305663 0.204125
0.0305825 0.204063
0.0305988 0.204
0.030615 0.203937
0.0306313 0.203875
0.0306475 0.203813
0.0306638 0.20375
0.03068 0.203687
0.0306963 0.203625
0.0307125 0.203563
0.0307288 0.2035
0.030745 0.203437
0.0307613 0.203375
0.0307775 0.203313
0.0307938 0.20325
0.03081 0.203187
0.0308263 0.203125
0.0308425 0.203
0.0308588 0.202937
0.030875 0.202875
0.0308913 0.202813
0.0309075 0.20275
0.0309238 0.202687
0.03094 0.202625
0.0309563 0.202563
0.0309725 0.2025
0.0309888 0.202437
0.031005 0.202375
0.0310213 0.202313
0.0310375 0.20225
0.0310538 0.202187
0.03107 0.202125
0.0310863 0.202063
0.0311025 0.202
0.0311188 0.201875
0.031135 0.201813
0.0311513 0.20175
0.0311675 0.201687
0.0311838 0.201625
0.0312 0.201563
0.0312163 0.2015
0.0312325 0.201437
0.0312488 0.201375
0.031265 0.201313
0.0312813 0.20125
0.0312975 0.201187
0.0313138 0.201125
0.03133 0.201
0.0313463 0.200937
0.0313625 0.200875
0.0313788 0.200813
0.031395 0.20075
0.0314113 0.200687
0.0314275 0.200625
0.0314438 0.200563
0.03146 0.2005
0.0314763 0.200437
0.0314925 0.200375
0.0315088 0.20025
0.031525 0.200187
0.0315413 0.200125
0.0315575 0.200063
0.0315738 0.2
0.03159 0.199938
0.0316063 0.199875
0.0316225 0.199813
0.0316388 0.19975
0.031655 0.199688
0.0316713 0.199563
0.0316875 0.1995
0.0317038 0.199438
0.03172 0.199375
0.0317363 0.199313
0.0317525 0.19925
0.0317688 0.199188
0.031785 0.199125
0.0318013 0.199063
0.0318175 0.198938
0.0318338 0.198875
0.03185 0.198813
0.0318663 0.19875
0.0318825 0.198688
0.0318988 0.198625
0.031915 0.198563
0.0319313 0.1985
0.0319475 0.198375
0.0319638 0.198313
0.03198 0.19825
0.0319963 0.198188
0.0320125 0.198125
0.0320288 0.198063
0.032045 0.198
0.0320613 0.197875
0.0320775 0.197813
0.0320938 0.19775
0.03211 0.197688
0.0321263 0.197625
0.0321425 0.197563
0.0321588 0.1975
0.032175 0.197375
0.0321913 0.197313
0.0322075 0.19725
0.0322238 0.197188
0.03224 0.197125
0.0322563 0.197063
0.0322725 0.197
0.0322888 0.196875
0.032305 0.196813
0.0323213 0.19675
0.0323375 0.196688
0.0323538 0.196625
0.03237 0.196563
0.0323863 0.196438
0.0324025 0.196375
0.0324188 0.196313
0.032435 0.19625
0.0324513 0.196188
0.0324675 0.196125
0.0324838 0.196
0.0325 0.195938
0.0325163 0.195875
0.0325325 0.195813
0.0325488 0.19575
0.032565 0.195688
0.0325813 0.195563
0.0325975 0.1955
0.0326138 0.195438
0.03263 0.195375
0.0326463 0.195312
0.0326625 0.195188
0.0326788 0.195125
0.032695 0.195062
0.0327113 0.195
0.0327275 0.194938
0.0327438 0.194875
0.03276 0.19475
0.0327763 0.194688
0.0327925 0.194625
0.0328088 0.194562
0.032825 0.1945
0.0328413 0.194375
0.0328575 0.194312
0.0328738 0.19425
0.03289 0.194188
0.0329063 0.194125
0.0329225 0.194
0.0329388 0.193938
0.032955 0.193875
0.0329713 0.193812
0.0329875 0.193688
0.0330038 0.193625
0.03302 0.193562
0.0330363 0.1935
0.0330525 0.193438
0.0330688 0.193312
0.033085 0.19325
0.0331013 0.193188
0.0331175 0.193125
0.0331338 0.193062
0.03315 0.192938
0.0331663 0.192875
0.0331825 0.192812
0.0331988 0.19275
0.033215 0.192625
0.0332313 0.192562
0.0332475 0.1925
0.0332638 0.192438
0.03328 0.192312
0.0332963 0.19225
0.0333125 0.192188
0.0333288 0.192125
0.033345 0.192062
0.0333613 0.191938
0.0333775 0.191875
0.0333938 0.191812
0.03341 0.19175
0.0334263 0.191625
0.0334425 0.191562
0.0334588 0.1915
0.033475 0.191438
0.0334913 0.191312
0.0335075 0.19125
0.0335238 0.191188
0.03354 0.191125
0.0335563 0.191
0.0335725 0.190938
0.0335888 0.190875
0.033605 0.190812
0.0336213 0.190688
0.0336375 0.190625
0.0336538 0.190562
0.03367 0.190438
0.0336863 0.190375
0.0337025 0.190312
0.0337188 0.19025
0.033735 0.190125
0.0337513 0.190062
0.0337675 0.19
0.0337838 0.189938
0.0338 0.189812
0.0338163 0.18975
0.0338325 0.189688
0.0338488 0.189562
0.033865 0.1895
0.0338813 0.189438
0.0338975 0.189375
0.0339138 0.18925
0.03393 0.189188
0.0339463 0.189125
0.0339625 0.189
0.0339788 0.188938
0.033995 0.188875
0.0340113 0.188812
0.0340275 0.188688
0.0340438 0.188625
0.03406 0.188562
0.0340763 0.188438
0.0340925 0.188375
0.0341088 0.188312
0.034125 0.188188
0.0341413 0.188125
0.0341575 0.188062
0.0341738 0.188
0.03419 0.187875
0.0342063 0.187812
0.0342225 0.18775
0.0342388 0.187625
0.034255 0.187562
0.0342713 0.1875
0.0342875 0.187375
0.0343038 0.187312
0.03432 0.18725
0.0343363 0.187125
0.0343525 0.187062
0.0343688 0.187
0.034385 0.186875
0.0344013 0.186812
0.0344175 0.18675
0.0344338 0.186625
0.03445 0.186562
0.0344663 0.1865
0.0344825 0.186375
0.0344988 0.186312
0.034515 0.18625
0.0345313 0.186125
0.0345475 0.186062
0.0345638 0.186
0.03458 0.185875
0.0345963 0.185812
0.0346125 0.18575
0.0346288 0.185625
0.034645 0.185562
0.0346613 0.1855
0.0346775 0.185375
0.0346938 0.185312
0.03471 0.18525
0.0347263 0.185125
0.0347425 0.185062
0.0347588 0.185
0.034775 0.184875
0.0347913 0.184812
0.0348075 0.184688
0.0348238 0.184625
0.03484 0.184562
0.0348563 0.184438
0.0348725 0.184375
0.0348888 0.184312
0.034905 0.184188
0.0349213 0.184125
0.0349375 0.184062
0.0349538 0.183938
0.03497 0.183875
0.0349863 0.18375
0.0350025 0.183688
0.0350188 0.183625
0.035035 0.1835
0.0350513 0.183438
0.0350675 0.183313
0.0350838 0.18325
0.0351 0.183188
0.0351163 0.183063
0.0351325 0.183
0.0351488 0.182938
0.035165 0.182813
0.0351813 0.18275
0.0351975 0.182625
0.0352138 0.182563
0.03523 0.1825
0.0352463 0.182375
0.0352625 0.182313
0.0352788 0.182188
0.035295 0.182125
0.0353113 0.182063
0.0353275 0.181938
0.0353438 0.181875
0.03536 0.18175
0.0353763 0.181688
0.0353925 0.181625
0.0354088 0.1815
0.035425 0.181438
0.0354413 0.181313
0.0354575 0.18125
0.0354738 0.181125
0.03549 0.181063
0.0355063 0.181
0.0355225 0.180875
0.0355388 0.180813
0.035555 0.180688
0.0355713 0.180625
0.0355875 0.1805
0.0356038 0.180438
0.03562 0.180375
0.0356363 0.18025
0.0356525 0.180188
0.0356688 0.180063
0.035685 0.18
0.0357013 0.179875
0.0357175 0.179813
0.0357338 0.17975
0.03575 0.179625
0.0357663 0.179563
0.0357825 0.179437
0.0357988 0.179375
0.035815 0.17925
0.0358313 0.179187
0.0358475 0.179063
0.0358638 0.179
0.03588 0.178875
0.0358963 0.178813
0.0359125 0.17875
0.0359288 0.178625
0.035945 0.178563
0.0359613 0.178437
0.0359775 0.178375
0.0359938 0.17825
0.03601 0.178187
0.0360263 0.178063
0.0360425 0.178
0.0360588 0.177875
0.036075 0.177813
0.0360913 0.177687
0.0361075 0.177625
0.0361238 0.1775
0.03614 0.177437
0.0361563 0.177313
0.0361725 0.17725
0.0361888 0.177125
0.036205 0.177063
0.0362213 0.177
0.0362375 0.176875
0.0362538 0.176813
0.03627 0.176687
0.0362863 0.176625
0.0363025 0.1765
0.0363188 0.176437
0.036335 0.176313
0.0363513 0.17625
0.0363675 0.176125
0.0363838 0.176063
0.0364 0.175937
0.0364163 0.175875
0.0364325 0.17575
0.0364488 0.175625
0.036465 0.175563
0.0364813 0.175437
0.0364975 0.175375
0.0365138 0.17525
0.03653 0.175187
0.0365463 0.175063
0.0365625 0.175
0.0365788 0.174875
0.036595 0.174813
0.0366113 0.174687
0.0366275 0.174625
0.0366438 0.1745
0.03666 0.174437
0.0366763 0.174313
0.0366925 0.17425
0.0367088 0.174125
0.036725 0.174063
0.0367413 0.173937
0.0367575 0.173875
0.0367738 0.17375
0.03679 0.173625
0.0368063 0.173563
0.0368225 0.173437
0.0368388 0.173375
0.036855 0.17325
0.0368713 0.173187
0.0368875 0.173063
0.0369038 0.173
0.03692 0.172875
0.0369363 0.17275
0.0369525 0.172687
0.0369688 0.172563
0.036985 0.1725
0.0370013 0.172375
0.0370175 0.172313
0.0370338 0.172187
0.03705 0.172125
0.0370663 0.172
0.0370825 0.171875
0.0370988 0.171813
0.037115 0.171687
0.0371313 0.171625
0.0371475 0.1715
0.0371638 0.171375
0.03718 0.171313
0.0371963 0.171187
0.0372125 0.171125
0.0372288 0.171
0.037245 0.170937
0.0372613 0.170813
0.0372775 0.170687
0.0372938 0.170625
0.03731 0.1705
0.0373263 0.170437
0.0373425 0.170313
0.0373588 0.170187
0.037375 0.170125
0.0373913 0.17
0.0374075 0.169937
0.0374238 0.169813
0.03744 0.169687
0.0374563 0.169625
0.0374725 0.1695
0.0374888 0.169437
0.037505 0.169313
0.0375213 0.169187
0.0375375 0.169125
0.0375538 0.169
0.03757 0.168875
0.0375863 0.168813
0.0376025 0.168687
0.0376188 0.168625
0.037635 0.1685
0.0376513 0.168375
0.0376675 0.168313
0.0376838 0.168187
0.0377 0.168063
0.0377163 0.168
0.0377325 0.167875
0.0377488 0.167813
0.037765 0.167688
0.0377813 0.167563
0.0377975 0.1675
0.0378138 0.167375
0.03783 0.16725
0.0378463 0.167188
0.0378625 0.167063
0.0378788 0.166938
0.037895 0.166875
0.0379113 0.16675
0.0379275 0.166625
0.0379438 0.166563
0.03796 0.166438
0.0379763 0.166313
0.0379925 0.16625
0.0380088 0.166125
0.038025 0.166
0.0380413 0.165938
0.0380575 0.165813
0.0380738 0.165688
0.03809 0.165625
0.0381063 0.1655
0.0381225 0.165375
0.0381388 0.165313
0.038155 0.165188
0.0381713 0.165063
0.0381875 0.165
0.0382038 0.164875
0.03822 0.16475
0.0382363 0.164688
0.0382525 0.164563
0.0382688 0.164438
0.038285 0.164313
0.0383013 0.16425
0.0383175 0.164125
0.0383338 0.164
0.03835 0.163938
0.0383663 0.163812
0.0383825 0.163688
0.0383988 0.163625
0.038415 0.1635
0.0384313 0.163375
0.0384475 0.16325
0.0384638 0.163188
0.03848 0.163062
0.0384963 0.162938
0.0385125 0.162875
0.0385288 0.16275
0.038545 0.162625
0.0385613 0.1625
0.0385775 0.162438
0.0385938 0.162312
0.03861 0.162188
0.0386263 0.162062
0.0386425 0.162
0.0386588 0.161875
0.038675 0.16175
0.0386913 0.161625
0.0387075 0.161562
0.0387238 0.161438
0.03874 0.161312
0.0387563 0.161188
0.0387725 0.161125
0.0387888 0.161
0.038805 0.160875
0.0388213 0.16075
0.0388375 0.160688
0.0388538 0.160562
0.03887 0.160438
0.0388863 0.160312
0.0389025 0.16025
0.0389188 0.160125
0.038935 0.16
0.0389513 0.159875
0.0389675 0.159812
0.0389838 0.159688
0.039 0.159562
0.0390163 0.159438
0.0390325 0.159312
0.0390488 0.15925
0.039065 0.159125
0.0390813 0.159
0.0390975 0.158875
0.0391138 0.158812
0.03913 0.158688
0.0391463 0.158562
0.0391625 0.158438
0.0391788 0.158312
0.039195 0.15825
0.0392113 0.158125
0.0392275 0.158
0.0392438 0.157875
0.03926 0.15775
0.0392763 0.157688
0.0392925 0.157562
0.0393088 0.157438
0.039325 0.157312
0.0393413 0.157188
0.0393575 0.157062
0.0393738 0.157
0.03939 0.156875
0.0394063 0.15675
0.0394225 0.156625
0.0394388 0.1565
0.039455 0.156438
0.0394713 0.156312
0.0394875 0.156188
0.0395038 0.156062
0.03952 0.155938
0.0395363 0.155812
0.0395525 0.155688
0.0395688 0.155625
0.039585 0.1555
0.0396013 0.155375
0.0396175 0.15525
0.0396338 0.155125
0.03965 0.155
0.0396663 0.154938
0.0396825 0.154812
0.0396988 0.154688
0.039715 0.154562
0.0397313 0.154438
0.0397475 0.154312
0.0397638 0.154188
0.03978 0.154062
0.0397963 0.154
0.0398125 0.153875
0.0398288 0.15375
0.039845 0.153625
0.0398613 0.1535
0.0398775 0.153375
0.0398938 0.15325
0.03991 0.153125
0.0399263 0.153062
0.0399425 0.152938
0.0399588 0.152812
0.039975 0.152688
0.0399913 0.152562
0.0400075 0.152438
0.0400238 0.152312
0.04004 0.152188
0.0400563 0.152062
0.0400725 0.151938
0.0400888 0.151875
0.040105 0.15175
0.0401213 0.151625
0.0401375 0.1515
0.0401538 0.151375
0.04017 0.15125
0.0401863 0.151125
0.0402025 0.151
0.0402188 0.150875
0.040235 0.15075
0.0402513 0.150625
0.0402675 0.1505
0.0402838 0.150438
0.0403 0.150313
0.0403163 0.150188
0.0403325 0.150063
0.0403488 0.149938
0.040365 0.149813
0.0403813 0.149688
0.0403975 0.149563
0.0404138 0.149438
0.04043 0.149313
0.0404463 0.149188
0.0404625 0.149063
0.0404788 0.148938
0.040495 0.148813
0.0405113 0.148688
0.0405275 0.148563
0.0405438 0.148438
0.04056 0.148313
0.0405763 0.148187
0.0405925 0.148063
0.0406088 0.147937
0.040625 0.147813
0.0406413 0.147687
0.0406575 0.147563
0.0406738 0.147437
0.04069 0.147313
0.0407063 0.147187
0.0407225 0.147063
0.0407388 0.146937
0.040755 0.146813
0.0407713 0.146687
0.0407875 0.146563
0.0408038 0.146437
0.04082 0.146313
0.0408363 0.146187
0.0408525 0.146063
0.0408688 0.145937
0.040885 0.145813
0.0409013 0.145687
0.0409175 0.145563
0.0409338 0.145437
0.04095 0.145313
0.0409663 0.145187
0.0409825 0.145063
0.0409988 0.144937
0.041015 0.144813
0.0410313 0.144687
0.0410475 0.144563
0.0410638 0.144437
0.04108 0.144313
0.0410963 0.144187
0.0411125 0.144063
0.0411288 0.143937
0.041145 0.143813
0.0411613 0.143687
0.0411775 0.143563
0.0411938 0.143437
0.04121 0.143313
0.0412263 0.143187
0.0412425 0.143063
0.0412588 0.142875
0.041275 0.14275
0.0412913 0.142625
0.0413075 0.1425
0.0413238 0.142375
0.04134 0.14225
0.0413563 0.142125
0.0413725 0.142
0.0413888 0.141875
0.041405 0.14175
0.0414213 0.141625
0.0414375 0.1415
0.0414538 0.141313
0.04147 0.141187
0.0414863 0.141063
0.0415025 0.140937
0.0415188 0.140813
0.041535 0.140687
0.0415513 0.140563
0.0415675 0.140437
0.0415838 0.140313
0.0416 0.140125
0.0416163 0.14
0.0416325 0.139875
0.0416488 0.13975
0.041665 0.139625
0.0416813 0.1395
0.0416975 0.139375
0.0417138 0.13925
0.04173 0.139063
0.0417463 0.138937
0.0417625 0.138813
0.0417788 0.138687
0.041795 0.138563
0.0418113 0.138437
0.0418275 0.138313
0.0418438 0.138125
0.04186 0.138
0.0418763 0.137875
0.0418925 0.13775
0.0419088 0.137625
0.041925 0.1375
0.0419413 0.137313
0.0419575 0.137187
0.0419738 0.137063
0.04199 0.136937
0.0420063 0.136813
0.0420225 0.136687
0.0420388 0.1365
0.042055 0.136375
0.0420713 0.13625
0.0420875 0.136125
0.0421038 0.136
0.04212 0.135813
0.0421363 0.135688
0.0421525 0.135563
0.0421688 0.135438
0.042185 0.135313
0.0422013 0.135125
0.0422175 0.135
0.0422338 0.134875
0.04225 0.13475
0.0422663 0.134563
0.0422825 0.134438
0.0422988 0.134313
0.042315 0.134188
0.0423313 0.134063
0.0423475 0.133875
0.0423638 0.13375
0.04238 0.133625
0.0423963 0.1335
0.0424125 0.133313
0.0424288 0.133188
0.042445 0.133063
0.0424613 0.132938
0.0424775 0.13275
0.0424938 0.132625
0.04251 0.1325
0.0425263 0.132312
0.0425425 0.132188
0.0425588 0.132062
0.042575 0.131938
0.0425913 0.13175
0.0426075 0.131625
0.0426238 0.1315
0.04264 0.131375
0.0426563 0.131188
0.0426725 0.131062
0.0426888 0.130938
0.042705 0.13075
0.0427213 0.130625
0.0427375 0.1305
0.0427538 0.130312
0.04277 0.130188
0.0427863 0.130062
0.0428025 0.129938
0.0428188 0.12975
0.042835 0.129625
0.0428513 0.1295
0.0428675 0.129312
0.0428838 0.129188
0.0429 0.129062
0.0429163 0.128875
0.0429325 0.12875
0.0429488 0.128625
0.042965 0.128438
0.0429813 0.128312
0.0429975 0.128188
0.0430138 0.128
0.04303 0.127875
0.0430463 0.127688
0.0430625 0.127562
0.0430788 0.127438
0.043095 0.12725
0.0431113 0.127125
0.0431275 0.127
0.0431438 0.126812
0.04316 0.126688
0.0431763 0.1265
0.0431925 0.126375
0.0432088 0.12625
0.043225 0.126062
0.0432413 0.125938
0.0432575 0.125812
0.0432738 0.125625
0.04329 0.1255
0.0433063 0.125312
0.0433225 0.125188
0.0433388 0.125062
0.043355 0.124875
0.0433713 0.12475
0.0433875 0.124563
0.0434038 0.124438
0.04342 0.12425
0.0434363 0.124125
0.0434525 0.124
0.0434688 0.123813
0.043485 0.123688
0.0435013 0.1235
0.0435175 0.123375
0.0435338 0.123188
0.04355 0.123063
0.0435663 0.122875
0.0435825 0.12275
0.0435988 0.122563
0.043615 0.122438
0.0436313 0.122313
0.0436475 0.122125
0.0436638 0.122
0.04368 0.121813
0.0436963 0.121688
0.0437125 0.1215
0.0437288 0.121375
0.043745 0.121188
0.0437613 0.121063
0.0437775 0.120875
0.0437938 0.12075
0.04381 0.120563
0.0438263 0.120438
0.0438425 0.12025
0.0438588 0.120125
0.043875 0.119938
0.0438913 0.119813
0.0439075 0.119625
0.0439238 0.1195
0.04394 0.119313
0.0439563 0.119125
0.0439725 0.119
0.0439888 0.118813
0.044005 0.118688
0.0440213 0.1185
0.0440375 0.118375
0.0440538 0.118188
0.04407 0.118063
0.0440863 0.117875
0.0441025 0.117688
0.0441188 0.117563
0.044135 0.117375
0.0441513 0.11725
0.0441675 0.117062
0.0441838 0.116937
0.0442 0.11675
0.0442163 0.116562
0.0442325 0.116437
0.0442488 0.11625
0.044265 0.116125
0.0442813 0.115937
0.0442975 0.11575
0.0443138 0.115625
0.04433 0.115437
0.0443463 0.115312
0.0443625 0.115125
0.0443788 0.114937
0.044395 0.114812
0.0444113 0.114625
0.0444275 0.114437
0.0444438 0.114312
0.04446 0.114125
0.0444763 0.113937
0.0444925 0.113812
0.0445088 0.113625
0.044525 0.113437
0.0445413 0.113312
0.0445575 0.113125
0.0445738 0.112937
0.04459 0.112812
0.0446063 0.112625
0.0446225 0.112437
0.0446388 0.112312
0.044655 0.112125
0.0446713 0.111938
0.0446875 0.111813
0.0447038 0.111625
0.04472 0.111438
0.0447363 0.11125
0.0447525 0.111125
0.0447688 0.110938
0.044785 0.11075
0.0448013 0.110625
0.0448175 0.110438
0.0448338 0.11025
0.04485 0.110063
0.0448663 0.109938
0.0448825 0.10975
0.0448988 0.109563
0.044915 0.109375
0.0449313 0.10925
0.0449475 0.109063
0.0449638 0.108875
0.04498 0.108688
0.0449963 0.108563
0.0450125 0.108375
0.0450288 0.108188
0.045045 0.108
0.0450613 0.107813
0.0450775 0.107688
0.0450938 0.1075
0.04511 0.107313
0.0451263 0.107125
0.0451425 0.106938
0.0451588 0.106813
0.045175 0.106625
0.0451913 0.106438
0.0452075 0.10625
0.0452238 0.106063
0.04524 0.105875
0.0452563 0.10575
0.0452725 0.105563
0.0452888 0.105375
0.045305 0.105188
0.0453213 0.105
0.0453375 0.104813
0.0453538 0.104625
0.04537 0.1045
0.0453863 0.104313
0.0454025 0.104125
0.0454188 0.103938
0.045435 0.10375
0.0454513 0.103563
0.0454675 0.103375
0.0454838 0.103188
0.0455 0.103
0.0455163 0.102813
0.0455325 0.102688
0.0455488 0.1025
0.045565 0.102313
0.0455813 0.102125
0.0455975 0.101938
0.0456138 0.10175
0.04563 0.101562
0.0456463 0.101375
0.0456625 0.101187
0.0456788 0.101
0.045695 0.100812
0.0457113 0.100625
0.0457275 0.100437
0.0457438 0.10025
0.04576 0.100062
0.0457763 0.099875
0.0457925 0.0996875
0.0458088 0.0995
0.045825 0.0993125
0.0458413 0.099125
0.0458575 0.0989375
0.0458738 0.09875
0.04589 0.0985625
0.0459063 0.098375
0.0459225 0.0981875
0.0459388 0.098
0.045955 0.0978125
0.0459713 0.097625
0.0459875 0.0974375
0.0460038 0.09725
0.04602 0.0970625
0.0460363 0.096875
0.0460525 0.0966875
0.0460688 0.0965
0.046085 0.09625
0.0461013 0.0960625
0.0461175 0.095875
0.0461338 0.0956875
0.04615 0.0955
0.0461663 0.0953125
0.0461825 0.095125
0.0461988 0.0949375
0.046215 0.09475
0.0462313 0.0945
0.0462475 0.0943125
0.0462638 0.094125
0.04628 0.0939375
0.0462963 0.09375
0.0463125 0.0935625
0.0463288 0.093375
0.046345 0.093125
0.0463613 0.0929375
0.0463775 0.09275
0.0463938 0.0925625
0.04641 0.092375
0.0464263 0.092125
0.0464425 0.0919375
0.0464588 0.09175
0.046475 0.0915625
0.0464913 0.091375
0.0465075 0.091125
0.0465238 0.0909375
0.04654 0.09075
0.0465563 0.0905625
0.0465725 0.0903125
0.0465888 0.090125
0.046605 0.0899375
0.0466213 0.08975
0.0466375 0.0895
0.0466538 0.0893125
0.04667 0.089125
0.0466863 0.0889375
0.0467025 0.0886875
0.0467188 0.0885
0.046735 0.0883125
0.0467513 0.0880625
0.0467675 0.087875
0.0467838 0.0876875
0.0468 0.0874375
0.0468163 0.08725
0.0468325 0.0870625
0.0468488 0.0868125
0.046865 0.086625
0.0468813 0.0864375
0.0468975 0.0861875
0.0469138 0.086
0.04693 0.08575
0.0469463 0.0855625
0.0469625 0.085375
0.0469788 0.085125
0.046995 0.0849375
0.0470113 0.0846875
0.0470275 0.0845
0.0470438 0.0843125
0.04706 0.0840625
0.0470763 0.083875
0.0470925 0.083625
0.0471088 0.0834375
0.047125 0.0831875
0.0471413 0.083
0.0471575 0.08275
0.0471738 0.0825625
0.04719 0.0823125
0.0472063 0.082125
0.0472225 0.081875
0.0472388 0.0816875
0.047255 0.0814375
0.0472713 0.08125
0.0472875 0.081
0.0473038 0.0808125
0.04732 0.0805625
0.0473363 0.080375
0.0473525 0.080125
0.0473688 0.0799375
0.047385 0.0796875
0.0474013 0.0794375
0.0474175 0.07925
0.0474338 0.079
0.04745 0.0788125
0.0474663 0.0785625
0.0474825 0.0783125
0.0474988 0.078125
0.047515 0.077875
0.0475313 0.077625
0.0475475 0.0774375
0.0475638 0.0771875
0.04758 0.0769375
0.0475963 0.07675
0.0476125 0.0765
0.0476288 0.07625
0.047645 0.0760625
0.0476613 0.0758125
0.0476775 0.0755625
0.0476938 0.075375
0.04771 0.075125
0.0477263 0.074875
0.0477425 0.074625
0.0477588 0.0744375
0.047775 0.0741875
0.0477913 0.0739375
0.0478075 0.0736875
0.0478238 0.0734375
0.04784 0.07325
0.0478563 0.073
0.0478725 0.07275
0.0478888 0.0725
0.047905 0.07225
0.0479213 0.0720625
0.0479375 0.0718125
0.0479538 0.0715625
0.04797 0.0713125
0.0479863 0.0710625
0.0480025 0.0708125
0.0480188 0.0705625
0.048035 0.0703125
0.0480513 0.0700625
0.0480675 0.069875
0.0480838 0.069625
0.0481 0.069375
0.0481163 0.069125
0.0481325 0.068875
0.0481488 0.068625
0.048165 0.068375
0.0481813 0.068125
0.0481975 0.067875
0.0482138 0.067625
0.04823 0.067375
0.0482463 0.067125
0.0482625 0.066875
0.0482788 0.066625
0.048295 0.0663125
0.0483113 0.0660625
0.0483275 0.0658125
0.0483438 0.0655625
0.04836 0.0653125
0.0483763 0.0650625
0.0483925 0.0648125
0.0484088 0.0645625
0.048425 0.0643125
0.0484413 0.064
0.0484575 0.06375
0.0484738 0.0635
0.04849 0.06325
0.0485063 0.063
0.0485225 0.0626875
0.0485388 0.0624375
0.048555 0.0621875
0.0485713 0.0619375
0.0485875 0.061625
0.0486038 0.061375
0.04862 0.061125
0.0486363 0.0608125
0.0486525 0.0605625
0.0486688 0.0603125
0.048685 0.06
0.0487013 0.05975
0.0487175 0.0595
0.0487338 0.0591875
0.04875 0.0589375
0.0487663 0.058625
0.0487825 0.058375
0.0487988 0.0580625
0.048815 0.0578125
0.0488313 0.0575625
0.0488475 0.05725
0.0488638 0.057
0.04888 0.0566875
0.0488963 0.056375
0.0489125 0.056125
0.0489288 0.0558125
0.048945 0.0555625
0.0489613 0.05525
0.0489775 0.055
0.0489938 0.0546875
0.04901 0.054375
0.0490263 0.054125
0.0490425 0.0538125
0.0490588 0.0535
0.049075 0.0531875
0.0490913 0.0529375
0.0491075 0.052625
0.0491238 0.0523125
0.04914 0.052
0.0491563 0.05175
0.0491725 0.0514375
0.0491888 0.051125
0.049205 0.0508125
0.0492213 0.0505
0.0492375 0.0501875
0.0492538 0.049875
0.04927 0.0495625
0.0492863 0.04925
0.0493025 0.0489375
0.0493188 0.048625
0.049335 0.0483125
0.0493513 0.048
0.0493675 0.0476875
0.0493838 0.047375
0.0494 0.0470625
0.0494163 0.04675
0.0494325 0.0464375
0.0494488 0.0460625
0.049465 0.04575
0.0494813 0.0454375
0.0494975 0.045125
0.0495138 0.04475
0.04953 0.0444375
0.0495463 0.044125
0.0495625 0.04375
0.0495788 0.0434375
0.049595 0.0430625
0.0496113 0.04275
0.0496275 0.042375
0.0496438 0.0420625
0.04966 0.0416875
0.0496763 0.041375
0.0496925 0.041
0.0497088 0.040625
0.049725 0.04025
0.0497413 0.0399375
0.0497575 0.0395625
0.0497738 0.0391875
0.04979 0.0388125
0.0498063 0.0384375
0.0498225 0.0380625
0.0498388 0.0376875
0.049855 0.0373125
0.0498713 0.0369375
0.0498875 0.0365625
0.0499038 0.0361875
0.04992 0.03575
0.0499363 0.035375
0.0499525 0.035
0.0499688 0.0345625
0.049985 0.0341875
0.0500013 0.03375
0.0500175 0.0333125
0.0500338 0.0329375
0.05005 0.0325
0.0500663 0.0320625
0.0500825 0.031625
0.0500988 0.0311875
0.050115 0.03075
0.0501313 0.0303125
0.0501475 0.029875
0.0501638 0.029375
0.05018 0.0289375
0.0501963 0.0284375
0.0502125 0.0279375
0.0502288 0.0274375
0.050245 0.0269375
0.0502613 0.0264375
0.0502775 0.0259375
0.0502938 0.0254375
0.05031 0.024875
0.0503263 0.0243125
0.0503425 0.02375
0.0503588 0.0231875
0.050375 0.0225625
0.0503913 0.022
0.0504075 0.021375
0.0504238 0.0206875
0.05044 0.0200625
0.0504563 0.019375
0.0504725 0.018625
0.0504888 0.017875
0.050505 0.0170625
0.0505213 0.01625
0.0505375 0.015375
0.0505538 0.014375
0.05057 0.013375
0.0505863 0.0121875
0.0506025 0.0109375
0.0506188 0.009375
0.050635 0.0075
0.0506513 0.0048125
0.0506675 0
0.0506838 0
0.0507 0
0.0507163 0
0.0507325 0
0.0507488 0
0.050765 0
0.0507813 0
0.0507975 0
0.0508138 0
0.05083 0
0.0508463 0
0.0508625 0
0.0508788 0
0.050895 0
0.0509113 0
0.0509275 0
0.0509438 0
0.05096 0
0.0509763 0
0.0509925 0
0.0510088 0
0.051025 0
0.0510413 0
0.0510575 0
0.0510738 0
0.05109 0
0.0511063 0
0.0511225 0
0.0511388 0
0.051155 0
0.0511713 0
0.0511875 0
0.0512038 0
0.05122 0
0.0512363 0
0.0512525 0
0.0512688 0
0.051285 0
0.0513013 0
0.0513175 0
0.0513338 0
0.05135 0
0.0513663 0
0.0513825 0
0.0513988 0
0.051415 0
0.0514313 0
0.0514475 0
0.0514638 0
0.05148 0
0.0514963 0
0.0515125 0
0.0515288 0
0.051545 0
0.0515613 0
0.0515775 0
0.0515938 0
0.05161 0
0.0516263 0
0.0516425 0
0.0516588 0
0.051675 0
0.0516913 0
0.0517075 0
0.0517238 0
0.05174 0
0.0517563 0
0.0517725 0
0.0517888 0
0.051805 0
0.0518213 0
