0 0.0529375
1.625e-05 0.0565
3.25e-05 0.05925
4.875e-05 0.0615
6.5e-05 0.0635625
8.125e-05 0.065375
9.75e-05 0.067
0.00011375 0.0685625
0.00013 0.07
0.00014625 0.071375
0.0001625 0.0726875
0.00017875 0.073875
0.000195 0.0750625
0.00021125 0.07625
0.0002275 0.077375
0.00024375 0.0784375
0.00026 0.0795
0.00027625 0.0805
0.0002925 0.0815
0.00030875 0.0824375
0.000325 0.0833125
0.00034125 0.08425
0.0003575 0.085125
0.00037375 0.0859375
0.00039 0.08675
0.00040625 0.0875625
0.0004225 0.088375
0.00043875 0.089125
0.000455 0.089875
0.00047125 0.090625
0.0004875 0.091375
0.00050375 0.0920625
0.00052 0.09275
0.00053625 0.0934375
0.0005525 0.094125
0.00056875 0.09475
0.000585 0.0954375
0.00060125 0.0960625
0.0006175 0.0966875
0.00063375 0.0973125
0.00065 0.0979375
0.00066625 0.0985625
0.0006825 0.0991875
0.00069875 0.09975
0.000715 0.100312
0.00073125 0.100875
0.0007475 0.101437
0.00076375 0.102
0.00078 0.102563
0.00079625 0.103125
0.0008125 0.103625
0.00082875 0.104188
0.000845 0.104688
0.00086125 0.105188
0.0008775 0.105688
0.00089375 0.106188
0.00091 0.106688
0.00092625 0.107188
0.0009425 0.107688
0.00095875 0.108125
0.000975 0.108625
0.00099125 0.109063
0.0010075 0.109563
0.00102375 0.11
0.00104 0.110438
0.00105625 0.110875
0.0010725 0.111313
0.00108875 0.11175
0.001105 0.112187
0.00112125 0.112625
0.0011375 0.113062
0.00115375 0.1135
0.00117 0.113937
0.00118625 0.114312
0.0012025 0.11475
0.00121875 0.115125
0.001235 0.115562
0.00125125 0.115937
0.0012675 0.116375
0.00128375 0.11675
0.0013 0.117125
0.00131625 0.1175
0.0013325 0.117875
0.00134875 0.11825
0.001365 0.118625
0.00138125 0.119
0.0013975 0.119375
0.00141375 0.11975
0.00143 0.120125
0.00144625 0.120438
0.0014625 0.120813
0.00147875 0.121188
0.001495 0.1215
0.00151125 0.121875
0.0015275 0.122188
0.00154375 0.122563
0.00156 0.122875
0.00157625 0.12325
0.0015925 0.123563
0.00160875 0.123875
0.001625 0.12425
0.00164125 0.124563
0.0016575 0.124875
0.00167375 0.125188
0.00169 0.1255
0.00170625 0.125812
0.0017225 0.126125
0.00173875 0.126438
0.001755 0.12675
0.00177125 0.127062
0.0017875 0.127375
0.00180375 0.127688
0.00182 0.128
0.00183625 0.128312
0.0018525 0.128562
0.00186875 0.128875
0.001885 0.129188
0.00190125 0.1295
0.0019175 0.12975
0.00193375 0.130062
0.00195 0.130312
0.00196625 0.130625
0.0019825 0.130875
0.00199875 0.131188
0.002015 0.131438
0.00203125 0.13175
0.0020475 0.132
0.00206375 0.13225
0.00208 0.132562
0.00209625 0.132812
0.0021125 0.133063
0.00212875 0.133313
0.002145 0.133625
0.00216125 0.133875
0.0021775 0.134125
0.00219375 0.134375
0.00221 0.134625
0.00222625 0.134875
0.0022425 0.135125
0.00225875 0.135375
0.002275 0.135625
0.00229125 0.135875
0.0023075 0.136125
0.00232375 0.136375
0.00234 0.136625
0.00235625 0.136875
0.0023725 0.137125
0.00238875 0.137375
0.002405 0.137625
0.00242125 0.137813
0.0024375 0.138063
0.00245375 0.138313
0.00247 0.138563
0.00248625 0.13875
0.0025025 0.139
0.00251875 0.13925
0.002535 0.139437
0.00255125 0.139687
0.0025675 0.139875
0.00258375 0.140125
0.0026 0.140313
0.00261625 0.140563
0.0026325 0.140813
0.00264875 0.141
0.002665 0.141187
0.00268125 0.141437
0.0026975 0.141625
0.00271375 0.141875
0.00273 0.142063
0.00274625 0.142313
0.0027625 0.1425
0.00277875 0.142687
0.002795 0.142937
0.00281125 0.143125
0.0028275 0.143313
0.00284375 0.1435
0.00286 0.14375
0.00287625 0.143937
0.0028925 0.144125
0.00290875 0.144313
0.002925 0.1445
0.00294125 0.14475
0.0029575 0.144937
0.00297375 0.145125
0.00299 0.145313
0.00300625 0.1455
0.0030225 0.145687
0.00303875 0.145875
0.003055 0.146063
0.00307125 0.14625
0.0030875 0.146437
0.00310375 0.146625
0.00312 0.146813
0.00313625 0.147
0.0031525 0.147187
0.00316875 0.147375
0.003185 0.147563
0.00320125 0.14775
0.0032175 0.147937
0.00323375 0.148125
0.00325 0.14825
0.00326625 0.148438
0.0032825 0.148625
0.00329875 0.148813
0.003315 0.149
0.00333125 0.149125
0.0033475 0.149313
0.00336375 0.1495
0.00338 0.149688
0.00339625 0.149813
0.0034125 0.15
0.00342875 0.150188
0.003445 0.150375
0.00346125 0.1505
0.0034775 0.150688
0.00349375 0.150875
0.00351 0.151
0.00352625 0.151188
0.0035425 0.151313
0.00355875 0.1515
0.003575 0.151625
0.00359125 0.151813
0.0036075 0.152
0.00362375 0.152125
0.00364 0.152312
0.00365625 0.152438
0.0036725 0.152625
0.00368875 0.15275
0.003705 0.152938
0.00372125 0.153062
0.0037375 0.15325
0.00375375 0.153375
0.00377 0.1535
0.00378625 0.153688
0.0038025 0.153812
0.00381875 0.154
0.003835 0.154125
0.00385125 0.15425
0.0038675 0.154438
0.00388375 0.154562
0.0039 0.154688
0.00391625 0.154875
0.0039325 0.155
0.00394875 0.155125
0.003965 0.155312
0.00398125 0.155438
0.0039975 0.155562
0.00401375 0.155688
0.00403 0.155875
0.00404625 0.156
0.0040625 0.156125
0.00407875 0.15625
0.004095 0.156438
0.00411125 0.156562
0.0041275 0.156688
0.00414375 0.156812
0.00416 0.156938
0.00417625 0.157062
0.0041925 0.15725
0.00420875 0.157375
0.004225 0.1575
0.00424125 0.157625
0.0042575 0.15775
0.00427375 0.157875
0.00429 0.158
0.00430625 0.158125
0.0043225 0.15825
0.00433875 0.158375
0.004355 0.1585
0.00437125 0.158625
0.0043875 0.15875
0.00440375 0.158875
0.00442 0.159
0.00443625 0.159125
0.0044525 0.15925
0.00446875 0.159375
0.004485 0.1595
0.00450125 0.159625
0.0045175 0.15975
0.00453375 0.159875
0.00455 0.16
0.00456625 0.160125
0.0045825 0.16025
0.00459875 0.160375
0.004615 0.1605
0.00463125 0.160625
0.0046475 0.160688
0.00466375 0.160812
0.00468 0.160938
0.00469625 0.161062
0.0047125 0.161188
0.00472875 0.161312
0.004745 0.161375
0.00476125 0.1615
0.0047775 0.161625
0.00479375 0.16175
0.00481 0.161875
0.00482625 0.161938
0.0048425 0.162062
0.00485875 0.162188
0.004875 0.162312
0.00489125 0.162375
0.0049075 0.1625
0.00492375 0.162625
0.00494 0.16275
0.00495625 0.162812
0.0049725 0.162938
0.00498875 0.163062
0.005005 0.163125
0.00502125 0.16325
0.0050375 0.163375
0.00505375 0.163438
0.00507 0.163562
0.00508625 0.163688
0.0051025 0.16375
0.00511875 0.163875
0.005135 0.164
0.00515125 0.164062
0.0051675 0.164188
0.00518375 0.16425
0.0052 0.164375
0.00521625 0.1645
0.0052325 0.164563
0.00524875 0.164688
0.005265 0.16475
0.00528125 0.164875
0.0052975 0.164938
0.00531375 0.165063
0.00533 0.165188
0.00534625 0.16525
0.0053625 0.165375
0.00537875 0.165438
0.005395 0.165563
0.00541125 0.165625
0.0054275 0.16575
0.00544375 0.165813
0.00546 0.165938
0.00547625 0.166
0.0054925 0.166063
0.00550875 0.166188
0.005525 0.16625
0.00554125 0.166375
0.0055575 0.166438
0.00557375 0.166563
0.00559 0.166625
0.00560625 0.16675
0.0056225 0.166813
0.00563875 0.166875
0.005655 0.167
0.00567125 0.167063
0.0056875 0.167188
0.00570375 0.16725
0.00572 0.167313
0.00573625 0.167438
0.0057525 0.1675
0.00576875 0.167563
0.005785 0.167688
0.00580125 0.16775
0.0058175 0.167813
0.00583375 0.167938
0.00585 0.168
0.00586625 0.168063
0.0058825 0.168187
0.00589875 0.16825
0.005915 0.168313
0.00593125 0.168375
0.0059475 0.1685
0.00596375 0.168563
0.00598 0.168625
0.00599625 0.16875
0.0060125 0.168813
0.00602875 0.168875
0.006045 0.168937
0.00606125 0.169063
0.0060775 0.169125
0.00609375 0.169187
0.00611 0.16925
0.00612625 0.169313
0.0061425 0.169437
0.00615875 0.1695
0.006175 0.169563
0.00619125 0.169625
0.0062075 0.169687
0.00622375 0.169813
0.00624 0.169875
0.00625625 0.169937
0.0062725 0.17
0.00628875 0.170063
0.006305 0.170125
0.00632125 0.17025
0.0063375 0.170313
0.00635375 0.170375
0.00637 0.170437
0.00638625 0.1705
0.0064025 0.170563
0.00641875 0.170625
0.006435 0.170687
0.00645125 0.170813
0.0064675 0.170875
0.00648375 0.170937
0.0065 0.171
0.00651625 0.171063
0.0065325 0.171125
0.00654875 0.171187
0.006565 0.17125
0.00658125 0.171313
0.0065975 0.171375
0.00661375 0.171437
0.00663 0.1715
0.00664625 0.171563
0.0066625 0.171625
0.00667875 0.171687
0.006695 0.17175
0.00671125 0.171813
0.0067275 0.171875
0.00674375 0.171937
0.00676 0.172
0.00677625 0.172063
0.0067925 0.172125
0.00680875 0.172187
0.006825 0.17225
0.00684125 0.172313
0.0068575 0.172375
0.00687375 0.172437
0.00689 0.1725
0.00690625 0.172563
0.0069225 0.172625
0.00693875 0.172687
0.006955 0.17275
0.00697125 0.172813
0.0069875 0.172875
0.00700375 0.172937
0.00702 0.173
0.00703625 0.173063
0.0070525 0.173125
0.00706875 0.173125
0.007085 0.173187
0.00710125 0.17325
0.0071175 0.173313
0.00713375 0.173375
0.00715 0.173437
0.00716625 0.1735
0.0071825 0.173563
0.00719875 0.173563
0.007215 0.173625
0.00723125 0.173687
0.0072475 0.17375
0.00726375 0.173813
0.00728 0.173875
0.00729625 0.173937
0.0073125 0.173937
0.00732875 0.174
0.007345 0.174063
0.00736125 0.174125
0.0073775 0.174187
0.00739375 0.17425
0.00741 0.17425
0.00742625 0.174313
0.0074425 0.174375
0.00745875 0.174437
0.007475 0.174437
0.00749125 0.1745
0.0075075 0.174563
0.00752375 0.174625
0.00754 0.174687
0.00755625 0.174687
0.0075725 0.17475
0.00758875 0.174813
0.007605 0.174875
0.00762125 0.174875
0.0076375 0.174937
0.00765375 0.175
0.00767 0.175063
0.00768625 0.175063
0.0077025 0.175125
0.00771875 0.175187
0.007735 0.17525
0.00775125 0.17525
0.0077675 0.175313
0.00778375 0.175375
0.0078 0.175375
0.00781625 0.175437
0.0078325 0.1755
0.00784875 0.1755
0.007865 0.175563
0.00788125 0.175625
0.0078975 0.175625
0.00791375 0.175687
0.00793 0.17575
0.00794625 0.17575
0.0079625 0.175813
0.00797875 0.175875
0.007995 0.175875
0.00801125 0.175937
0.0080275 0.176
0.00804375 0.176
0.00806 0.176063
0.00807625 0.176125
0.0080925 0.176125
0.00810875 0.176187
0.008125 0.17625
0.00814125 0.17625
0.0081575 0.176313
0.00817375 0.176313
0.00819 0.176375
0.00820625 0.176437
0.0082225 0.176437
0.00823875 0.1765
0.008255 0.1765
0.00827125 0.176563
0.0082875 0.176625
0.00830375 0.176625
0.00832 0.176687
0.00833625 0.176687
0.0083525 0.17675
0.00836875 0.17675
0.008385 0.176813
0.00840125 0.176813
0.0084175 0.176875
0.00843375 0.176937
0.00845 0.176937
0.00846625 0.177
0.0084825 0.177
0.00849875 0.177063
0.008515 0.177063
0.00853125 0.177125
0.0085475 0.177125
0.00856375 0.177187
0.00858 0.177187
0.00859625 0.17725
0.0086125 0.17725
0.00862875 0.177313
0.008645 0.177313
0.00866125 0.177375
0.0086775 0.177375
0.00869375 0.177437
0.00871 0.177437
0.00872625 0.1775
0.0087425 0.1775
0.00875875 0.177563
0.008775 0.177563
0.00879125 0.177625
0.0088075 0.177625
0.00882375 0.177687
0.00884 0.177687
0.00885625 0.17775
0.0088725 0.17775
0.00888875 0.17775
0.008905 0.177813
0.00892125 0.177813
0.0089375 0.177875
0.00895375 0.177875
0.00897 0.177937
0.00898625 0.177937
0.0090025 0.177937
0.00901875 0.178
0.009035 0.178
0.00905125 0.178063
0.0090675 0.178063
0.00908375 0.178125
0.0091 0.178125
0.00911625 0.178125
0.0091325 0.178187
0.00914875 0.178187
0.009165 0.17825
0.00918125 0.17825
0.0091975 0.17825
0.00921375 0.178313
0.00923 0.178313
0.00924625 0.178313
0.0092625 0.178375
0.00927875 0.178375
0.009295 0.178437
0.00931125 0.178437
0.0093275 0.178437
0.00934375 0.1785
0.00936 0.1785
0.00937625 0.1785
0.0093925 0.178563
0.00940875 0.178563
0.009425 0.178563
0.00944125 0.178625
0.0094575 0.178625
0.00947375 0.178625
0.00949 0.178687
0.00950625 0.178687
0.0095225 0.178687
0.00953875 0.17875
0.009555 0.17875
0.00957125 0.17875
0.0095875 0.178813
0.00960375 0.178813
0.00962 0.178813
0.00963625 0.178813
0.0096525 0.178875
0.00966875 0.178875
0.009685 0.178875
0.00970125 0.178937
0.0097175 0.178937
0.00973375 0.178937
0.00975 0.178937
0.00976625 0.179
0.0097825 0.179
0.00979875 0.179
0.009815 0.179063
0.00983125 0.179063
0.0098475 0.179063
0.00986375 0.179063
0.00988 0.179125
0.00989625 0.179125
0.0099125 0.179125
0.00992875 0.179125
0.009945 0.179187
0.00996125 0.179187
0.0099775 0.179187
0.00999375 0.179187
0.01001 0.179187
0.0100263 0.17925
0.0100425 0.17925
0.0100588 0.17925
0.010075 0.17925
0.0100913 0.179313
0.0101075 0.179313
0.0101238 0.179313
0.01014 0.179313
0.0101563 0.179313
0.0101725 0.179375
0.0101888 0.179375
0.010205 0.179375
0.0102213 0.179375
0.0102375 0.179375
0.0102538 0.179437
0.01027 0.179437
0.0102863 0.179437
0.0103025 0.179437
0.0103188 0.179437
0.010335 0.1795
0.0103513 0.1795
0.0103675 0.1795
0.0103838 0.1795
0.0104 0.1795
0.0104163 0.1795
0.0104325 0.179563
0.0104488 0.179563
0.010465 0.179563
0.0104813 0.179563
0.0104975 0.179563
0.0105138 0.179563
0.01053 0.179563
0.0105463 0.179625
0.0105625 0.179625
0.0105788 0.179625
0.010595 0.179625
0.0106113 0.179625
0.0106275 0.179625
0.0106438 0.179625
0.01066 0.179688
0.0106763 0.179688
0.0106925 0.179688
0.0107088 0.179688
0.010725 0.179688
0.0107413 0.179688
0.0107575 0.179688
0.0107738 0.179688
0.01079 0.179688
0.0108063 0.17975
0.0108225 0.17975
0.0108388 0.17975
0.010855 0.17975
0.0108713 0.17975
0.0108875 0.17975
0.0109038 0.17975
0.01092 0.17975
0.0109363 0.17975
0.0109525 0.17975
0.0109688 0.17975
0.010985 0.179813
0.0110013 0.179813
0.0110175 0.179813
0.0110338 0.179813
0.01105 0.179813
0.0110663 0.179813
0.0110825 0.179813
0.0110988 0.179813
0.011115 0.179813
0.0111313 0.179813
0.0111475 0.179813
0.0111638 0.179813
0.01118 0.179813
0.0111963 0.179813
0.0112125 0.179813
0.0112288 0.179875
0.011245 0.179875
0.0112613 0.179875
0.0112775 0.179875
0.0112938 0.179875
0.01131 0.179875
0.0113263 0.179875
0.0113425 0.179875
0.0113588 0.179875
0.011375 0.179875
0.0113913 0.179875
0.0114075 0.179875
0.0114238 0.179875
0.01144 0.179875
0.0114563 0.179875
0.0114725 0.179875
0.0114888 0.179875
0.011505 0.179875
0.0115213 0.179875
0.0115375 0.179875
0.0115538 0.179875
0.01157 0.179875
0.0115863 0.179875
0.0116025 0.179875
0.0116188 0.179875
0.011635 0.179875
0.0116513 0.179875
0.0116675 0.179875
0.0116838 0.179875
0.0117 0.179875
0.0117163 0.179875
0.0117325 0.179875
0.0117488 0.179875
0.011765 0.179875
0.0117813 0.179875
0.0117975 0.179875
0.0118138 0.179813
0.01183 0.179813
0.0118463 0.179813
0.0118625 0.179813
0.0118788 0.179813
0.011895 0.179813
0.0119113 0.17975
0.0119275 0.17975
0.0119438 0.17975
0.01196 0.17975
0.0119763 0.17975
0.0119925 0.179688
0.0120088 0.179688
0.012025 0.179688
0.0120413 0.179688
0.0120575 0.179688
0.0120738 0.179625
0.01209 0.179625
0.0121063 0.179625
0.0121225 0.179625
0.0121388 0.179625
0.012155 0.179563
0.0121713 0.179563
0.0121875 0.179563
0.0122038 0.179563
0.01222 0.179563
0.0122363 0.1795
0.0122525 0.1795
0.0122688 0.1795
0.012285 0.1795
0.0123013 0.1795
0.0123175 0.179437
0.0123338 0.179437
0.01235 0.179437
0.0123663 0.179437
0.0123825 0.179375
0.0123988 0.179375
0.012415 0.179375
0.0124313 0.179375
0.0124475 0.179375
0.0124638 0.179313
0.01248 0.179313
0.0124963 0.179313
0.0125125 0.179313
0.0125288 0.179313
0.012545 0.17925
0.0125613 0.17925
0.0125775 0.17925
0.0125938 0.17925
0.01261 0.179187
0.0126263 0.179187
0.0126425 0.179187
0.0126588 0.179187
0.012675 0.179125
0.0126913 0.179125
0.0127075 0.179125
0.0127238 0.179125
0.01274 0.179063
0.0127563 0.179063
0.0127725 0.179063
0.0127888 0.179063
0.012805 0.179
0.0128213 0.179
0.0128375 0.179
0.0128538 0.178937
0.01287 0.178937
0.0128863 0.178937
0.0129025 0.178937
0.0129188 0.178875
0.012935 0.178875
0.0129513 0.178875
0.0129675 0.178813
0.0129838 0.178813
0.013 0.178813
0.0130163 0.17875
0.0130325 0.17875
0.0130488 0.17875
0.013065 0.178687
0.0130813 0.178687
0.0130975 0.178687
0.0131138 0.178687
0.01313 0.178625
0.0131463 0.178625
0.0131625 0.178625
0.0131788 0.178563
0.013195 0.178563
0.0132113 0.178563
0.0132275 0.1785
0.0132438 0.1785
0.01326 0.1785
0.0132763 0.178437
0.0132925 0.178437
0.0133088 0.178375
0.013325 0.178375
0.0133413 0.178375
0.0133575 0.178313
0.0133738 0.178313
0.01339 0.178313
0.0134063 0.17825
0.0134225 0.17825
0.0134388 0.17825
0.013455 0.178187
0.0134713 0.178187
0.0134875 0.178125
0.0135038 0.178125
0.01352 0.178125
0.0135363 0.178063
0.0135525 0.178063
0.0135688 0.178063
0.013585 0.178
0.0136013 0.178
0.0136175 0.177937
0.0136338 0.177937
0.01365 0.177937
0.0136663 0.177875
0.0136825 0.177875
0.0136988 0.177813
0.013715 0.177813
0.0137313 0.177813
0.0137475 0.17775
0.0137638 0.17775
0.01378 0.177687
0.0137963 0.177687
0.0138125 0.177625
0.0138288 0.177625
0.013845 0.177625
0.0138613 0.177563
0.0138775 0.177563
0.0138938 0.1775
0.01391 0.1775
0.0139263 0.1775
0.0139425 0.177437
0.0139588 0.177437
0.013975 0.177375
0.0139913 0.177375
0.0140075 0.177313
0.0140238 0.177313
0.01404 0.17725
0.0140563 0.17725
0.0140725 0.177187
0.0140888 0.177187
0.014105 0.177187
0.0141213 0.177125
0.0141375 0.177125
0.0141538 0.177063
0.01417 0.177063
0.0141863 0.177
0.0142025 0.177
0.0142188 0.176937
0.014235 0.176937
0.0142513 0.176875
0.0142675 0.176875
0.0142838 0.176813
0.0143 0.176813
0.0143163 0.17675
0.0143325 0.17675
0.0143488 0.176687
0.014365 0.176687
0.0143813 0.176625
0.0143975 0.176625
0.0144138 0.176563
0.01443 0.176563
0.0144463 0.1765
0.0144625 0.1765
0.0144788 0.176437
0.014495 0.176437
0.0145113 0.176375
0.0145275 0.176375
0.0145438 0.176313
0.01456 0.176313
0.0145763 0.17625
0.0145925 0.17625
0.0146088 0.176187
0.014625 0.176187
0.0146413 0.176125
0.0146575 0.176125
0.0146738 0.176063
0.01469 0.176063
0.0147063 0.176
0.0147225 0.176
0.0147388 0.175937
0.014755 0.175875
0.0147713 0.175875
0.0147875 0.175813
0.0148038 0.175813
0.01482 0.17575
0.0148363 0.17575
0.0148525 0.175687
0.0148688 0.175687
0.014885 0.175625
0.0149013 0.175563
0.0149175 0.175563
0.0149338 0.1755
0.01495 0.1755
0.0149663 0.175437
0.0149825 0.175437
0.0149988 0.175375
0.015015 0.175313
0.0150313 0.175313
0.0150475 0.17525
0.0150638 0.17525
0.01508 0.175187
0.0150963 0.175187
0.0151125 0.175125
0.0151288 0.175063
0.015145 0.175063
0.0151613 0.175
0.0151775 0.175
0.0151938 0.174937
0.01521 0.174875
0.0152263 0.174875
0.0152425 0.174813
0.0152588 0.174813
0.015275 0.17475
0.0152913 0.174687
0.0153075 0.174687
0.0153238 0.174625
0.01534 0.174563
0.0153563 0.174563
0.0153725 0.1745
0.0153888 0.1745
0.015405 0.174437
0.0154213 0.174375
0.0154375 0.174375
0.0154538 0.174313
0.01547 0.174313
0.0154863 0.17425
0.0155025 0.174187
0.0155188 0.174187
0.015535 0.174125
0.0155513 0.174063
0.0155675 0.174063
0.0155838 0.174
0.0156 0.173937
0.0156163 0.173937
0.0156325 0.173875
0.0156488 0.173813
0.015665 0.173813
0.0156813 0.17375
0.0156975 0.173687
0.0157138 0.173687
0.01573 0.173625
0.0157463 0.173563
0.0157625 0.173563
0.0157788 0.1735
0.015795 0.173437
0.0158113 0.173437
0.0158275 0.173375
0.0158438 0.173313
0.01586 0.173313
0.0158763 0.17325
0.0158925 0.173187
0.0159088 0.173187
0.015925 0.173125
0.0159413 0.173063
0.0159575 0.173063
0.0159738 0.173
0.01599 0.172937
0.0160063 0.172875
0.0160225 0.172875
0.0160388 0.172813
0.016055 0.17275
0.0160713 0.17275
0.0160875 0.172687
0.0161038 0.172625
0.01612 0.172625
0.0161363 0.172563
0.0161525 0.1725
0.0161688 0.172437
0.016185 0.172437
0.0162013 0.172375
0.0162175 0.172313
0.0162338 0.17225
0.01625 0.17225
0.0162663 0.172187
0.0162825 0.172125
0.0162988 0.172125
0.016315 0.172063
0.0163313 0.172
0.0163475 0.171937
0.0163638 0.171937
0.01638 0.171875
0.0163963 0.171813
0.0164125 0.17175
0.0164288 0.17175
0.016445 0.171687
0.0164613 0.171625
0.0164775 0.171563
0.0164938 0.171563
0.01651 0.1715
0.0165263 0.171437
0.0165425 0.171375
0.0165588 0.171375
0.016575 0.171313
0.0165913 0.17125
0.0166075 0.171187
0.0166238 0.171125
0.01664 0.171125
0.0166563 0.171063
0.0166725 0.171
0.0166888 0.170937
0.016705 0.170937
0.0167213 0.170875
0.0167375 0.170813
0.0167538 0.17075
0.01677 0.170687
0.0167863 0.170687
0.0168025 0.170625
0.0168188 0.170563
0.016835 0.1705
0.0168513 0.170437
0.0168675 0.170437
0.0168838 0.170375
0.0169 0.170313
0.0169163 0.17025
0.0169325 0.170187
0.0169488 0.170187
0.016965 0.170125
0.0169813 0.170063
0.0169975 0.17
0.0170138 0.169937
0.01703 0.169937
0.0170463 0.169875
0.0170625 0.169813
0.0170788 0.16975
0.017095 0.169687
0.0171113 0.169625
0.0171275 0.169625
0.0171438 0.169563
0.01716 0.1695
0.0171763 0.169437
0.0171925 0.169375
0.0172088 0.169313
0.017225 0.169313
0.0172413 0.16925
0.0172575 0.169187
0.0172738 0.169125
0.01729 0.169063
0.0173063 0.169
0.0173225 0.168937
0.0173388 0.168937
0.017355 0.168875
0.0173713 0.168813
0.0173875 0.16875
0.0174038 0.168687
0.01742 0.168625
0.0174363 0.168563
0.0174525 0.168563
0.0174688 0.1685
0.017485 0.168437
0.0175013 0.168375
0.0175175 0.168313
0.0175338 0.16825
0.01755 0.168187
0.0175663 0.168125
0.0175825 0.168063
0.0175988 0.168063
0.017615 0.168
0.0176313 0.167938
0.0176475 0.167875
0.0176638 0.167813
0.01768 0.16775
0.0176963 0.167688
0.0177125 0.167625
0.0177288 0.167563
0.017745 0.167563
0.0177613 0.1675
0.0177775 0.167438
0.0177938 0.167375
0.01781 0.167313
0.0178263 0.16725
0.0178425 0.167188
0.0178588 0.167125
0.017875 0.167063
0.0178913 0.167
0.0179075 0.166938
0.0179238 0.166938
0.01794 0.166875
0.0179563 0.166813
0.0179725 0.16675
0.0179888 0.166688
0.018005 0.166625
0.0180213 0.166563
0.0180375 0.1665
0.0180538 0.166438
0.01807 0.166375
0.0180863 0.166313
0.0181025 0.16625
0.0181188 0.166188
0.018135 0.166125
0.0181513 0.166063
0.0181675 0.166
0.0181838 0.165938
0.0182 0.165938
0.0182163 0.165875
0.0182325 0.165813
0.0182488 0.16575
0.018265 0.165688
0.0182813 0.165625
0.0182975 0.165563
0.0183138 0.1655
0.01833 0.165438
0.0183463 0.165375
0.0183625 0.165313
0.0183788 0.16525
0.018395 0.165188
0.0184113 0.165125
0.0184275 0.165063
0.0184438 0.165
0.01846 0.164938
0.0184763 0.164875
0.0184925 0.164813
0.0185088 0.16475
0.018525 0.164688
0.0185413 0.164625
0.0185575 0.164563
0.0185738 0.1645
0.01859 0.164438
0.0186063 0.164375
0.0186225 0.164313
0.0186388 0.16425
0.018655 0.164188
0.0186713 0.164125
0.0186875 0.164062
0.0187038 0.164
0.01872 0.163938
0.0187363 0.163875
0.0187525 0.163812
0.0187688 0.16375
0.018785 0.163688
0.0188013 0.163625
0.0188175 0.163562
0.0188338 0.1635
0.01885 0.163438
0.0188663 0.163375
0.0188825 0.163312
0.0188988 0.16325
0.018915 0.163188
0.0189313 0.163125
0.0189475 0.163062
0.0189638 0.163
0.01898 0.162938
0.0189963 0.162875
0.0190125 0.162812
0.0190288 0.162688
0.019045 0.162625
0.0190613 0.162562
0.0190775 0.1625
0.0190938 0.162438
0.01911 0.162375
0.0191263 0.162312
0.0191425 0.16225
0.0191588 0.162188
0.019175 0.162125
0.0191913 0.162062
0.0192075 0.162
0.0192238 0.161938
0.01924 0.161875
0.0192563 0.161812
0.0192725 0.16175
0.0192888 0.161625
0.019305 0.161562
0.0193213 0.1615
0.0193375 0.161438
0.0193538 0.161375
0.01937 0.161312
0.0193863 0.16125
0.0194025 0.161188
0.0194188 0.161125
0.019435 0.161062
0.0194513 0.161
0.0194675 0.160938
0.0194838 0.160812
0.0195 0.16075
0.0195163 0.160688
0.0195325 0.160625
0.0195488 0.160562
0.019565 0.1605
0.0195813 0.160438
0.0195975 0.160375
0.0196138 0.160312
0.01963 0.160188
0.0196463 0.160125
0.0196625 0.160062
0.0196788 0.16
0.019695 0.159938
0.0197113 0.159875
0.0197275 0.159812
0.0197438 0.15975
0.01976 0.159688
0.0197763 0.159562
0.0197925 0.1595
0.0198088 0.159438
0.019825 0.159375
0.0198413 0.159312
0.0198575 0.15925
0.0198738 0.159188
0.01989 0.159062
0.0199063 0.159
0.0199225 0.158938
0.0199388 0.158875
0.019955 0.158812
0.0199713 0.15875
0.0199875 0.158688
0.0200038 0.158562
0.02002 0.1585
0.0200363 0.158438
0.0200525 0.158375
0.0200688 0.158312
0.020085 0.15825
0.0201013 0.158125
0.0201175 0.158062
0.0201338 0.158
0.02015 0.157938
0.0201663 0.157875
0.0201825 0.157812
0.0201988 0.157688
0.020215 0.157625
0.0202313 0.157562
0.0202475 0.1575
0.0202638 0.157438
0.02028 0.157312
0.0202963 0.15725
0.0203125 0.157188
0.0203288 0.157125
0.020345 0.157062
0.0203613 0.157
0.0203775 0.156875
0.0203938 0.156812
0.02041 0.15675
0.0204263 0.156688
0.0204425 0.156625
0.0204588 0.1565
0.020475 0.156438
0.0204913 0.156375
0.0205075 0.156312
0.0205238 0.15625
0.02054 0.156125
0.0205563 0.156062
0.0205725 0.156
0.0205888 0.155938
0.020605 0.155812
0.0206213 0.15575
0.0206375 0.155688
0.0206538 0.155625
0.02067 0.155562
0.0206863 0.155438
0.0207025 0.155375
0.0207188 0.155312
0.020735 0.15525
0.0207513 0.155125
0.0207675 0.155062
0.0207838 0.155
0.0208 0.154938
0.0208163 0.154812
0.0208325 0.15475
0.0208488 0.154688
0.020865 0.154625
0.0208813 0.1545
0.0208975 0.154438
0.0209138 0.154375
0.02093 0.154312
0.0209463 0.154188
0.0209625 0.154125
0.0209788 0.154062
0.020995 0.154
0.0210113 0.153875
0.0210275 0.153812
0.0210438 0.15375
0.02106 0.153688
0.0210763 0.153562
0.0210925 0.1535
0.0211088 0.153438
0.021125 0.153312
0.0211413 0.15325
0.0211575 0.153188
0.0211738 0.153125
0.02119 0.153
0.0212063 0.152938
0.0212225 0.152875
0.0212388 0.15275
0.021255 0.152688
0.0212713 0.152625
0.0212875 0.152562
0.0213038 0.152438
0.02132 0.152375
0.0213363 0.152312
0.0213525 0.152188
0.0213688 0.152125
0.021385 0.152062
0.0214013 0.151938
0.0214175 0.151875
0.0214338 0.151813
0.02145 0.151688
0.0214663 0.151625
0.0214825 0.151563
0.0214988 0.1515
0.021515 0.151375
0.0215313 0.151313
0.0215475 0.15125
0.0215638 0.151125
0.02158 0.151063
0.0215963 0.151
0.0216125 0.150875
0.0216288 0.150813
0.021645 0.15075
0.0216613 0.150625
0.0216775 0.150563
0.0216938 0.1505
0.02171 0.150375
0.0217263 0.150313
0.0217425 0.15025
0.0217588 0.150125
0.021775 0.150063
0.0217913 0.149938
0.0218075 0.149875
0.0218238 0.149813
0.02184 0.149688
0.0218563 0.149625
0.0218725 0.149563
0.0218888 0.149438
0.021905 0.149375
0.0219213 0.149313
0.0219375 0.149188
0.0219538 0.149125
0.02197 0.149
0.0219863 0.148938
0.0220025 0.148875
0.0220188 0.14875
0.022035 0.148688
0.0220513 0.148625
0.0220675 0.1485
0.0220838 0.148438
0.0221 0.148313
0.0221163 0.14825
0.0221325 0.148187
0.0221488 0.148063
0.022165 0.148
0.0221813 0.147875
0.0221975 0.147813
0.0222138 0.14775
0.02223 0.147625
0.0222463 0.147563
0.0222625 0.147437
0.0222788 0.147375
0.022295 0.147313
0.0223113 0.147187
0.0223275 0.147125
0.0223438 0.147
0.02236 0.146937
0.0223763 0.146875
0.0223925 0.14675
0.0224088 0.146687
0.022425 0.146563
0.0224413 0.1465
0.0224575 0.146375
0.0224738 0.146313
0.02249 0.14625
0.0225063 0.146125
0.0225225 0.146063
0.0225388 0.145937
0.022555 0.145875
0.0225713 0.14575
0.0225875 0.145687
0.0226038 0.145625
0.02262 0.1455
0.0226363 0.145437
0.0226525 0.145313
0.0226688 0.14525
0.022685 0.145125
0.0227013 0.145063
0.0227175 0.144937
0.0227338 0.144875
0.02275 0.14475
0.0227663 0.144687
0.0227825 0.144625
0.0227988 0.1445
0.022815 0.144437
0.0228313 0.144313
0.0228475 0.14425
0.0228638 0.144125
0.02288 0.144063
0.0228963 0.143937
0.0229125 0.143875
0.0229288 0.14375
0.022945 0.143687
0.0229613 0.143563
0.0229775 0.1435
0.0229938 0.143375
0.02301 0.143313
0.0230263 0.143187
0.0230425 0.143125
0.0230588 0.143
0.023075 0.142937
0.0230913 0.142813
0.0231075 0.14275
0.0231238 0.142625
0.02314 0.142563
0.0231563 0.142437
0.0231725 0.142375
0.0231888 0.14225
0.023205 0.142187
0.0232213 0.142063
0.0232375 0.142
0.0232538 0.141875
0.02327 0.141813
0.0232863 0.141687
0.0233025 0.141625
0.0233188 0.1415
0.023335 0.141437
0.0233513 0.141313
0.0233675 0.14125
0.0233838 0.141125
0.0234 0.141063
0.0234163 0.140937
0.0234325 0.140875
0.0234488 0.14075
0.023465 0.140625
0.0234813 0.140563
0.0234975 0.140437
0.0235138 0.140375
0.02353 0.14025
0.0235463 0.140187
0.0235625 0.140063
0.0235788 0.14
0.023595 0.139875
0.0236113 0.139813
0.0236275 0.139687
0.0236438 0.139563
0.02366 0.1395
0.0236763 0.139375
0.0236925 0.139313
0.0237088 0.139187
0.023725 0.139125
0.0237413 0.139
0.0237575 0.138875
0.0237738 0.138813
0.02379 0.138687
0.0238063 0.138625
0.0238225 0.1385
0.0238388 0.138437
0.023855 0.138313
0.0238713 0.138187
0.0238875 0.138125
0.0239038 0.138
0.02392 0.137937
0.0239363 0.137813
0.0239525 0.137687
0.0239688 0.137625
0.023985 0.1375
0.0240013 0.137437
0.0240175 0.137313
0.0240338 0.137187
0.02405 0.137125
0.0240663 0.137
0.0240825 0.136937
0.0240988 0.136813
0.024115 0.136687
0.0241313 0.136625
0.0241475 0.1365
0.0241638 0.136375
0.02418 0.136313
0.0241963 0.136187
0.0242125 0.136125
0.0242288 0.136
0.024245 0.135875
0.0242613 0.135813
0.0242775 0.135688
0.0242938 0.135563
0.02431 0.1355
0.0243263 0.135375
0.0243425 0.135313
0.0243588 0.135188
0.024375 0.135063
0.0243913 0.135
0.0244075 0.134875
0.0244238 0.13475
0.02444 0.134688
0.0244563 0.134563
0.0244725 0.134438
0.0244888 0.134375
0.024505 0.13425
0.0245213 0.134125
0.0245375 0.134063
0.0245538 0.133938
0.02457 0.133813
0.0245863 0.13375
0.0246025 0.133625
0.0246188 0.1335
0.024635 0.133438
0.0246513 0.133313
0.0246675 0.133188
0.0246838 0.133125
0.0247 0.133
0.0247163 0.132875
0.0247325 0.132812
0.0247488 0.132688
0.024765 0.132562
0.0247813 0.132438
0.0247975 0.132375
0.0248138 0.13225
0.02483 0.132125
0.0248463 0.132062
0.0248625 0.131938
0.0248788 0.131812
0.024895 0.13175
0.0249113 0.131625
0.0249275 0.1315
0.0249438 0.131375
0.02496 0.131312
0.0249763 0.131188
0.0249925 0.131062
0.0250088 0.131
0.025025 0.130875
0.0250413 0.13075
0.0250575 0.130625
0.0250738 0.130562
0.02509 0.130438
0.0251063 0.130312
0.0251225 0.130188
0.0251388 0.130125
0.025155 0.13
0.0251713 0.129875
0.0251875 0.12975
0.0252038 0.129688
0.02522 0.129562
0.0252363 0.129438
0.0252525 0.129312
0.0252688 0.12925
0.025285 0.129125
0.0253013 0.129
0.0253175 0.128875
0.0253338 0.128812
0.02535 0.128688
0.0253663 0.128562
0.0253825 0.128438
0.0253988 0.128375
0.025415 0.12825
0.0254313 0.128125
0.0254475 0.128
0.0254638 0.127938
0.02548 0.127812
0.0254963 0.127688
0.0255125 0.127562
0.0255288 0.127438
0.025545 0.127375
0.0255613 0.12725
0.0255775 0.127125
0.0255938 0.127
0.02561 0.126938
0.0256263 0.126812
0.0256425 0.126688
0.0256588 0.126562
0.025675 0.126438
0.0256913 0.126312
0.0257075 0.12625
0.0257238 0.126125
0.02574 0.126
0.0257563 0.125875
0.0257725 0.12575
0.0257888 0.125688
0.025805 0.125562
0.0258213 0.125438
0.0258375 0.125312
0.0258538 0.125188
0.02587 0.125125
0.0258863 0.125
0.0259025 0.124875
0.0259188 0.12475
0.025935 0.124625
0.0259513 0.1245
0.0259675 0.124438
0.0259838 0.124313
0.026 0.124188
0.0260163 0.124063
0.0260325 0.123938
0.0260488 0.123813
0.026065 0.123688
0.0260813 0.123625
0.0260975 0.1235
0.0261138 0.123375
0.02613 0.12325
0.0261463 0.123125
0.0261625 0.123
0.0261788 0.122875
0.026195 0.122813
0.0262113 0.122688
0.0262275 0.122563
0.0262438 0.122438
0.02626 0.122313
0.0262763 0.122188
0.0262925 0.122063
0.0263088 0.121938
0.026325 0.121875
0.0263413 0.12175
0.0263575 0.121625
0.0263738 0.1215
0.02639 0.121375
0.0264063 0.12125
0.0264225 0.121125
0.0264388 0.121
0.026455 0.120875
0.0264713 0.120813
0.0264875 0.120688
0.0265038 0.120563
0.02652 0.120438
0.0265363 0.120313
0.0265525 0.120188
0.0265688 0.120063
0.026585 0.119938
0.0266013 0.119813
0.0266175 0.119688
0.0266338 0.119563
0.02665 0.119438
0.0266663 0.119375
0.0266825 0.11925
0.0266988 0.119125
0.026715 0.119
0.0267313 0.118875
0.0267475 0.11875
0.0267638 0.118625
0.02678 0.1185
0.0267963 0.118375
0.0268125 0.11825
0.0268288 0.118125
0.026845 0.118
0.0268613 0.117875
0.0268775 0.11775
0.0268938 0.117625
0.02691 0.1175
0.0269263 0.117375
0.0269425 0.11725
0.0269588 0.117188
0.026975 0.117062
0.0269913 0.116937
0.0270075 0.116812
0.0270238 0.116687
0.02704 0.116562
0.0270563 0.116437
0.0270725 0.116312
0.0270888 0.116187
0.027105 0.116062
0.0271213 0.115937
0.0271375 0.115812
0.0271538 0.115687
0.02717 0.115562
0.0271863 0.115437
0.0272025 0.115312
0.0272188 0.115187
0.027235 0.115062
0.0272513 0.114937
0.0272675 0.114812
0.0272838 0.114687
0.0273 0.114562
0.0273163 0.114437
0.0273325 0.114312
0.0273488 0.114187
0.027365 0.114062
0.0273813 0.113937
0.0273975 0.113812
0.0274138 0.113687
0.02743 0.113562
0.0274463 0.113437
0.0274625 0.113312
0.0274788 0.113187
0.027495 0.113
0.0275113 0.112875
0.0275275 0.11275
0.0275438 0.112625
0.02756 0.1125
0.0275763 0.112375
0.0275925 0.11225
0.0276088 0.112125
0.027625 0.112
0.0276413 0.111875
0.0276575 0.11175
0.0276738 0.111625
0.02769 0.1115
0.0277063 0.111375
0.0277225 0.11125
0.0277388 0.111125
0.027755 0.111
0.0277713 0.110875
0.0277875 0.110688
0.0278038 0.110563
0.02782 0.110438
0.0278363 0.110313
0.0278525 0.110188
0.0278688 0.110063
0.027885 0.109938
0.0279013 0.109813
0.0279175 0.109688
0.0279338 0.109563
0.02795 0.109438
0.0279663 0.10925
0.0279825 0.109125
0.0279988 0.109
0.028015 0.108875
0.0280313 0.10875
0.0280475 0.108625
0.0280638 0.1085
0.02808 0.108375
0.0280963 0.10825
0.0281125 0.108063
0.0281288 0.107938
0.028145 0.107813
0.0281613 0.107688
0.0281775 0.107563
0.0281938 0.107438
0.02821 0.107313
0.0282263 0.107125
0.0282425 0.107
0.0282588 0.106875
0.028275 0.10675
0.0282913 0.106625
0.0283075 0.1065
0.0283238 0.106375
0.02834 0.106188
0.0283563 0.106063
0.0283725 0.105938
0.0283888 0.105813
0.028405 0.105688
0.0284213 0.105563
0.0284375 0.105375
0.0284538 0.10525
0.02847 0.105125
0.0284863 0.105
0.0285025 0.104875
0.0285188 0.10475
0.028535 0.104563
0.0285513 0.104438
0.0285675 0.104313
0.0285838 0.104188
0.0286 0.104063
0.0286163 0.103875
0.0286325 0.10375
0.0286488 0.103625
0.028665 0.1035
0.0286813 0.103375
0.0286975 0.103188
0.0287138 0.103063
0.02873 0.102938
0.0287463 0.102813
0.0287625 0.102688
0.0287788 0.1025
0.028795 0.102375
0.0288113 0.10225
0.0288275 0.102125
0.0288438 0.101938
0.02886 0.101813
0.0288763 0.101688
0.0288925 0.101562
0.0289088 0.101437
0.028925 0.10125
0.0289413 0.101125
0.0289575 0.101
0.0289738 0.100875
0.02899 0.100687
0.0290063 0.100562
0.0290225 0.100437
0.0290388 0.100312
0.029055 0.100125
0.0290713 0.1
0.0290875 0.099875
0.0291038 0.0996875
0.02912 0.0995625
0.0291363 0.0994375
0.0291525 0.0993125
0.0291688 0.099125
0.029185 0.099
0.0292013 0.098875
0.0292175 0.09875
0.0292338 0.0985625
0.02925 0.0984375
0.0292663 0.0983125
0.0292825 0.098125
0.0292988 0.098
0.029315 0.097875
0.0293313 0.0976875
0.0293475 0.0975625
0.0293638 0.0974375
0.02938 0.09725
0.0293963 0.097125
0.0294125 0.097
0.0294288 0.096875
0.029445 0.0966875
0.0294613 0.0965625
0.0294775 0.0964375
0.0294938 0.09625
0.02951 0.096125
0.0295263 0.096
0.0295425 0.0958125
0.0295588 0.0956875
0.029575 0.0955625
0.0295913 0.095375
0.0296075 0.09525
0.0296238 0.0950625
0.02964 0.0949375
0.0296563 0.0948125
0.0296725 0.094625
0.0296888 0.0945
0.029705 0.094375
0.0297213 0.0941875
0.0297375 0.0940625
0.0297538 0.0939375
0.02977 0.09375
0.0297863 0.093625
0.0298025 0.0934375
0.0298188 0.0933125
0.029835 0.0931875
0.0298513 0.093
0.0298675 0.092875
0.0298838 0.0926875
0.0299 0.0925625
0.0299163 0.0924375
0.0299325 0.09225
0.0299488 0.092125
0.029965 0.0919375
0.0299813 0.0918125
0.0299975 0.0916875
0.0300138 0.0915
0.03003 0.091375
0.0300463 0.0911875
0.0300625 0.0910625
0.0300788 0.090875
0.030095 0.09075
0.0301113 0.090625
0.0301275 0.0904375
0.0301438 0.0903125
0.03016 0.090125
0.0301763 0.09
0.0301925 0.0898125
0.0302088 0.0896875
0.030225 0.0895
0.0302413 0.089375
0.0302575 0.08925
0.0302738 0.0890625
0.03029 0.0889375
0.0303063 0.08875
0.0303225 0.088625
0.0303388 0.0884375
0.030355 0.0883125
0.0303713 0.088125
0.0303875 0.088
0.0304038 0.0878125
0.03042 0.0876875
0.0304363 0.0875
0.0304525 0.087375
0.0304688 0.0871875
0.030485 0.0870625
0.0305013 0.086875
0.0305175 0.08675
0.0305338 0.0865625
0.03055 0.0864375
0.0305663 0.08625
0.0305825 0.086125
0.0305988 0.0859375
0.030615 0.0858125
0.0306313 0.085625
0.0306475 0.0855
0.0306638 0.0853125
0.03068 0.085125
0.0306963 0.085
0.0307125 0.0848125
0.0307288 0.0846875
0.030745 0.0845
0.0307613 0.084375
0.0307775 0.0841875
0.0307938 0.0840625
0.03081 0.083875
0.0308263 0.0836875
0.0308425 0.0835625
0.0308588 0.083375
0.030875 0.08325
0.0308913 0.0830625
0.0309075 0.082875
0.0309238 0.08275
0.03094 0.0825625
0.0309563 0.0824375
0.0309725 0.08225
0.0309888 0.082125
0.031005 0.0819375
0.0310213 0.08175
0.0310375 0.081625
0.0310538 0.0814375
0.03107 0.08125
0.0310863 0.081125
0.0311025 0.0809375
0.0311188 0.0808125
0.031135 0.080625
0.0311513 0.0804375
0.0311675 0.0803125
0.0311838 0.080125
0.0312 0.0799375
0.0312163 0.0798125
0.0312325 0.079625
0.0312488 0.0794375
0.031265 0.0793125
0.0312813 0.079125
0.0312975 0.0789375
0.0313138 0.0788125
0.03133 0.078625
0.0313463 0.0784375
0.0313625 0.0783125
0.0313788 0.078125
0.031395 0.0779375
0.0314113 0.0778125
0.0314275 0.077625
0.0314438 0.0774375
0.03146 0.07725
0.0314763 0.077125
0.0314925 0.0769375
0.0315088 0.07675
0.031525 0.076625
0.0315413 0.0764375
0.0315575 0.07625
0.0315738 0.0760625
0.03159 0.0759375
0.0316063 0.07575
0.0316225 0.0755625
0.0316388 0.075375
0.031655 0.07525
0.0316713 0.0750625
0.0316875 0.074875
0.0317038 0.0746875
0.03172 0.0745
0.0317363 0.074375
0.0317525 0.0741875
0.0317688 0.074
0.031785 0.0738125
0.0318013 0.0736875
0.0318175 0.0735
0.0318338 0.0733125
0.03185 0.073125
0.0318663 0.0729375
0.0318825 0.07275
0.0318988 0.072625
0.031915 0.0724375
0.0319313 0.07225
0.0319475 0.0720625
0.0319638 0.071875
0.03198 0.0716875
0.0319963 0.0715625
0.0320125 0.071375
0.0320288 0.0711875
0.032045 0.071
0.0320613 0.0708125
0.0320775 0.070625
0.0320938 0.0704375
0.03211 0.0703125
0.0321263 0.070125
0.0321425 0.0699375
0.0321588 0.06975
0.032175 0.0695625
0.0321913 0.069375
0.0322075 0.0691875
0.0322238 0.069
0.03224 0.0688125
0.0322563 0.068625
0.0322725 0.0684375
0.0322888 0.0683125
0.032305 0.068125
0.0323213 0.0679375
0.0323375 0.06775
0.0323538 0.0675625
0.03237 0.067375
0.0323863 0.0671875
0.0324025 0.067
0.0324188 0.0668125
0.032435 0.066625
0.0324513 0.0664375
0.0324675 0.06625
0.0324838 0.0660625
0.0325 0.065875
0.0325163 0.0656875
0.0325325 0.0655
0.0325488 0.0653125
0.032565 0.065125
0.0325813 0.0649375
0.0325975 0.06475
0.0326138 0.0645625
0.03263 0.064375
0.0326463 0.0641875
0.0326625 0.0639375
0.0326788 0.06375
0.032695 0.0635625
0.0327113 0.063375
0.0327275 0.0631875
0.0327438 0.063
0.03276 0.0628125
0.0327763 0.062625
0.0327925 0.0624375
0.0328088 0.06225
0.032825 0.062
0.0328413 0.0618125
0.0328575 0.061625
0.0328738 0.0614375
0.03289 0.06125
0.0329063 0.0610625
0.0329225 0.060875
0.0329388 0.060625
0.032955 0.0604375
0.0329713 0.06025
0.0329875 0.0600625
0.0330038 0.059875
0.03302 0.059625
0.0330363 0.0594375
0.0330525 0.05925
0.0330688 0.0590625
0.033085 0.0588125
0.0331013 0.058625
0.0331175 0.0584375
0.0331338 0.05825
0.03315 0.058
0.0331663 0.0578125
0.0331825 0.057625
0.0331988 0.0574375
0.033215 0.0571875
0.0332313 0.057
0.0332475 0.0568125
0.0332638 0.0565625
0.03328 0.056375
0.0332963 0.0561875
0.0333125 0.0559375
0.0333288 0.05575
0.033345 0.0555
0.0333613 0.0553125
0.0333775 0.055125
0.0333938 0.054875
0.03341 0.0546875
0.0334263 0.0544375
0.0334425 0.05425
0.0334588 0.0540625
0.033475 0.0538125
0.0334913 0.053625
0.0335075 0.053375
0.0335238 0.0531875
0.03354 0.0529375
0.0335563 0.05275
0.0335725 0.0525
0.0335888 0.0523125
0.033605 0.0520625
0.0336213 0.051875
0.0336375 0.051625
0.0336538 0.051375
0.03367 0.0511875
0.0336863 0.0509375
0.0337025 0.05075
0.0337188 0.0505
0.033735 0.05025
0.0337513 0.0500625
0.0337675 0.0498125
0.0337838 0.0495625
0.0338 0.049375
0.0338163 0.049125
0.0338325 0.048875
0.0338488 0.0486875
0.033865 0.0484375
0.0338813 0.0481875
0.0338975 0.0479375
0.0339138 0.04775
0.03393 0.0475
0.0339463 0.04725
0.0339625 0.047
0.0339788 0.04675
0.033995 0.0465
0.0340113 0.0463125
0.0340275 0.0460625
0.0340438 0.0458125
0.03406 0.0455625
0.0340763 0.0453125
0.0340925 0.0450625
0.0341088 0.0448125
0.034125 0.0445625
0.0341413 0.0443125
0.0341575 0.0440625
0.0341738 0.0438125
0.03419 0.0435625
0.0342063 0.0433125
0.0342225 0.0430625
0.0342388 0.04275
0.034255 0.0425
0.0342713 0.04225
0.0342875 0.042
0.0343038 0.04175
0.03432 0.0414375
0.0343363 0.0411875
0.0343525 0.0409375
0.0343688 0.040625
0.034385 0.040375
0.0344013 0.040125
0.0344175 0.0398125
0.0344338 0.0395625
0.03445 0.03925
0.0344663 0.039
0.0344825 0.0386875
0.0344988 0.0384375
0.034515 0.038125
0.0345313 0.037875
0.0345475 0.0375625
0.0345638 0.03725
0.03458 0.037
0.0345963 0.0366875
0.0346125 0.036375
0.0346288 0.0360625
0.034645 0.03575
0.0346613 0.0355
0.0346775 0.0351875
0.0346938 0.034875
0.03471 0.0345625
0.0347263 0.03425
0.0347425 0.033875
0.0347588 0.0335625
0.034775 0.03325
0.0347913 0.0329375
0.0348075 0.0325625
0.0348238 0.03225
0.03484 0.0319375
0.0348563 0.0315625
0.0348725 0.03125
0.0348888 0.030875
0.034905 0.0305
0.0349213 0.030125
0.0349375 0.0298125
0.0349538 0.0294375
0.03497 0.0290625
0.0349863 0.0286875
0.0350025 0.02825
0.0350188 0.027875
0.035035 0.0275
0.0350513 0.0270625
0.0350675 0.0266875
0.0350838 0.02625
0.0351 0.0258125
0.0351163 0.025375
0.0351325 0.0249375
0.0351488 0.0245
0.035165 0.024
0.0351813 0.0235625
0.0351975 0.0230625
0.0352138 0.0225625
0.03523 0.0220625
0.0352463 0.0215
0.0352625 0.021
0.0352788 0.0204375
0.035295 0.0198125
0.0353113 0.01925
0.0353275 0.018625
0.0353438 0.0179375
0.03536 0.01725
0.0353763 0.0165
0.0353925 0.01575
0.0354088 0.0149375
0.035425 0.014
0.0354413 0.0130625
0.0354575 0.012
0.0354738 0.01075
0.03549 0.0093125
0.0355063 0.0075625
0.0355225 0.0050625
0.0355388 0
0.035555 0
0.0355713 0
0.0355875 0
0.0356038 0
0.03562 0
0.0356363 0
0.0356525 0
0.0356688 0
0.035685 0
0.0357013 0
0.0357175 0
0.0357338 0
0.03575 0
0.0357663 0
0.0357825 0
0.0357988 0
0.035815 0
0.0358313 0
0.0358475 0
0.0358638 0
0.03588 0
0.0358963 0
0.0359125 0
0.0359288 0
0.035945 0
0.0359613 0
0.0359775 0
0.0359938 0
0.03601 0
0.0360263 0
0.0360425 0
0.0360588 0
0.036075 0
0.0360913 0
0.0361075 0
0.0361238 0
0.03614 0
0.0361563 0
0.0361725 0
0.0361888 0
0.036205 0
0.0362213 0
0.0362375 0
0.0362538 0
0.03627 0
0.0362863 0
0.0363025 0
0.0363188 0
0.036335 0
0.0363513 0
0.0363675 0
0.0363838 0
0.0364 0
0.0364163 0
0.0364325 0
0.0364488 0
0.036465 0
0.0364813 0
0.0364975 0
0.0365138 0
0.03653 0
0.0365463 0
0.0365625 0
0.0365788 0
0.036595 0
0.0366113 0
0.0366275 0
0.0366438 0
0.03666 0
0.0366763 0
0.0366925 0
0.0367088 0
0.036725 0
0.0367413 0
0.0367575 0
0.0367738 0
0.03679 0
0.0368063 0
0.0368225 0
0.0368388 0
0.036855 0
0.0368713 0
0.0368875 0
0.0369038 0
0.03692 0
0.0369363 0
0.0369525 0
0.0369688 0
0.036985 0
0.0370013 0
0.0370175 0
0.0370338 0
0.03705 0
0.0370663 0
0.0370825 0
0.0370988 0
0.037115 0
0.0371313 0
0.0371475 0
0.0371638 0
0.03718 0
0.0371963 0
0.0372125 0
0.0372288 0
0.037245 0
0.0372613 0
0.0372775 0
0.0372938 0
0.03731 0
0.0373263 0
0.0373425 0
0.0373588 0
0.037375 0
0.0373913 0
0.0374075 0
0.0374238 0
0.03744 0
0.0374563 0
0.0374725 0
0.0374888 0
0.037505 0
0.0375213 0
0.0375375 0
0.0375538 0
0.03757 0
0.0375863 0
0.0376025 0
0.0376188 0
0.037635 0
0.0376513 0
0.0376675 0
0.0376838 0
0.0377 0
0.0377163 0
0.0377325 0
0.0377488 0
0.037765 0
0.0377813 0
0.0377975 0
0.0378138 0
0.03783 0
0.0378463 0
0.0378625 0
0.0378788 0
0.037895 0
0.0379113 0
0.0379275 0
0.0379438 0
0.03796 0
0.0379763 0
0.0379925 0
0.0380088 0
0.038025 0
0.0380413 0
0.0380575 0
0.0380738 0
0.03809 0
0.0381063 0
0.0381225 0
0.0381388 0
0.038155 0
0.0381713 0
0.0381875 0
