0 958.377161241 
0.000125 958.377161493 
0.00025 958.377162032 
0.000375 958.377162893 
0.0005 958.377164083 
0.000625 958.377165605 
0.00075 958.377167461 
0.000875 958.377169651 
0.001 958.377172175 
0.001125 958.377175033 
0.00125 958.377178227 
0.001375 958.377181755 
0.0015 958.377185619 
0.001625 958.377189817 
0.00175 958.377194351 
0.001875 958.37719922 
0.002 958.377204424 
0.002125 958.377209964 
0.00225 958.377215839 
0.002375 958.377222049 
0.0025 958.377228595 
0.002625 958.377235476 
0.00275 958.377242693 
0.002875 958.377250244 
0.003 958.377258132 
0.003125 958.377266354 
0.00325 958.377274912 
0.003375 958.377283806 
0.0035 958.377293035 
0.003625 958.377302599 
0.00375 958.377312499 
0.003875 958.377322734 
0.004 958.377333304 
0.004125 958.37734421 
0.00425 958.377355452 
0.004375 958.377367028 
0.0045 958.377378941 
0.004625 958.377391188 
0.00475 958.377403771 
0.004875 958.37741669 
0.005 958.377429943 
0.005125 958.377443533 
0.00525 958.377457457 
0.005375 958.377471717 
0.0055 958.377486313 
0.005625 958.377501243 
0.00575 958.37751651 
0.005875 958.377532111 
0.006 958.377548048 
0.006125 958.37756432 
0.00625 958.377580928 
0.006375 958.377597871 
0.0065 958.377615149 
0.006625 958.377632763 
0.00675 958.377650712 
0.006875 958.377668997 
0.007 958.377687616 
0.007125 958.377706571 
0.00725 958.377725862 
0.007375 958.377745487 
0.0075 958.377765448 
0.007625 958.377785744 
0.00775 958.377806376 
0.007875 958.377827343 
0.008 958.377848645 
0.008125 958.377870282 
0.00825 958.377892255 
0.008375 958.377914562 
0.0085 958.377937206 
0.008625 958.377960184 
0.00875 958.377983497 
0.008875 958.378007146 
0.009 958.37803113 
0.009125 958.378055449 
0.00925 958.378080104 
0.009375 958.378105093 
0.0095 958.378130418 
0.009625 958.378156078 
0.00975 958.378182073 
0.009875 958.378208403 
0.01 958.378235068 
0.010125 958.378262068 
0.01025 958.378289404 
0.010375 958.378317074 
0.0105 958.37834508 
0.010625 958.378373421 
0.01075 958.378402097 
0.010875 958.378431108 
0.011 958.378460454 
0.011125 958.378490135 
0.01125 958.378520151 
0.011375 958.378550502 
0.0115 958.378581188 
0.011625 958.378612209 
0.01175 958.378643565 
0.011875 958.378675256 
0.012 958.378707282 
0.012125 958.378739643 
0.01225 958.378772339 
0.012375 958.378805369 
0.0125 958.378838735 
0.012625 958.378872435 
0.01275 958.378906471 
0.012875 958.378940841 
0.013 958.378975546 
0.013125 958.379010586 
0.01325 958.379045961 
0.013375 958.379081671 
0.0135 958.379117715 
0.013625 958.379154095 
0.01375 958.379190809 
0.013875 958.379227858 
0.014 958.379265241 
0.014125 958.379302959 
0.01425 958.379341012 
0.014375 958.3793794 
0.0145 958.379418123 
0.014625 958.37945718 
0.01475 958.379496571 
0.014875 958.379536298 
0.015 958.379576359 
0.015125 958.379616755 
0.01525 958.379657485 
0.015375 958.37969855 
0.0155 958.379739949 
0.015625 958.379781683 
0.01575 958.379823752 
0.015875 958.379866155 
0.016 958.379908892 
0.016125 958.379951964 
0.01625 958.379995371 
0.016375 958.380039112 
0.0165 958.380083187 
0.016625 958.380127597 
0.01675 958.380172342 
0.016875 958.38021742 
0.017 958.380262833 
0.017125 958.380308581 
0.01725 958.380354663 
0.017375 958.380401079 
0.0175 958.380447829 
0.017625 958.380494914 
0.01775 958.380542333 
0.017875 958.380590086 
0.018 958.380638174 
0.018125 958.380686595 
0.01825 958.380735351 
0.018375 958.380784441 
0.0185 958.380833865 
0.018625 958.380883624 
0.01875 958.380933716 
0.018875 958.380984143 
0.019 958.381034904 
0.019125 958.381085998 
0.01925 958.381137427 
0.019375 958.38118919 
0.0195 958.381241287 
0.019625 958.381293718 
0.01975 958.381346483 
0.019875 958.381399581 
0.02 958.381453014 
0.020125 958.381506781 
0.02025 958.381560881 
0.020375 958.381615316 
0.0205 958.381670084 
0.020625 958.381725186 
0.02075 958.381780622 
0.020875 958.381836392 
0.021 958.381892495 
0.021125 958.381948932 
0.02125 958.382005703 
0.021375 958.382062808 
0.0215 958.382120246 
0.021625 958.382178018 
0.02175 958.382236124 
0.021875 958.382294563 
0.022 958.382353336 
0.022125 958.382412442 
0.02225 958.382471882 
0.022375 958.382531655 
0.0225 958.382591762 
0.022625 958.382652203 
0.02275 958.382712977 
0.022875 958.382774084 
0.023 958.382835525 
0.023125 958.382897299 
0.02325 958.382959406 
0.023375 958.383021847 
0.0235 958.383084621 
0.023625 958.383147729 
0.02375 958.383211169 
0.023875 958.383274943 
0.024 958.383339051 
0.024125 958.383403491 
0.02425 958.383468265 
0.024375 958.383533371 
0.0245 958.383598811 
0.024625 958.383664584 
0.02475 958.38373069 
0.024875 958.383797129 
0.025 958.383863901 
0.025125 958.383931006 
0.02525 958.383998444 
0.025375 958.384066215 
0.0255 958.384134319 
0.025625 958.384202756 
0.02575 958.384271526 
0.025875 958.384340629 
0.026 958.384410064 
0.026125 958.384479832 
0.02625 958.384549933 
0.026375 958.384620367 
0.0265 958.384691133 
0.026625 958.384762232 
0.02675 958.384833664 
0.026875 958.384905429 
0.027 958.384977526 
0.027125 958.385049955 
0.02725 958.385122717 
0.027375 958.385195812 
0.0275 958.385269239 
0.027625 958.385342999 
0.02775 958.385417091 
0.027875 958.385491515 
0.028 958.385566272 
0.028125 958.385641361 
0.02825 958.385716783 
0.028375 958.385792537 
0.0285 958.385868623 
0.028625 958.385945041 
0.02875 958.386021792 
0.028875 958.386098875 
0.029 958.38617629 
0.029125 958.386254037 
0.02925 958.386332116 
0.029375 958.386410527 
0.0295 958.38648927 
0.029625 958.386568346 
0.02975 958.386647753 
0.029875 958.386727492 
0.03 958.386807563 
0.030125 958.386887966 
0.03025 958.386968701 
0.030375 958.387049768 
0.0305 958.387131166 
0.030625 958.387212897 
0.03075 958.387294959 
0.030875 958.387377352 
0.031 958.387460078 
0.031125 958.387543135 
0.03125 958.387626523 
0.031375 958.387710244 
0.0315 958.387794295 
0.031625 958.387878679 
0.03175 958.387963393 
0.031875 958.38804844 
0.032 958.388133817 
0.032125 958.388219526 
0.03225 958.388305567 
0.032375 958.388391938 
0.0325 958.388478641 
0.032625 958.388565676 
0.03275 958.388653041 
0.032875 958.388740738 
0.033 958.388828765 
0.033125 958.388917124 
0.03325 958.389005814 
0.033375 958.389094836 
0.0335 958.389184188 
0.033625 958.389273871 
0.03375 958.389363885 
0.033875 958.38945423 
0.034 958.389544906 
0.034125 958.389635912 
0.03425 958.38972725 
0.034375 958.389818918 
0.0345 958.389910917 
0.034625 958.390003247 
0.03475 958.390095908 
0.034875 958.390188899 
0.035 958.390282221 
0.035125 958.390375873 
0.03525 958.390469856 
0.035375 958.390564169 
0.0355 958.390658813 
0.035625 958.390753787 
0.03575 958.390849092 
0.035875 958.390944727 
0.036 958.391040692 
0.036125 958.391136988 
0.03625 958.391233614 
0.036375 958.39133057 
0.0365 958.391427856 
0.036625 958.391525473 
0.03675 958.391623419 
0.036875 958.391721696 
0.037 958.391820303 
0.037125 958.391919239 
0.03725 958.392018506 
0.037375 958.392118102 
0.0375 958.392218029 
0.037625 958.392318285 
0.03775 958.392418871 
0.037875 958.392519787 
0.038 958.392621032 
0.038125 958.392722608 
0.03825 958.392824513 
0.038375 958.392926747 
0.0385 958.393029311 
0.038625 958.393132205 
0.03875 958.393235428 
0.038875 958.393338981 
0.039 958.393442863 
0.039125 958.393547074 
0.03925 958.393651615 
0.039375 958.393756485 
0.0395 958.393861684 
0.039625 958.393967213 
0.03975 958.39407307 
0.039875 958.394179257 
0.04 958.394285773 
0.040125 958.394392618 
0.04025 958.394499792 
0.040375 958.394607295 
0.0405 958.394715127 
0.040625 958.394823288 
0.04075 958.394931778 
0.040875 958.395040596 
0.041 958.395149744 
0.041125 958.39525922 
0.04125 958.395369025 
0.041375 958.395479158 
0.0415 958.39558962 
0.041625 958.395700411 
0.04175 958.39581153 
0.041875 958.395922978 
0.042 958.396034754 
0.042125 958.396146858 
0.04225 958.396259291 
0.042375 958.396372052 
0.0425 958.396485142 
0.042625 958.396598559 
0.04275 958.396712305 
0.042875 958.396826379 
0.043 958.396940781 
0.043125 958.397055511 
0.04325 958.39717057 
0.043375 958.397285956 
0.0435 958.39740167 
0.043625 958.397517712 
0.04375 958.397634082 
0.043875 958.397750779 
0.044 958.397867805 
0.044125 958.397985158 
0.04425 958.398102839 
0.044375 958.398220847 
0.0445 958.398339183 
0.044625 958.398457847 
0.04475 958.398576837 
0.044875 958.398696156 
0.045 958.398815802 
0.045125 958.398935775 
0.04525 958.399056075 
0.045375 958.399176703 
0.0455 958.399297658 
0.045625 958.39941894 
0.04575 958.39954055 
0.045875 958.399662486 
0.046 958.399784749 
0.046125 958.39990734 
0.04625 958.400030257 
0.046375 958.400153501 
0.0465 958.400277072 
0.046625 958.40040097 
0.04675 958.400525195 
0.046875 958.400649746 
0.047 958.400774624 
0.047125 958.400899829 
0.04725 958.40102536 
0.047375 958.401151218 
0.0475 958.401277402 
0.047625 958.401403912 
0.04775 958.401530749 
0.047875 958.401657913 
0.048 958.401785402 
0.048125 958.401913218 
0.04825 958.40204136 
0.048375 958.402169828 
0.0485 958.402298623 
0.048625 958.402427743 
0.04875 958.402557189 
0.048875 958.402686961 
0.049 958.402817059 
0.049125 958.402947483 
0.04925 958.403078233 
0.049375 958.403209308 
0.0495 958.40334071 
0.049625 958.403472436 
0.04975 958.403604489 
0.049875 958.403736867 
0.05 958.40386957 
0.050125 958.404002599 
0.05025 958.404135953 
0.050375 958.404269633 
0.0505 958.404403638 
0.050625 958.404537968 
0.05075 958.404672624 
0.050875 958.404807604 
0.051 958.40494291 
0.051125 958.40507854 
0.05125 958.405214496 
0.051375 958.405350777 
0.0515 958.405487382 
0.051625 958.405624313 
0.05175 958.405761568 
0.051875 958.405899147 
0.052 958.406037052 
0.052125 958.406175281 
0.05225 958.406313835 
0.052375 958.406452713 
0.0525 958.406591916 
0.052625 958.406731443 
0.05275 958.406871294 
0.052875 958.40701147 
0.053 958.40715197 
0.053125 958.407292795 
0.05325 958.407433943 
0.053375 958.407575416 
0.0535 958.407717212 
0.053625 958.407859333 
0.05375 958.408001777 
0.053875 958.408144546 
0.054 958.408287638 
0.054125 958.408431054 
0.05425 958.408574794 
0.054375 958.408718857 
0.0545 958.408863244 
0.054625 958.409007955 
0.05475 958.409152989 
0.054875 958.409298347 
0.055 958.409444028 
0.055125 958.409590032 
0.05525 958.40973636 
0.055375 958.40988301 
0.0555 958.410029985 
0.055625 958.410177282 
0.05575 958.410324902 
0.055875 958.410472845 
0.056 958.410621111 
0.056125 958.4107697 
0.05625 958.410918612 
0.056375 958.411067847 
0.0565 958.411217404 
0.056625 958.411367285 
0.05675 958.411517487 
0.056875 958.411668013 
0.057 958.41181886 
0.057125 958.411970031 
0.05725 958.412121523 
0.057375 958.412273338 
0.0575 958.412425476 
0.057625 958.412577935 
0.05775 958.412730717 
0.057875 958.412883821 
0.058 958.413037246 
0.058125 958.413190994 
0.05825 958.413345064 
0.058375 958.413499456 
0.0585 958.413654169 
0.058625 958.413809204 
0.05875 958.413964561 
0.058875 958.414120239 
0.059 958.41427624 
0.059125 958.414432561 
0.05925 958.414589204 
0.059375 958.414746169 
0.0595 958.414903455 
0.059625 958.415061062 
0.05975 958.41521899 
0.059875 958.41537724 
0.06 958.41553581 
0.060125 958.415694702 
0.06025 958.415853914 
0.060375 958.416013448 
0.0605 958.416173303 
0.060625 958.416333478 
0.06075 958.416493974 
0.060875 958.41665479 
0.061 958.416815928 
0.061125 958.416977386 
0.06125 958.417139164 
0.061375 958.417301263 
0.0615 958.417463682 
0.061625 958.417626422 
0.06175 958.417789481 
0.061875 958.417952861 
0.062 958.418116562 
0.062125 958.418280582 
0.06225 958.418444922 
0.062375 958.418609582 
0.0625 958.418774562 
0.062625 958.418939862 
0.06275 958.419105482 
0.062875 958.419271421 
0.063 958.41943768 
0.063125 958.419604259 
0.06325 958.419771157 
0.063375 958.419938374 
0.0635 958.420105911 
0.063625 958.420273768 
0.06375 958.420441943 
0.063875 958.420610438 
0.064 958.420779252 
0.064125 958.420948385 
0.06425 958.421117837 
0.064375 958.421287608 
0.0645 958.421457697 
0.064625 958.421628106 
0.06475 958.421798833 
0.064875 958.421969879 
0.065 958.422141244 
0.065125 958.422312927 
0.06525 958.422484929 
0.065375 958.422657249 
0.0655 958.422829888 
0.065625 958.423002844 
0.06575 958.423176119 
0.065875 958.423349713 
0.066 958.423523624 
0.066125 958.423697853 
0.06625 958.423872401 
0.066375 958.424047266 
0.0665 958.424222449 
0.066625 958.42439795 
0.06675 958.424573768 
0.066875 958.424749905 
0.067 958.424926358 
0.067125 958.42510313 
0.06725 958.425280218 
0.067375 958.425457625 
0.0675 958.425635348 
0.067625 958.425813389 
0.06775 958.425991746 
0.067875 958.426170421 
0.068 958.426349413 
0.068125 958.426528722 
0.06825 958.426708348 
0.068375 958.426888291 
0.0685 958.427068551 
0.068625 958.427249127 
0.06875 958.42743002 
0.068875 958.427611229 
0.069 958.427792755 
0.069125 958.427974597 
0.06925 958.428156756 
0.069375 958.428339231 
0.0695 958.428522022 
0.069625 958.42870513 
0.06975 958.428888553 
0.069875 958.429072293 
0.07 958.429256348 
0.070125 958.429440719 
0.07025 958.429625406 
0.070375 958.429810409 
0.0705 958.429995728 
0.070625 958.430181362 
0.07075 958.430367312 
0.070875 958.430553577 
0.071 958.430740157 
0.071125 958.430927053 
0.07125 958.431114264 
0.071375 958.431301791 
0.0715 958.431489632 
0.071625 958.431677789 
0.07175 958.43186626 
0.071875 958.432055046 
0.072 958.432244148 
0.072125 958.432433563 
0.07225 958.432623294 
0.072375 958.432813339 
0.0725 958.433003699 
0.072625 958.433194373 
0.07275 958.433385362 
0.072875 958.433576665 
0.073 958.433768282 
0.073125 958.433960214 
0.07325 958.434152459 
0.073375 958.434345019 
0.0735 958.434537892 
0.073625 958.434731079 
0.07375 958.434924581 
0.073875 958.435118396 
0.074 958.435312524 
0.074125 958.435506967 
0.07425 958.435701722 
0.074375 958.435896792 
0.0745 958.436092174 
0.074625 958.43628787 
0.07475 958.436483879 
0.074875 958.436680202 
0.075 958.436876837 
0.075125 958.437073786 
0.07525 958.437271047 
0.075375 958.437468621 
0.0755 958.437666508 
0.075625 958.437864708 
0.07575 958.43806322 
0.075875 958.438262045 
0.076 958.438461183 
0.076125 958.438660633 
0.07625 958.438860395 
0.076375 958.43906047 
0.0765 958.439260856 
0.076625 958.439461555 
0.07675 958.439662566 
0.076875 958.439863889 
0.077 958.440065523 
0.077125 958.44026747 
0.07725 958.440469728 
0.077375 958.440672298 
0.0775 958.44087518 
0.077625 958.441078373 
0.07775 958.441281877 
0.077875 958.441485693 
0.078 958.44168982 
0.078125 958.441894258 
0.07825 958.442099008 
0.078375 958.442304068 
0.0785 958.44250944 
0.078625 958.442715122 
0.07875 958.442921115 
0.078875 958.443127419 
0.079 958.443334034 
0.079125 958.443540959 
0.07925 958.443748195 
0.079375 958.443955741 
0.0795 958.444163597 
0.079625 958.444371764 
0.07975 958.444580241 
0.079875 958.444789028 
0.08 958.444998125 
0.080125 958.445207532 
0.08025 958.445417249 
0.080375 958.445627276 
0.0805 958.445837613 
0.080625 958.446048259 
0.08075 958.446259215 
0.080875 958.44647048 
0.081 958.446682054 
0.081125 958.446893938 
0.08125 958.447106131 
0.081375 958.447318634 
0.0815 958.447531445 
0.081625 958.447744566 
0.08175 958.447957995 
0.081875 958.448171733 
0.082 958.44838578 
0.082125 958.448600136 
0.08225 958.4488148 
0.082375 958.449029773 
0.0825 958.449245055 
0.082625 958.449460644 
0.08275 958.449676542 
0.082875 958.449892748 
0.083 958.450109263 
0.083125 958.450326085 
0.08325 958.450543215 
0.083375 958.450760653 
0.0835 958.450978399 
0.083625 958.451196453 
0.08375 958.451414814 
0.083875 958.451633483 
0.084 958.451852459 
0.084125 958.452071743 
0.08425 958.452291334 
0.084375 958.452511232 
0.0845 958.452731438 
0.084625 958.45295195 
0.08475 958.45317277 
0.084875 958.453393896 
0.085 958.453615329 
0.085125 958.453837069 
0.08525 958.454059115 
0.085375 958.454281468 
0.0855 958.454504128 
0.085625 958.454727094 
0.08575 958.454950366 
0.085875 958.455173945 
0.086 958.455397829 
0.086125 958.45562202 
0.08625 958.455846516 
0.086375 958.456071319 
0.0865 958.456296427 
0.086625 958.456521841 
0.08675 958.456747561 
0.086875 958.456973586 
0.087 958.457199917 
0.087125 958.457426553 
0.08725 958.457653494 
0.087375 958.457880741 
0.0875 958.458108293 
0.087625 958.458336149 
0.08775 958.458564311 
0.087875 958.458792778 
0.088 958.459021549 
0.088125 958.459250625 
0.08825 958.459480006 
0.088375 958.459709691 
0.0885 958.459939681 
0.088625 958.460169975 
0.08875 958.460400573 
0.088875 958.460631475 
0.089 958.460862682 
0.089125 958.461094192 
0.08925 958.461326007 
0.089375 958.461558125 
0.0895 958.461790547 
0.089625 958.462023273 
0.08975 958.462256302 
0.089875 958.462489635 
0.09 958.462723271 
0.090125 958.462957211 
0.09025 958.463191453 
0.090375 958.463425999 
0.0905 958.463660848 
0.090625 958.463896 
0.09075 958.464131454 
0.090875 958.464367212 
0.091 958.464603272 
0.091125 958.464839635 
0.09125 958.4650763 
0.091375 958.465313268 
0.0915 958.465550538 
0.091625 958.46578811 
0.09175 958.466025985 
0.091875 958.466264161 
0.092 958.46650264 
0.092125 958.46674142 
0.09225 958.466980502 
0.092375 958.467219886 
0.0925 958.467459572 
0.092625 958.467699559 
0.09275 958.467939847 
0.092875 958.468180437 
0.093 958.468421328 
0.093125 958.468662521 
0.09325 958.468904014 
0.093375 958.469145808 
0.0935 958.469387904 
0.093625 958.4696303 
0.09375 958.469872997 
0.093875 958.470115994 
0.094 958.470359292 
0.094125 958.47060289 
0.09425 958.470846789 
0.094375 958.471090988 
0.0945 958.471335488 
0.094625 958.471580287 
0.09475 958.471825386 
0.094875 958.472070785 
0.095 958.472316484 
0.095125 958.472562483 
0.09525 958.472808781 
0.095375 958.473055379 
0.0955 958.473302277 
0.095625 958.473549473 
0.09575 958.473796969 
0.095875 958.474044764 
0.096 958.474292858 
0.096125 958.474541251 
0.09625 958.474789943 
0.096375 958.475038934 
0.0965 958.475288224 
0.096625 958.475537812 
0.09675 958.475787698 
0.096875 958.476037883 
0.097 958.476288367 
0.097125 958.476539148 
0.09725 958.476790228 
0.097375 958.477041605 
0.0975 958.477293281 
0.097625 958.477545255 
0.09775 958.477797526 
0.097875 958.478050095 
0.098 958.478302961 
0.098125 958.478556125 
0.09825 958.478809586 
0.098375 958.479063345 
0.0985 958.479317401 
0.098625 958.479571754 
0.09875 958.479826404 
0.098875 958.48008135 
0.099 958.480336594 
0.099125 958.480592134 
0.09925 958.480847971 
0.099375 958.481104105 
0.0995 958.481360534 
0.099625 958.481617261 
0.09975 958.481874283 
0.099875 958.482131602 
0.1 958.482389216 
0.100125 958.482647127 
0.10025 958.482905333 
0.100375 958.483163835 
0.1005 958.483422633 
0.100625 958.483681726 
0.10075 958.483941115 
0.100875 958.484200799 
0.101 958.484460779 
0.101125 958.484721053 
0.10125 958.484981623 
0.101375 958.485242488 
0.1015 958.485503647 
0.101625 958.485765101 
0.10175 958.48602685 
0.101875 958.486288894 
0.102 958.486551232 
0.102125 958.486813864 
0.10225 958.487076791 
0.102375 958.487340012 
0.1025 958.487603527 
0.102625 958.487867336 
0.10275 958.488131439 
0.102875 958.488395835 
0.103 958.488660526 
0.103125 958.48892551 
0.10325 958.489190787 
0.103375 958.489456358 
0.1035 958.489722222 
0.103625 958.489988379 
0.10375 958.49025483 
0.103875 958.490521573 
0.104 958.490788609 
0.104125 958.491055939 
0.10425 958.49132356 
0.104375 958.491591475 
0.1045 958.491859682 
0.104625 958.492128181 
0.10475 958.492396973 
0.104875 958.492666057 
0.105 958.492935432 
0.105125 958.4932051 
0.10525 958.49347506 
0.105375 958.493745312 
0.1055 958.494015855 
0.105625 958.49428669 
0.10575 958.494557816 
0.105875 958.494829234 
0.106 958.495100943 
0.106125 958.495372944 
0.10625 958.495645235 
0.106375 958.495917817 
0.1065 958.496190691 
0.106625 958.496463855 
0.10675 958.496737309 
0.106875 958.497011054 
0.107 958.49728509 
0.107125 958.497559416 
0.10725 958.497834033 
0.107375 958.498108939 
0.1075 958.498384136 
0.107625 958.498659622 
0.10775 958.498935399 
0.107875 958.499211465 
0.108 958.499487821 
0.108125 958.499764466 
0.10825 958.500041401 
0.108375 958.500318625 
0.1085 958.500596139 
0.108625 958.500873941 
0.10875 958.501152033 
0.108875 958.501430413 
0.109 958.501709083 
0.109125 958.501988041 
0.10925 958.502267287 
0.109375 958.502546822 
0.1095 958.502826646 
0.109625 958.503106758 
0.10975 958.503387158 
0.109875 958.503667846 
0.11 958.503948822 
0.110125 958.504230086 
0.11025 958.504511638 
0.110375 958.504793478 
0.1105 958.505075605 
0.110625 958.505358019 
0.11075 958.505640721 
0.110875 958.50592371 
0.111 958.506206987 
0.111125 958.50649055 
0.11125 958.5067744 
0.111375 958.507058537 
0.1115 958.507342961 
0.111625 958.507627672 
0.11175 958.507912668 
0.111875 958.508197952 
0.112 958.508483521 
0.112125 958.508769377 
0.11225 958.509055519 
0.112375 958.509341947 
0.1125 958.509628661 
0.112625 958.50991566 
0.11275 958.510202945 
0.112875 958.510490516 
0.113 958.510778372 
0.113125 958.511066514 
0.11325 958.511354941 
0.113375 958.511643652 
0.1135 958.511932649 
0.113625 958.512221931 
0.11375 958.512511498 
0.113875 958.512801349 
0.114 958.513091485 
0.114125 958.513381905 
0.11425 958.51367261 
0.114375 958.513963598 
0.1145 958.514254871 
0.114625 958.514546429 
0.11475 958.51483827 
0.114875 958.515130394 
0.115 958.515422803 
0.115125 958.515715495 
0.11525 958.516008471 
0.115375 958.51630173 
0.1155 958.516595272 
0.115625 958.516889098 
0.11575 958.517183206 
0.115875 958.517477598 
0.116 958.517772272 
0.116125 958.518067229 
0.11625 958.518362468 
0.116375 958.518657991 
0.1165 958.518953795 
0.116625 958.519249882 
0.11675 958.519546251 
0.116875 958.519842902 
0.117 958.520139835 
0.117125 958.52043705 
0.11725 958.520734547 
0.117375 958.521032325 
0.1175 958.521330384 
0.117625 958.521628726 
0.11775 958.521927348 
0.117875 958.522226252 
0.118 958.522525436 
0.118125 958.522824902 
0.11825 958.523124648 
0.118375 958.523424675 
0.1185 958.523724983 
0.118625 958.524025572 
0.11875 958.52432644 
0.118875 958.524627589 
0.119 958.524929018 
0.119125 958.525230728 
0.11925 958.525532717 
0.119375 958.525834986 
0.1195 958.526137534 
0.119625 958.526440363 
0.11975 958.526743471 
0.119875 958.527046858 
0.12 958.527350524 
0.120125 958.52765447 
0.12025 958.527958695 
0.120375 958.528263198 
0.1205 958.528567981 
0.120625 958.528873042 
0.12075 958.529178381 
0.120875 958.529484 
0.121 958.529789896 
0.121125 958.530096071 
0.12125 958.530402524 
0.121375 958.530709255 
0.1215 958.531016264 
0.121625 958.53132355 
0.12175 958.531631115 
0.121875 958.531938957 
0.122 958.532247076 
0.122125 958.532555472 
0.12225 958.532864146 
0.122375 958.533173097 
0.1225 958.533482325 
0.122625 958.53379183 
0.12275 958.534101612 
0.122875 958.53441167 
0.123 958.534722005 
0.123125 958.535032616 
0.12325 958.535343503 
0.123375 958.535654667 
0.1235 958.535966107 
0.123625 958.536277823 
0.12375 958.536589814 
0.123875 958.536902081 
0.124 958.537214624 
0.124125 958.537527442 
0.12425 958.537840536 
0.124375 958.538153905 
0.1245 958.538467549 
0.124625 958.538781468 
0.12475 958.539095662 
0.124875 958.539410131 
0.125 958.539724874 
0.125125 958.540039892 
0.12525 958.540355185 
0.125375 958.540670752 
0.1255 958.540986593 
0.125625 958.541302708 
0.12575 958.541619097 
0.125875 958.541935759 
0.126 958.542252696 
0.126125 958.542569906 
0.12625 958.54288739 
0.126375 958.543205147 
0.1265 958.543523177 
0.126625 958.543841481 
0.12675 958.544160057 
0.126875 958.544478906 
0.127 958.544798029 
0.127125 958.545117423 
0.12725 958.545437091 
0.127375 958.54575703 
0.1275 958.546077243 
0.127625 958.546397727 
0.12775 958.546718483 
0.127875 958.547039511 
0.128 958.547360812 
0.128125 958.547682383 
0.12825 958.548004227 
0.128375 958.548326342 
0.1285 958.548648728 
0.128625 958.548971386 
0.12875 958.549294314 
0.128875 958.549617514 
0.129 958.549940984 
0.129125 958.550264725 
0.12925 958.550588737 
0.129375 958.55091302 
0.1295 958.551237572 
0.129625 958.551562395 
0.12975 958.551887489 
0.129875 958.552212852 
0.13 958.552538485 
0.130125 958.552864388 
0.13025 958.55319056 
0.130375 958.553517003 
0.1305 958.553843714 
0.130625 958.554170695 
0.13075 958.554497945 
0.130875 958.554825464 
0.131 958.555153252 
0.131125 958.555481309 
0.13125 958.555809635 
0.131375 958.556138229 
0.1315 958.556467091 
0.131625 958.556796222 
0.13175 958.557125621 
0.131875 958.557455288 
0.132 958.557785224 
0.132125 958.558115427 
0.13225 958.558445897 
0.132375 958.558776636 
0.1325 958.559107641 
0.132625 958.559438915 
0.13275 958.559770455 
0.132875 958.560102262 
0.133 958.560434337 
0.133125 958.560766678 
0.13325 958.561099286 
0.133375 958.561432161 
0.1335 958.561765302 
0.133625 958.562098709 
0.13375 958.562432383 
0.133875 958.562766323 
0.134 958.563100529 
0.134125 958.563435001 
0.13425 958.563769738 
0.134375 958.564104741 
0.1345 958.56444001 
0.134625 958.564775544 
0.13475 958.565111343 
0.134875 958.565447407 
0.135 958.565783736 
0.135125 958.56612033 
0.13525 958.566457189 
0.135375 958.566794313 
0.1355 958.567131701 
0.135625 958.567469353 
0.13575 958.56780727 
0.135875 958.568145451 
0.136 958.568483896 
0.136125 958.568822604 
0.13625 958.569161577 
0.136375 958.569500813 
0.1365 958.569840312 
0.136625 958.570180075 
0.13675 958.570520101 
0.136875 958.57086039 
0.137 958.571200943 
0.137125 958.571541758 
0.13725 958.571882836 
0.137375 958.572224176 
0.1375 958.572565779 
0.137625 958.572907644 
0.13775 958.573249772 
0.137875 958.573592161 
0.138 958.573934813 
0.138125 958.574277726 
0.13825 958.574620902 
0.138375 958.574964338 
0.1385 958.575308037 
0.138625 958.575651996 
0.13875 958.575996217 
0.138875 958.576340699 
0.139 958.576685442 
0.139125 958.577030445 
0.13925 958.57737571 
0.139375 958.577721235 
0.1395 958.57806702 
0.139625 958.578413066 
0.13975 958.578759372 
0.139875 958.579105938 
0.14 958.579452763 
0.140125 958.579799849 
0.14025 958.580147195 
0.140375 958.580494799 
0.1405 958.580842664 
0.140625 958.581190787 
0.14075 958.58153917 
0.140875 958.581887812 
0.141 958.582236713 
0.141125 958.582585872 
0.14125 958.582935291 
0.141375 958.583284967 
0.1415 958.583634902 
0.141625 958.583985096 
0.14175 958.584335547 
0.141875 958.584686257 
0.142 958.585037224 
0.142125 958.585388449 
0.14225 958.585739932 
0.142375 958.586091672 
0.1425 958.586443669 
0.142625 958.586795924 
0.14275 958.587148436 
0.142875 958.587501205 
0.143 958.58785423 
0.143125 958.588207513 
0.14325 958.588561052 
0.143375 958.588914847 
0.1435 958.589268898 
0.143625 958.589623206 
0.14375 958.58997777 
0.143875 958.59033259 
0.144 958.590687665 
0.144125 958.591042996 
0.14425 958.591398583 
0.144375 958.591754425 
0.1445 958.592110523 
0.144625 958.592466875 
0.14475 958.592823482 
0.144875 958.593180345 
0.145 958.593537462 
0.145125 958.593894833 
0.14525 958.594252459 
0.145375 958.59461034 
0.1455 958.594968474 
0.145625 958.595326863 
0.14575 958.595685506 
0.145875 958.596044402 
0.146 958.596403552 
0.146125 958.596762956 
0.14625 958.597122613 
0.146375 958.597482523 
0.1465 958.597842687 
0.146625 958.598203103 
0.14675 958.598563772 
0.146875 958.598924694 
0.147 958.599285869 
0.147125 958.599647296 
0.14725 958.600008976 
0.147375 958.600370907 
0.1475 958.600733091 
0.147625 958.601095527 
0.14775 958.601458214 
0.147875 958.601821153 
0.148 958.602184344 
0.148125 958.602547786 
0.14825 958.602911479 
0.148375 958.603275424 
0.1485 958.603639619 
0.148625 958.604004065 
0.14875 958.604368762 
0.148875 958.60473371 
0.149 958.605098908 
0.149125 958.605464357 
0.14925 958.605830055 
0.149375 958.606196004 
0.1495 958.606562202 
0.149625 958.606928651 
0.14975 958.607295349 
0.149875 958.607662296 
0.15 958.608029493 
0.150125 958.608396939 
0.15025 958.608764635 
0.150375 958.609132579 
0.1505 958.609500772 
0.150625 958.609869214 
0.15075 958.610237904 
0.150875 958.610606843 
0.151 958.61097603 
0.151125 958.611345465 
0.15125 958.611715148 
0.151375 958.612085079 
0.1515 958.612455258 
0.151625 958.612825684 
0.15175 958.613196358 
0.151875 958.613567279 
0.152 958.613938448 
0.152125 958.614309863 
0.15225 958.614681526 
0.152375 958.615053435 
0.1525 958.615425591 
0.152625 958.615797993 
0.15275 958.616170642 
0.152875 958.616543537 
0.153 958.616916678 
0.153125 958.617290065 
0.15325 958.617663698 
0.153375 958.618037577 
0.1535 958.618411701 
0.153625 958.61878607 
0.15375 958.619160685 
0.153875 958.619535545 
0.154 958.61991065 
0.154125 958.620286 
0.15425 958.620661594 
0.154375 958.621037433 
0.1545 958.621413517 
0.154625 958.621789844 
0.15475 958.622166416 
0.154875 958.622543232 
0.155 958.622920292 
0.155125 958.623297596 
0.15525 958.623675143 
0.155375 958.624052934 
0.1555 958.624430968 
0.155625 958.624809245 
0.15575 958.625187766 
0.155875 958.625566529 
0.156 958.625945535 
0.156125 958.626324784 
0.15625 958.626704275 
0.156375 958.627084008 
0.1565 958.627463984 
0.156625 958.627844202 
0.15675 958.628224661 
0.156875 958.628605363 
0.157 958.628986306 
0.157125 958.629367491 
0.15725 958.629748917 
0.157375 958.630130584 
0.1575 958.630512492 
0.157625 958.630894642 
0.15775 958.631277032 
0.157875 958.631659663 
0.158 958.632042534 
0.158125 958.632425646 
0.15825 958.632808998 
0.158375 958.63319259 
0.1585 958.633576422 
0.158625 958.633960494 
0.15875 958.634344806 
0.158875 958.634729357 
0.159 958.635114147 
0.159125 958.635499177 
0.15925 958.635884446 
0.159375 958.636269954 
0.1595 958.6366557 
0.159625 958.637041686 
0.15975 958.63742791 
0.159875 958.637814372 
0.16 958.638201073 
0.160125 958.638588011 
0.16025 958.638975188 
0.160375 958.639362603 
0.1605 958.639750255 
0.160625 958.640138145 
0.16075 958.640526272 
0.160875 958.640914636 
0.161 958.641303238 
0.161125 958.641692077 
0.16125 958.642081152 
0.161375 958.642470464 
0.1615 958.642860013 
0.161625 958.643249798 
0.16175 958.643639819 
0.161875 958.644030077 
0.162 958.64442057 
0.162125 958.6448113 
0.16225 958.645202265 
0.162375 958.645593465 
0.1625 958.645984901 
0.162625 958.646376572 
0.16275 958.646768479 
0.162875 958.64716062 
0.163 958.647552996 
0.163125 958.647945607 
0.16325 958.648338452 
0.163375 958.648731532 
0.1635 958.649124846 
0.163625 958.649518394 
0.16375 958.649912176 
0.163875 958.650306192 
0.164 958.650700442 
0.164125 958.651094925 
0.16425 958.651489641 
0.164375 958.651884591 
0.1645 958.652279774 
0.164625 958.65267519 
0.16475 958.653070838 
0.164875 958.653466719 
0.165 958.653862833 
0.165125 958.654259179 
0.16525 958.654655758 
0.165375 958.655052568 
0.1655 958.65544961 
0.165625 958.655846884 
0.16575 958.65624439 
0.165875 958.656642127 
0.166 958.657040096 
0.166125 958.657438296 
0.16625 958.657836727 
0.166375 958.658235388 
0.1665 958.658634281 
0.166625 958.659033404 
0.16675 958.659432758 
0.166875 958.659832342 
0.167 958.660232156 
0.167125 958.6606322 
0.16725 958.661032474 
0.167375 958.661432978 
0.1675 958.661833711 
0.167625 958.662234674 
0.16775 958.662635866 
0.167875 958.663037287 
0.168 958.663438937 
0.168125 958.663840816 
0.16825 958.664242924 
0.168375 958.664645261 
0.1685 958.665047825 
0.168625 958.665450618 
0.16875 958.665853639 
0.168875 958.666256889 
0.169 958.666660366 
0.169125 958.66706407 
0.16925 958.667468002 
0.169375 958.667872162 
0.1695 958.668276548 
0.169625 958.668681162 
0.16975 958.669086003 
0.169875 958.669491071 
0.17 958.669896365 
0.170125 958.670301885 
0.17025 958.670707632 
0.170375 958.671113605 
0.1705 958.671519805 
0.170625 958.67192623 
0.17075 958.672332881 
0.170875 958.672739757 
0.171 958.673146859 
0.171125 958.673554186 
0.17125 958.673961738 
0.171375 958.674369516 
0.1715 958.674777518 
0.171625 958.675185745 
0.17175 958.675594196 
0.171875 958.676002872 
0.172 958.676411772 
0.172125 958.676820896 
0.17225 958.677230244 
0.172375 958.677639816 
0.1725 958.678049612 
0.172625 958.678459631 
0.17275 958.678869873 
0.172875 958.679280339 
0.173 958.679691027 
0.173125 958.680101939 
0.17325 958.680513073 
0.173375 958.68092443 
0.1735 958.681336009 
0.173625 958.681747811 
0.17375 958.682159835 
0.173875 958.68257208 
0.174 958.682984548 
0.174125 958.683397237 
0.17425 958.683810148 
0.174375 958.68422328 
0.1745 958.684636634 
0.174625 958.685050209 
0.17475 958.685464004 
0.174875 958.68587802 
0.175 958.686292257 
0.175125 958.686706715 
0.17525 958.687121392 
0.175375 958.68753629 
0.1755 958.687951408 
0.175625 958.688366746 
0.17575 958.688782304 
0.175875 958.689198081 
0.176 958.689614077 
0.176125 958.690030293 
0.17625 958.690446728 
0.176375 958.690863382 
0.1765 958.691280254 
0.176625 958.691697346 
0.17675 958.692114656 
0.176875 958.692532184 
0.177 958.69294993 
0.177125 958.693367895 
0.17725 958.693786077 
0.177375 958.694204477 
0.1775 958.694623095 
0.177625 958.69504193 
0.17775 958.695460982 
0.177875 958.695880252 
0.178 958.696299738 
0.178125 958.696719442 
0.17825 958.697139362 
0.178375 958.697559498 
0.1785 958.697979851 
0.178625 958.69840042 
0.17875 958.698821205 
0.178875 958.699242207 
0.179 958.699663423 
0.179125 958.700084856 
0.17925 958.700506504 
0.179375 958.700928367 
0.1795 958.701350445 
0.179625 958.701772738 
0.17975 958.702195246 
0.179875 958.702617969 
0.18 958.703040906 
0.180125 958.703464058 
0.18025 958.703887424 
0.180375 958.704311004 
0.1805 958.704734797 
0.180625 958.705158805 
0.18075 958.705583026 
0.180875 958.706007461 
0.181 958.706432109 
0.181125 958.706856969 
0.18125 958.707282043 
0.181375 958.70770733 
0.1815 958.70813283 
0.181625 958.708558541 
0.18175 958.708984466 
0.181875 958.709410602 
0.182 958.709836951 
0.182125 958.710263511 
0.18225 958.710690283 
0.182375 958.711117267 
0.1825 958.711544462 
0.182625 958.711971868 
0.18275 958.712399486 
0.182875 958.712827314 
0.183 958.713255353 
0.183125 958.713683603 
0.18325 958.714112063 
0.183375 958.714540734 
0.1835 958.714969615 
0.183625 958.715398706 
0.18375 958.715828006 
0.183875 958.716257517 
0.184 958.716687237 
0.184125 958.717117166 
0.18425 958.717547304 
0.184375 958.717977652 
0.1845 958.718408208 
0.184625 958.718838974 
0.18475 958.719269948 
0.184875 958.71970113 
0.185 958.72013252 
0.185125 958.720564119 
0.18525 958.720995926 
0.185375 958.72142794 
0.1855 958.721860163 
0.185625 958.722292592 
0.18575 958.722725229 
0.185875 958.723158073 
0.186 958.723591125 
0.186125 958.724024383 
0.18625 958.724457848 
0.186375 958.724891519 
0.1865 958.725325397 
0.186625 958.725759481 
0.18675 958.726193771 
0.186875 958.726628267 
0.187 958.727062968 
0.187125 958.727497876 
0.18725 958.727932989 
0.187375 958.728368307 
0.1875 958.72880383 
0.187625 958.729239558 
0.18775 958.729675491 
0.187875 958.730111629 
0.188 958.730547971 
0.188125 958.730984518 
0.18825 958.731421268 
0.188375 958.731858223 
0.1885 958.732295382 
0.188625 958.732732744 
0.18875 958.73317031 
0.188875 958.733608079 
0.189 958.734046051 
0.189125 958.734484227 
0.18925 958.734922605 
0.189375 958.735361186 
0.1895 958.73579997 
0.189625 958.736238956 
0.18975 958.736678145 
0.189875 958.737117535 
0.19 958.737557128 
0.190125 958.737996922 
0.19025 958.738436918 
0.190375 958.738877115 
0.1905 958.739317514 
0.190625 958.739758114 
0.19075 958.740198915 
0.190875 958.740639916 
0.191 958.741081119 
0.191125 958.741522521 
0.19125 958.741964125 
0.191375 958.742405928 
0.1915 958.742847931 
0.191625 958.743290135 
0.19175 958.743732537 
0.191875 958.74417514 
0.192 958.744617942 
0.192125 958.745060943 
0.19225 958.745504143 
0.192375 958.745947542 
0.1925 958.74639114 
0.192625 958.746834936 
0.19275 958.747278931 
0.192875 958.747723124 
0.193 958.748167515 
0.193125 958.748612105 
0.19325 958.749056891 
0.193375 958.749501876 
0.1935 958.749947058 
0.193625 958.750392437 
0.19375 958.750838013 
0.193875 958.751283787 
0.194 958.751729757 
0.194125 958.752175924 
0.19425 958.752622287 
0.194375 958.753068846 
0.1945 958.753515602 
0.194625 958.753962554 
0.19475 958.754409701 
0.194875 958.754857045 
0.195 958.755304583 
0.195125 958.755752317 
0.19525 958.756200247 
0.195375 958.756648371 
0.1955 958.75709669 
0.195625 958.757545204 
0.19575 958.757993912 
0.195875 958.758442815 
0.196 958.758891912 
0.196125 958.759341203 
0.19625 958.759790688 
0.196375 958.760240366 
0.1965 958.760690238 
0.196625 958.761140304 
0.19675 958.761590563 
0.196875 958.762041014 
0.197 958.762491659 
0.197125 958.762942496 
0.19725 958.763393526 
0.197375 958.763844749 
0.1975 958.764296164 
0.197625 958.76474777 
0.19775 958.765199569 
0.197875 958.76565156 
0.198 958.766103742 
0.198125 958.766556115 
0.19825 958.76700868 
0.198375 958.767461436 
0.1985 958.767914382 
0.198625 958.76836752 
0.19875 958.768820848 
0.198875 958.769274367 
0.199 958.769728076 
0.199125 958.770181975 
0.19925 958.770636064 
0.199375 958.771090342 
0.1995 958.771544811 
0.199625 958.771999469 
0.19975 958.772454316 
0.199875 958.772909352 
0.2 958.773364577 
0.200125 958.773819991 
0.20025 958.774275594 
0.200375 958.774731385 
0.2005 958.775187364 
0.200625 958.775643532 
0.20075 958.776099888 
0.200875 958.776556431 
0.201 958.777013162 
0.201125 958.77747008 
0.20125 958.777927186 
0.201375 958.778384479 
0.2015 958.778841959 
0.201625 958.779299626 
0.20175 958.779757479 
0.201875 958.780215519 
0.202 958.780673746 
0.202125 958.781132158 
0.20225 958.781590756 
0.202375 958.782049541 
0.2025 958.78250851 
0.202625 958.782967666 
0.20275 958.783427007 
0.202875 958.783886532 
0.203 958.784346243 
0.203125 958.784806139 
0.20325 958.785266219 
0.203375 958.785726484 
0.2035 958.786186933 
0.203625 958.786647567 
0.20375 958.787108384 
0.203875 958.787569385 
0.204 958.78803057 
0.204125 958.788491938 
0.20425 958.78895349 
0.204375 958.789415225 
0.2045 958.789877143 
0.204625 958.790339243 
0.20475 958.790801527 
0.204875 958.791263993 
0.205 958.791726641 
0.205125 958.792189471 
0.20525 958.792652484 
0.205375 958.793115678 
0.2055 958.793579054 
0.205625 958.794042611 
0.20575 958.794506349 
0.205875 958.794970269 
0.206 958.79543437 
0.206125 958.795898652 
0.20625 958.796363114 
0.206375 958.796827757 
0.2065 958.79729258 
0.206625 958.797757583 
0.20675 958.798222766 
0.206875 958.798688129 
0.207 958.799153672 
0.207125 958.799619394 
0.20725 958.800085296 
0.207375 958.800551377 
0.2075 958.801017636 
0.207625 958.801484075 
0.20775 958.801950692 
0.207875 958.802417487 
0.208 958.802884461 
0.208125 958.803351613 
0.20825 958.803818943 
0.208375 958.804286451 
0.2085 958.804754136 
0.208625 958.805221999 
0.20875 958.80569004 
0.208875 958.806158257 
0.209 958.806626651 
0.209125 958.807095222 
0.20925 958.80756397 
0.209375 958.808032894 
0.2095 958.808501994 
0.209625 958.808971271 
0.20975 958.809440724 
0.209875 958.809910352 
0.21 958.810380156 
0.210125 958.810850135 
0.21025 958.81132029 
0.210375 958.811790619 
0.2105 958.812261124 
0.210625 958.812731803 
0.21075 958.813202657 
0.210875 958.813673686 
0.211 958.814144888 
0.211125 958.814616265 
0.21125 958.815087815 
0.211375 958.81555954 
0.2115 958.816031438 
0.211625 958.816503509 
0.21175 958.816975754 
0.211875 958.817448171 
0.212 958.817920762 
0.212125 958.818393525 
0.21225 958.818866461 
0.212375 958.819339569 
0.2125 958.81981285 
0.212625 958.820286302 
0.21275 958.820759926 
0.212875 958.821233722 
0.213 958.82170769 
0.213125 958.822181829 
0.21325 958.822656139 
0.213375 958.82313062 
0.2135 958.823605272 
0.213625 958.824080095 
0.21375 958.824555088 
0.213875 958.825030251 
0.214 958.825505585 
0.214125 958.825981089 
0.21425 958.826456762 
0.214375 958.826932605 
0.2145 958.827408618 
0.214625 958.8278848 
0.21475 958.828361151 
0.214875 958.828837671 
0.215 958.82931436 
0.215125 958.829791217 
0.21525 958.830268243 
0.215375 958.830745437 
0.2155 958.8312228 
0.215625 958.83170033 
0.21575 958.832178028 
0.215875 958.832655894 
0.216 958.833133927 
0.216125 958.833612127 
0.21625 958.834090494 
0.216375 958.834569029 
0.2165 958.83504773 
0.216625 958.835526597 
0.21675 958.836005631 
0.216875 958.836484831 
0.217 958.836964198 
0.217125 958.83744373 
0.21725 958.837923428 
0.217375 958.838403291 
0.2175 958.83888332 
0.217625 958.839363514 
0.21775 958.839843873 
0.217875 958.840324397 
0.218 958.840805085 
0.218125 958.841285938 
0.21825 958.841766955 
0.218375 958.842248137 
0.2185 958.842729482 
0.218625 958.843210992 
0.21875 958.843692665 
0.218875 958.844174501 
0.219 958.844656501 
0.219125 958.845138663 
0.21925 958.845620989 
0.219375 958.846103478 
0.2195 958.846586129 
0.219625 958.847068942 
0.21975 958.847551918 
0.219875 958.848035056 
0.22 958.848518356 
0.220125 958.849001817 
0.22025 958.849485441 
0.220375 958.849969225 
0.2205 958.850453171 
0.220625 958.850937277 
0.22075 958.851421545 
0.220875 958.851905973 
0.221 958.852390562 
0.221125 958.852875311 
0.22125 958.853360221 
0.221375 958.85384529 
0.2215 958.854330519 
0.221625 958.854815908 
0.22175 958.855301456 
0.221875 958.855787164 
0.222 958.856273031 
0.222125 958.856759056 
0.22225 958.857245241 
0.222375 958.857731584 
0.2225 958.858218086 
0.222625 958.858704745 
0.22275 958.859191563 
0.222875 958.859678539 
0.223 958.860165673 
0.223125 958.860652964 
0.22325 958.861140412 
0.223375 958.861628018 
0.2235 958.862115781 
0.223625 958.8626037 
0.22375 958.863091777 
0.223875 958.86358001 
0.224 958.864068399 
0.224125 958.864556944 
0.22425 958.865045645 
0.224375 958.865534503 
0.2245 958.866023515 
0.224625 958.866512684 
0.22475 958.867002007 
0.224875 958.867491486 
0.225 958.86798112 
0.225125 958.868470908 
0.22525 958.868960851 
0.225375 958.869450949 
0.2255 958.8699412 
0.225625 958.870431606 
0.22575 958.870922166 
0.225875 958.871412879 
0.226 958.871903746 
0.226125 958.872394766 
0.22625 958.87288594 
0.226375 958.873377266 
0.2265 958.873868745 
0.226625 958.874360377 
0.22675 958.874852162 
0.226875 958.875344099 
0.227 958.875836188 
0.227125 958.876328429 
0.22725 958.876820821 
0.227375 958.877313366 
0.2275 958.877806061 
0.227625 958.878298908 
0.22775 958.878791906 
0.227875 958.879285055 
0.228 958.879778355 
0.228125 958.880271805 
0.22825 958.880765406 
0.228375 958.881259157 
0.2285 958.881753058 
0.228625 958.882247109 
0.22875 958.882741309 
0.228875 958.883235659 
0.229 958.883730158 
0.229125 958.884224807 
0.22925 958.884719604 
0.229375 958.88521455 
0.2295 958.885709645 
0.229625 958.886204888 
0.22975 958.88670028 
0.229875 958.887195819 
0.23 958.887691507 
0.230125 958.888187342 
0.23025 958.888683325 
0.230375 958.889179455 
0.2305 958.889675733 
0.230625 958.890172157 
0.23075 958.890668728 
0.230875 958.891165446 
0.231 958.891662311 
0.231125 958.892159321 
0.23125 958.892656478 
0.231375 958.893153781 
0.2315 958.89365123 
0.231625 958.894148824 
0.23175 958.894646564 
0.231875 958.895144449 
0.232 958.895642479 
0.232125 958.896140654 
0.23225 958.896638973 
0.232375 958.897137437 
0.2325 958.897636046 
0.232625 958.898134799 
0.23275 958.898633696 
0.232875 958.899132736 
0.233 958.899631921 
0.233125 958.900131248 
0.23325 958.900630719 
0.233375 958.901130334 
0.2335 958.901630091 
0.233625 958.902129991 
0.23375 958.902630033 
0.233875 958.903130218 
0.234 958.903630545 
0.234125 958.904131014 
0.23425 958.904631626 
0.234375 958.905132378 
0.2345 958.905633273 
0.234625 958.906134308 
0.23475 958.906635485 
0.234875 958.907136803 
0.235 958.907638262 
0.235125 958.908139861 
0.23525 958.908641601 
0.235375 958.909143481 
0.2355 958.909645501 
0.235625 958.910147661 
0.23575 958.910649961 
0.235875 958.9111524 
0.236 958.911654979 
0.236125 958.912157697 
0.23625 958.912660554 
0.236375 958.91316355 
0.2365 958.913666684 
0.236625 958.914169957 
0.23675 958.914673369 
0.236875 958.915176918 
0.237 958.915680605 
0.237125 958.916184431 
0.23725 958.916688393 
0.237375 958.917192494 
0.2375 958.917696731 
0.237625 958.918201106 
0.23775 958.918705617 
0.237875 958.919210265 
0.238 958.91971505 
0.238125 958.920219971 
0.23825 958.920725028 
0.238375 958.921230221 
0.2385 958.92173555 
0.238625 958.922241014 
0.23875 958.922746614 
0.238875 958.92325235 
0.239 958.92375822 
0.239125 958.924264225 
0.23925 958.924770365 
0.239375 958.92527664 
0.2395 958.925783049 
0.239625 958.926289592 
0.23975 958.926796269 
0.239875 958.92730308 
0.24 958.927810025 
0.240125 958.928317103 
0.24025 958.928824314 
0.240375 958.929331659 
0.2405 958.929839136 
0.240625 958.930346746 
0.24075 958.930854489 
0.240875 958.931362364 
0.241 958.931870372 
0.241125 958.932378511 
0.24125 958.932886782 
0.241375 958.933395185 
0.2415 958.93390372 
0.241625 958.934412385 
0.24175 958.934921182 
0.241875 958.93543011 
0.242 958.935939169 
0.242125 958.936448358 
0.24225 958.936957678 
0.242375 958.937467128 
0.2425 958.937976708 
0.242625 958.938486417 
0.24275 958.938996257 
0.242875 958.939506226 
0.243 958.940016324 
0.243125 958.940526552 
0.24325 958.941036908 
0.243375 958.941547394 
0.2435 958.942058007 
0.243625 958.94256875 
0.24375 958.94307962 
0.243875 958.943590619 
0.244 958.944101745 
0.244125 958.944613 
0.24425 958.945124381 
0.244375 958.94563589 
0.2445 958.946147527 
0.244625 958.94665929 
0.24475 958.94717118 
0.244875 958.947683197 
0.245 958.94819534 
0.245125 958.948707609 
0.24525 958.949220005 
0.245375 958.949732526 
0.2455 958.950245173 
0.245625 958.950757946 
0.24575 958.951270843 
0.245875 958.951783867 
0.246 958.952297015 
0.246125 958.952810288 
0.24625 958.953323685 
0.246375 958.953837207 
0.2465 958.954350853 
0.246625 958.954864624 
0.24675 958.955378518 
0.246875 958.955892536 
0.247 958.956406678 
0.247125 958.956920942 
0.24725 958.95743533 
0.247375 958.957949842 
0.2475 958.958464475 
0.247625 958.958979232 
0.24775 958.959494111 
0.247875 958.960009112 
0.248 958.960524235 
0.248125 958.961039481 
0.24825 958.961554848 
0.248375 958.962070336 
0.2485 958.962585946 
0.248625 958.963101677 
0.24875 958.963617529 
0.248875 958.964133502 
0.249 958.964649595 
0.249125 958.965165809 
0.24925 958.965682143 
0.249375 958.966198598 
0.2495 958.966715172 
0.249625 958.967231866 
0.24975 958.967748679 
0.249875 958.968265612 
0.25 958.968782664 
0.250125 958.969299835 
0.25025 958.969817125 
0.250375 958.970334533 
0.2505 958.97085206 
0.250625 958.971369705 
0.25075 958.971887468 
0.250875 958.97240535 
0.251 958.972923348 
0.251125 958.973441465 
0.25125 958.973959698 
0.251375 958.974478049 
0.2515 958.974996517 
0.251625 958.975515102 
0.25175 958.976033803 
0.251875 958.976552621 
0.252 958.977071555 
0.252125 958.977590605 
0.25225 958.978109771 
0.252375 958.978629053 
0.2525 958.97914845 
0.252625 958.979667963 
0.25275 958.98018759 
0.252875 958.980707333 
0.253 958.981227191 
0.253125 958.981747163 
0.25325 958.982267249 
0.253375 958.98278745 
0.2535 958.983307765 
0.253625 958.983828194 
0.25375 958.984348736 
0.253875 958.984869392 
0.254 958.985390162 
0.254125 958.985911044 
0.25425 958.98643204 
0.254375 958.986953148 
0.2545 958.987474369 
0.254625 958.987995702 
0.25475 958.988517147 
0.254875 958.989038705 
0.255 958.989560374 
0.255125 958.990082155 
0.25525 958.990604048 
0.255375 958.991126052 
0.2555 958.991648167 
0.255625 958.992170393 
0.25575 958.99269273 
0.255875 958.993215177 
0.256 958.993737735 
0.256125 958.994260403 
0.25625 958.994783181 
0.256375 958.995306069 
0.2565 958.995829066 
0.256625 958.996352173 
0.25675 958.996875389 
0.256875 958.997398715 
0.257 958.997922149 
0.257125 958.998445692 
0.25725 958.998969344 
0.257375 958.999493104 
0.2575 959.000016972 
0.257625 959.000540948 
0.25775 959.001065033 
0.257875 959.001589224 
0.258 959.002113524 
0.258125 959.00263793 
0.25825 959.003162444 
0.258375 959.003687064 
0.2585 959.004211791 
0.258625 959.004736625 
0.25875 959.005261565 
0.258875 959.005786612 
0.259 959.006311764 
0.259125 959.006837022 
0.25925 959.007362386 
0.259375 959.007887855 
0.2595 959.008413429 
0.259625 959.008939109 
0.25975 959.009464893 
0.259875 959.009990782 
0.26 959.010516776 
0.260125 959.011042874 
0.26025 959.011569076 
0.260375 959.012095382 
0.2605 959.012621792 
0.260625 959.013148306 
0.26075 959.013674922 
0.260875 959.014201643 
0.261 959.014728466 
0.261125 959.015255392 
0.26125 959.01578242 
0.261375 959.016309552 
0.2615 959.016836785 
0.261625 959.017364121 
0.26175 959.017891558 
0.261875 959.018419098 
0.262 959.018946738 
0.262125 959.019474481 
0.26225 959.020002324 
0.262375 959.020530269 
0.2625 959.021058314 
0.262625 959.02158646 
0.26275 959.022114706 
0.262875 959.022643053 
0.263 959.0231715 
0.263125 959.023700047 
0.26325 959.024228693 
0.263375 959.024757439 
0.2635 959.025286285 
0.263625 959.025815229 
0.26375 959.026344273 
0.263875 959.026873415 
0.264 959.027402656 
0.264125 959.027931995 
0.26425 959.028461433 
0.264375 959.028990968 
0.2645 959.029520602 
0.264625 959.030050333 
0.26475 959.030580162 
0.264875 959.031110088 
0.265 959.031640111 
0.265125 959.032170231 
0.26525 959.032700448 
0.265375 959.033230762 
0.2655 959.033761172 
0.265625 959.034291678 
0.26575 959.03482228 
0.265875 959.035352978 
0.266 959.035883771 
0.266125 959.03641466 
0.26625 959.036945645 
0.266375 959.037476724 
0.2665 959.038007899 
0.266625 959.038539168 
0.26675 959.039070532 
0.266875 959.03960199 
0.267 959.040133542 
0.267125 959.040665188 
0.26725 959.041196928 
0.267375 959.041728762 
0.2675 959.042260689 
0.267625 959.042792709 
0.26775 959.043324823 
0.267875 959.043857029 
0.268 959.044389328 
0.268125 959.044921719 
0.26825 959.045454203 
0.268375 959.045986779 
0.2685 959.046519447 
0.268625 959.047052206 
0.26875 959.047585058 
0.268875 959.048118 
0.269 959.048651034 
0.269125 959.049184159 
0.26925 959.049717375 
0.269375 959.050250681 
0.2695 959.050784078 
0.269625 959.051317565 
0.26975 959.051851142 
0.269875 959.052384809 
0.27 959.052918566 
0.270125 959.053452412 
0.27025 959.053986348 
0.270375 959.054520373 
0.2705 959.055054487 
0.270625 959.055588689 
0.27075 959.056122981 
0.270875 959.05665736 
0.271 959.057191828 
0.271125 959.057726384 
0.27125 959.058261028 
0.271375 959.05879576 
0.2715 959.059330579 
0.271625 959.059865485 
0.27175 959.060400478 
0.271875 959.060935559 
0.272 959.061470726 
0.272125 959.06200598 
0.27225 959.06254132 
0.272375 959.063076746 
0.2725 959.063612258 
0.272625 959.064147856 
0.27275 959.06468354 
0.272875 959.065219309 
0.273 959.065755164 
0.273125 959.066291103 
0.27325 959.066827128 
0.273375 959.067363237 
0.2735 959.067899431 
0.273625 959.068435709 
0.27375 959.068972071 
0.273875 959.069508517 
0.274 959.070045047 
0.274125 959.07058166 
0.27425 959.071118357 
0.274375 959.071655137 
0.2745 959.072192001 
0.274625 959.072728946 
0.27475 959.073265975 
0.274875 959.073803086 
0.275 959.07434028 
0.275125 959.074877555 
0.27525 959.075414913 
0.275375 959.075952352 
0.2755 959.076489872 
0.275625 959.077027474 
0.27575 959.077565158 
0.275875 959.078102922 
0.276 959.078640767 
0.276125 959.079178692 
0.27625 959.079716699 
0.276375 959.080254785 
0.2765 959.080792951 
0.276625 959.081331197 
0.27675 959.081869523 
0.276875 959.082407929 
0.277 959.082946413 
0.277125 959.083484977 
0.27725 959.08402362 
0.277375 959.084562341 
0.2775 959.085101141 
0.277625 959.08564002 
0.27775 959.086178976 
0.277875 959.086718011 
0.278 959.087257123 
0.278125 959.087796313 
0.27825 959.088335581 
0.278375 959.088874925 
0.2785 959.089414347 
0.278625 959.089953846 
0.27875 959.090493421 
0.278875 959.091033073 
0.279 959.091572801 
0.279125 959.092112606 
0.27925 959.092652486 
0.279375 959.093192442 
0.2795 959.093732474 
0.279625 959.094272581 
0.27975 959.094812763 
0.279875 959.09535302 
0.28 959.095893352 
0.280125 959.096433759 
0.28025 959.09697424 
0.280375 959.097514796 
0.2805 959.098055425 
0.280625 959.098596129 
0.28075 959.099136906 
0.280875 959.099677756 
0.281 959.10021868 
0.281125 959.100759678 
0.28125 959.101300748 
0.281375 959.101841891 
0.2815 959.102383106 
0.281625 959.102924394 
0.28175 959.103465754 
0.281875 959.104007186 
0.282 959.10454869 
0.282125 959.105090266 
0.28225 959.105631913 
0.282375 959.106173631 
0.2825 959.106715421 
0.282625 959.107257281 
0.28275 959.107799212 
0.282875 959.108341214 
0.283 959.108883286 
0.283125 959.109425428 
0.28325 959.10996764 
0.283375 959.110509922 
0.2835 959.111052274 
0.283625 959.111594695 
0.28375 959.112137185 
0.283875 959.112679744 
0.284 959.113222372 
0.284125 959.113765069 
0.28425 959.114307834 
0.284375 959.114850668 
0.2845 959.115393569 
0.284625 959.115936539 
0.28475 959.116479576 
0.284875 959.117022681 
0.285 959.117565853 
0.285125 959.118109092 
0.28525 959.118652399 
0.285375 959.119195772 
0.2855 959.119739211 
0.285625 959.120282718 
0.28575 959.12082629 
0.285875 959.121369928 
0.286 959.121913633 
0.286125 959.122457403 
0.28625 959.123001238 
0.286375 959.123545139 
0.2865 959.124089105 
0.286625 959.124633136 
0.28675 959.125177231 
0.286875 959.125721391 
0.287 959.126265616 
0.287125 959.126809905 
0.28725 959.127354257 
0.287375 959.127898674 
0.2875 959.128443154 
0.287625 959.128987697 
0.28775 959.129532304 
0.287875 959.130076974 
0.288 959.130621707 
0.288125 959.131166502 
0.28825 959.13171136 
0.288375 959.13225628 
0.2885 959.132801262 
0.288625 959.133346307 
0.28875 959.133891413 
0.288875 959.13443658 
0.289 959.134981809 
0.289125 959.135527099 
0.28925 959.13607245 
0.289375 959.136617862 
0.2895 959.137163335 
0.289625 959.137708868 
0.28975 959.138254461 
0.289875 959.138800114 
0.29 959.139345827 
0.290125 959.1398916 
0.29025 959.140437433 
0.290375 959.140983324 
0.2905 959.141529275 
0.290625 959.142075285 
0.29075 959.142621354 
0.290875 959.143167481 
0.291 959.143713666 
0.291125 959.14425991 
0.29125 959.144806212 
0.291375 959.145352571 
0.2915 959.145898988 
0.291625 959.146445463 
0.29175 959.146991995 
0.291875 959.147538584 
0.292 959.148085229 
0.292125 959.148631932 
0.29225 959.149178691 
0.292375 959.149725506 
0.2925 959.150272378 
0.292625 959.150819305 
0.29275 959.151366288 
0.292875 959.151913327 
0.293 959.152460421 
0.293125 959.153007571 
0.29325 959.153554775 
0.293375 959.154102034 
0.2935 959.154649348 
0.293625 959.155196716 
0.29375 959.155744139 
0.293875 959.156291615 
0.294 959.156839146 
0.294125 959.15738673 
0.29425 959.157934368 
0.294375 959.158482059 
0.2945 959.159029803 
0.294625 959.1595776 
0.29475 959.16012545 
0.294875 959.160673353 
0.295 959.161221307 
0.295125 959.161769315 
0.29525 959.162317374 
0.295375 959.162865485 
0.2955 959.163413647 
0.295625 959.163961861 
0.29575 959.164510127 
0.295875 959.165058443 
0.296 959.16560681 
0.296125 959.166155228 
0.29625 959.166703697 
0.296375 959.167252216 
0.2965 959.167800785 
0.296625 959.168349404 
0.29675 959.168898072 
0.296875 959.169446791 
0.297 959.169995558 
0.297125 959.170544375 
0.29725 959.171093241 
0.297375 959.171642156 
0.2975 959.17219112 
0.297625 959.172740132 
0.29775 959.173289192 
0.297875 959.1738383 
0.298 959.174387456 
0.298125 959.17493666 
0.29825 959.175485912 
0.298375 959.17603521 
0.2985 959.176584556 
0.298625 959.177133949 
0.29875 959.177683389 
0.298875 959.178232875 
0.299 959.178782408 
0.299125 959.179331987 
0.29925 959.179881612 
0.299375 959.180431282 
0.2995 959.180980999 
0.299625 959.181530761 
0.29975 959.182080568 
0.299875 959.18263042 
0.3 959.183180317 
0.300125 959.183730259 
0.30025 959.184280246 
0.300375 959.184830276 
0.3005 959.185380351 
0.300625 959.18593047 
0.30075 959.186480633 
0.300875 959.187030839 
0.301 959.187581089 
0.301125 959.188131382 
0.30125 959.188681718 
0.301375 959.189232097 
0.3015 959.189782518 
0.301625 959.190332982 
0.30175 959.190883488 
0.301875 959.191434037 
0.302 959.191984627 
0.302125 959.192535259 
0.30225 959.193085933 
0.302375 959.193636648 
0.3025 959.194187404 
0.302625 959.194738201 
0.30275 959.195289039 
0.302875 959.195839917 
0.303 959.196390836 
0.303125 959.196941795 
0.30325 959.197492794 
0.303375 959.198043833 
0.3035 959.198594912 
0.303625 959.19914603 
0.30375 959.199697188 
0.303875 959.200248384 
0.304 959.20079962 
0.304125 959.201350894 
0.30425 959.201902207 
0.304375 959.202453558 
0.3045 959.203004947 
0.304625 959.203556375 
0.30475 959.20410784 
0.304875 959.204659343 
0.305 959.205210883 
0.305125 959.20576246 
0.30525 959.206314075 
0.305375 959.206865726 
0.3055 959.207417414 
0.305625 959.207969139 
0.30575 959.2085209 
0.305875 959.209072697 
0.306 959.20962453 
0.306125 959.210176398 
0.30625 959.210728302 
0.306375 959.211280242 
0.3065 959.211832217 
0.306625 959.212384227 
0.30675 959.212936271 
0.306875 959.21348835 
0.307 959.214040464 
0.307125 959.214592612 
0.30725 959.215144794 
0.307375 959.21569701 
0.3075 959.216249259 
0.307625 959.216801543 
0.30775 959.217353859 
0.307875 959.217906208 
0.308 959.218458591 
0.308125 959.219011006 
0.30825 959.219563454 
0.308375 959.220115934 
0.3085 959.220668447 
0.308625 959.221220991 
0.30875 959.221773567 
0.308875 959.222326175 
0.309 959.222878815 
0.309125 959.223431485 
0.30925 959.223984187 
0.309375 959.224536919 
0.3095 959.225089683 
0.309625 959.225642477 
0.30975 959.226195301 
0.309875 959.226748155 
0.31 959.227301039 
0.310125 959.227853953 
0.31025 959.228406897 
0.310375 959.22895987 
0.3105 959.229512872 
0.310625 959.230065904 
0.31075 959.230618964 
0.310875 959.231172052 
0.311 959.23172517 
0.311125 959.232278315 
0.31125 959.232831489 
0.311375 959.23338469 
0.3115 959.23393792 
0.311625 959.234491176 
0.31175 959.235044461 
0.311875 959.235597772 
0.312 959.23615111 
0.312125 959.236704475 
0.31225 959.237257867 
0.312375 959.237811285 
0.3125 959.23836473 
0.312625 959.2389182 
0.31275 959.239471696 
0.312875 959.240025218 
0.313 959.240578766 
0.313125 959.241132338 
0.31325 959.241685936 
0.313375 959.242239559 
0.3135 959.242793206 
0.313625 959.243346878 
0.31375 959.243900575 
0.313875 959.244454296 
0.314 959.24500804 
0.314125 959.245561809 
0.31425 959.246115601 
0.314375 959.246669416 
0.3145 959.247223255 
0.314625 959.247777117 
0.31475 959.248331002 
0.314875 959.248884909 
0.315 959.249438839 
0.315125 959.249992791 
0.31525 959.250546765 
0.315375 959.251100762 
0.3155 959.25165478 
0.315625 959.25220882 
0.31575 959.252762881 
0.315875 959.253316963 
0.316 959.253871066 
0.316125 959.25442519 
0.31625 959.254979335 
0.316375 959.2555335 
0.3165 959.256087686 
0.316625 959.256641892 
0.31675 959.257196117 
0.316875 959.257750362 
0.317 959.258304627 
0.317125 959.258858911 
0.31725 959.259413215 
0.317375 959.259967537 
0.3175 959.260521878 
0.317625 959.261076238 
0.31775 959.261630616 
0.317875 959.262185012 
0.318 959.262739426 
0.318125 959.263293859 
0.31825 959.263848308 
0.318375 959.264402776 
0.3185 959.264957261 
0.318625 959.265511762 
0.31875 959.266066281 
0.318875 959.266620817 
0.319 959.267175369 
0.319125 959.267729937 
0.31925 959.268284522 
0.319375 959.268839122 
0.3195 959.269393739 
0.319625 959.269948371 
0.31975 959.270503018 
0.319875 959.271057681 
0.32 959.271612359 
0.320125 959.272167052 
0.32025 959.272721759 
0.320375 959.273276481 
0.3205 959.273831218 
0.320625 959.274385968 
0.32075 959.274940733 
0.320875 959.275495511 
0.321 959.276050303 
0.321125 959.276605108 
0.32125 959.277159926 
0.321375 959.277714758 
0.3215 959.278269602 
0.321625 959.278824459 
0.32175 959.279379329 
0.321875 959.279934211 
0.322 959.280489105 
0.322125 959.28104401 
0.32225 959.281598928 
0.322375 959.282153857 
0.3225 959.282708798 
0.322625 959.283263749 
0.32275 959.283818712 
0.322875 959.284373686 
0.323 959.28492867 
0.323125 959.285483664 
0.32325 959.286038669 
0.323375 959.286593684 
0.3235 959.287148709 
0.323625 959.287703743 
0.32375 959.288258787 
0.323875 959.288813841 
0.324 959.289368903 
0.324125 959.289923975 
0.32425 959.290479055 
0.324375 959.291034144 
0.3245 959.291589241 
0.324625 959.292144347 
0.32475 959.29269946 
0.324875 959.293254582 
0.325 959.293809711 
0.325125 959.294364847 
0.32525 959.294919991 
0.325375 959.295475142 
0.3255 959.2960303 
0.325625 959.296585465 
0.32575 959.297140636 
0.325875 959.297695813 
0.326 959.298250997 
0.326125 959.298806187 
0.32625 959.299361383 
0.326375 959.299916584 
0.3265 959.300471791 
0.326625 959.301027003 
0.32675 959.30158222 
0.326875 959.302137442 
0.327 959.302692668 
0.327125 959.3032479 
0.32725 959.303803135 
0.327375 959.304358375 
0.3275 959.304913619 
0.327625 959.305468866 
0.32775 959.306024117 
0.327875 959.306579372 
0.328 959.30713463 
0.328125 959.30768989 
0.32825 959.308245154 
0.328375 959.308800421 
0.3285 959.309355689 
0.328625 959.309910961 
0.32875 959.310466234 
0.328875 959.311021509 
0.329 959.311576787 
0.329125 959.312132065 
0.32925 959.312687345 
0.329375 959.313242627 
0.3295 959.313797909 
0.329625 959.314353192 
0.32975 959.314908476 
0.329875 959.31546376 
0.33 959.316019045 
0.330125 959.316574329 
0.33025 959.317129614 
0.330375 959.317684899 
0.3305 959.318240182 
0.330625 959.318795466 
0.33075 959.319350748 
0.330875 959.31990603 
0.331 959.32046131 
0.331125 959.321016589 
0.33125 959.321571867 
0.331375 959.322127142 
0.3315 959.322682416 
0.331625 959.323237688 
0.33175 959.323792957 
0.331875 959.324348224 
0.332 959.324903489 
0.332125 959.32545875 
0.33225 959.326014008 
0.332375 959.326569264 
0.3325 959.327124516 
0.332625 959.327679764 
0.33275 959.328235009 
0.332875 959.328790249 
0.333 959.329345486 
0.333125 959.329900718 
0.33325 959.330455946 
0.333375 959.331011169 
0.3335 959.331566387 
0.333625 959.3321216 
0.33375 959.332676808 
0.333875 959.333232011 
0.334 959.333787208 
0.334125 959.334342399 
0.33425 959.334897585 
0.334375 959.335452764 
0.3345 959.336007937 
0.334625 959.336563103 
0.33475 959.337118263 
0.334875 959.337673416 
0.335 959.338228561 
0.335125 959.3387837 
0.33525 959.339338831 
0.335375 959.339893955 
0.3355 959.34044907 
0.335625 959.341004178 
0.33575 959.341559278 
0.335875 959.342114369 
0.336 959.342669452 
0.336125 959.343224526 
0.33625 959.343779591 
0.336375 959.344334648 
0.3365 959.344889695 
0.336625 959.345444732 
0.33675 959.34599976 
0.336875 959.346554778 
0.337 959.347109786 
0.337125 959.347664784 
0.33725 959.348219772 
0.337375 959.348774749 
0.3375 959.349329716 
0.337625 959.349884671 
0.33775 959.350439616 
0.337875 959.350994549 
0.338 959.351549471 
0.338125 959.352104381 
0.33825 959.35265928 
0.338375 959.353214166 
0.3385 959.35376904 
0.338625 959.354323902 
0.33875 959.354878752 
0.338875 959.355433588 
0.339 959.355988412 
0.339125 959.356543223 
0.33925 959.35709802 
0.339375 959.357652804 
0.3395 959.358207575 
0.339625 959.358762331 
0.33975 959.359317074 
0.339875 959.359871803 
0.34 959.360426517 
0.340125 959.360981216 
0.34025 959.361535901 
0.340375 959.362090571 
0.3405 959.362645226 
0.340625 959.363199866 
0.34075 959.36375449 
0.340875 959.364309099 
0.341 959.364863691 
0.341125 959.365418268 
0.34125 959.365972829 
0.341375 959.366527373 
0.3415 959.367081901 
0.341625 959.367636412 
0.34175 959.368190906 
0.341875 959.368745383 
0.342 959.369299843 
0.342125 959.369854285 
0.34225 959.37040871 
0.342375 959.370963117 
0.3425 959.371517506 
0.342625 959.372071877 
0.34275 959.372626229 
0.342875 959.373180563 
0.343 959.373734879 
0.343125 959.374289175 
0.34325 959.374843452 
0.343375 959.37539771 
0.3435 959.375951949 
0.343625 959.376506168 
0.34375 959.377060367 
0.343875 959.377614546 
0.344 959.378168705 
0.344125 959.378722844 
0.34425 959.379276962 
0.344375 959.37983106 
0.3445 959.380385137 
0.344625 959.380939192 
0.34475 959.381493226 
0.344875 959.382047239 
0.345 959.382601231 
0.345125 959.3831552 
0.34525 959.383709148 
0.345375 959.384263073 
0.3455 959.384816976 
0.345625 959.385370857 
0.34575 959.385924715 
0.345875 959.38647855 
0.346 959.387032362 
0.346125 959.38758615 
0.34625 959.388139916 
0.346375 959.388693657 
0.3465 959.389247375 
0.346625 959.389801069 
0.34675 959.390354739 
0.346875 959.390908385 
0.347 959.391462006 
0.347125 959.392015602 
0.34725 959.392569174 
0.347375 959.39312272 
0.3475 959.393676241 
0.347625 959.394229737 
0.34775 959.394783208 
0.347875 959.395336652 
0.348 959.395890071 
0.348125 959.396443463 
0.34825 959.39699683 
0.348375 959.397550169 
0.3485 959.398103482 
0.348625 959.398656769 
0.34875 959.399210028 
0.348875 959.39976326 
0.349 959.400316465 
0.349125 959.400869642 
0.34925 959.401422791 
0.349375 959.401975912 
0.3495 959.402529006 
0.349625 959.403082071 
0.34975 959.403635108 
0.349875 959.404188116 
0.35 959.404741095 
0.350125 959.405294045 
0.35025 959.405846966 
0.350375 959.406399858 
0.3505 959.40695272 
0.350625 959.407505552 
0.35075 959.408058355 
0.350875 959.408611127 
0.351 959.409163869 
0.351125 959.409716581 
0.35125 959.410269262 
0.351375 959.410821913 
0.3515 959.411374532 
0.351625 959.411927121 
0.35175 959.412479678 
0.351875 959.413032203 
0.352 959.413584697 
0.352125 959.414137159 
0.35225 959.414689589 
0.352375 959.415241986 
0.3525 959.415794352 
0.352625 959.416346684 
0.35275 959.416898984 
0.352875 959.417451251 
0.353 959.418003485 
0.353125 959.418555686 
0.35325 959.419107853 
0.353375 959.419659987 
0.3535 959.420212086 
0.353625 959.420764152 
0.35375 959.421316183 
0.353875 959.42186818 
0.354 959.422420143 
0.354125 959.422972071 
0.35425 959.423523964 
0.354375 959.424075822 
0.3545 959.424627644 
0.354625 959.425179432 
0.35475 959.425731183 
0.354875 959.426282899 
0.355 959.426834579 
0.355125 959.427386223 
0.35525 959.42793783 
0.355375 959.428489401 
0.3555 959.429040935 
0.355625 959.429592432 
0.35575 959.430143893 
0.355875 959.430695316 
0.356 959.431246702 
0.356125 959.43179805 
0.35625 959.43234936 
0.356375 959.432900632 
0.3565 959.433451867 
0.356625 959.434003063 
0.35675 959.434554221 
0.356875 959.43510534 
0.357 959.43565642 
0.357125 959.436207461 
0.35725 959.436758463 
0.357375 959.437309426 
0.3575 959.437860349 
0.357625 959.438411232 
0.35775 959.438962076 
0.357875 959.439512879 
0.358 959.440063643 
0.358125 959.440614366 
0.35825 959.441165048 
0.358375 959.441715689 
0.3585 959.44226629 
0.358625 959.442816849 
0.35875 959.443367368 
0.358875 959.443917844 
0.359 959.444468279 
0.359125 959.445018673 
0.35925 959.445569024 
0.359375 959.446119333 
0.3595 959.4466696 
0.359625 959.447219824 
0.35975 959.447770005 
0.359875 959.448320144 
0.36 959.448870239 
0.360125 959.449420292 
0.36025 959.449970301 
0.360375 959.450520266 
0.3605 959.451070187 
0.360625 959.451620065 
0.36075 959.452169898 
0.360875 959.452719688 
0.361 959.453269432 
0.361125 959.453819132 
0.36125 959.454368787 
0.361375 959.454918398 
0.3615 959.455467963 
0.361625 959.456017482 
0.36175 959.456566956 
0.361875 959.457116385 
0.362 959.457665767 
0.362125 959.458215104 
0.36225 959.458764394 
0.362375 959.459313638 
0.3625 959.459862835 
0.362625 959.460411986 
0.36275 959.460961089 
0.362875 959.461510145 
0.363 959.462059155 
0.363125 959.462608116 
0.36325 959.46315703 
0.363375 959.463705897 
0.3635 959.464254715 
0.363625 959.464803485 
0.36375 959.465352206 
0.363875 959.46590088 
0.364 959.466449504 
0.364125 959.46699808 
0.36425 959.467546606 
0.364375 959.468095084 
0.3645 959.468643512 
0.364625 959.46919189 
0.36475 959.469740219 
0.364875 959.470288497 
0.365 959.470836726 
0.365125 959.471384904 
0.36525 959.471933032 
0.365375 959.47248111 
0.3655 959.473029136 
0.365625 959.473577112 
0.36575 959.474125036 
0.365875 959.474672909 
0.366 959.475220731 
0.366125 959.475768501 
0.36625 959.476316219 
0.366375 959.476863885 
0.3665 959.477411499 
0.366625 959.47795906 
0.36675 959.478506569 
0.366875 959.479054025 
0.367 959.479601429 
0.367125 959.480148779 
0.36725 959.480696076 
0.367375 959.481243319 
0.3675 959.481790509 
0.367625 959.482337646 
0.36775 959.482884728 
0.367875 959.483431756 
0.368 959.48397873 
0.368125 959.48452565 
0.36825 959.485072515 
0.368375 959.485619325 
0.3685 959.48616608 
0.368625 959.48671278 
0.36875 959.487259424 
0.368875 959.487806013 
0.369 959.488352547 
0.369125 959.488899024 
0.36925 959.489445446 
0.369375 959.489991811 
0.3695 959.49053812 
0.369625 959.491084373 
0.36975 959.491630568 
0.369875 959.492176707 
0.37 959.492722789 
0.370125 959.493268814 
0.37025 959.493814781 
0.370375 959.49436069 
0.3705 959.494906542 
0.370625 959.495452336 
0.37075 959.495998072 
0.370875 959.496543749 
0.371 959.497089368 
0.371125 959.497634929 
0.37125 959.49818043 
0.371375 959.498725873 
0.3715 959.499271257 
0.371625 959.499816581 
0.37175 959.500361846 
0.371875 959.500907051 
0.372 959.501452196 
0.372125 959.501997281 
0.37225 959.502542306 
0.372375 959.503087271 
0.3725 959.503632175 
0.372625 959.504177019 
0.37275 959.504721801 
0.372875 959.505266523 
0.373 959.505811184 
0.373125 959.506355783 
0.37325 959.50690032 
0.373375 959.507444796 
0.3735 959.50798921 
0.373625 959.508533562 
0.37375 959.509077851 
0.373875 959.509622078 
0.374 959.510166243 
0.374125 959.510710345 
0.37425 959.511254384 
0.374375 959.51179836 
0.3745 959.512342272 
0.374625 959.512886121 
0.37475 959.513429907 
0.374875 959.513973628 
0.375 959.514517286 
0.375125 959.51506088 
0.37525 959.515604409 
0.375375 959.516147874 
0.3755 959.516691274 
0.375625 959.517234609 
0.37575 959.51777788 
0.375875 959.518321085 
0.376 959.518864225 
0.376125 959.5194073 
0.37625 959.519950308 
0.376375 959.520493251 
0.3765 959.521036128 
0.376625 959.521578939 
0.37675 959.522121683 
0.376875 959.522664361 
0.377 959.523206972 
0.377125 959.523749517 
0.37725 959.524291994 
0.377375 959.524834404 
0.3775 959.525376747 
0.377625 959.525919022 
0.37775 959.526461229 
0.377875 959.527003369 
0.378 959.52754544 
0.378125 959.528087444 
0.37825 959.528629378 
0.378375 959.529171245 
0.3785 959.529713042 
0.378625 959.530254771 
0.37875 959.530796431 
0.378875 959.531338021 
0.379 959.531879542 
0.379125 959.532420993 
0.37925 959.532962375 
0.379375 959.533503686 
0.3795 959.534044928 
0.379625 959.534586099 
0.37975 959.5351272 
0.379875 959.53566823 
0.38 959.53620919 
0.380125 959.536750078 
0.38025 959.537290896 
0.380375 959.537831642 
0.3805 959.538372316 
0.380625 959.53891292 
0.38075 959.539453451 
0.380875 959.53999391 
0.381 959.540534297 
0.381125 959.541074612 
0.38125 959.541614855 
0.381375 959.542155024 
0.3815 959.542695121 
0.381625 959.543235145 
0.38175 959.543775096 
0.381875 959.544314974 
0.382 959.544854778 
0.382125 959.545394508 
0.38225 959.545934165 
0.382375 959.546473747 
0.3825 959.547013256 
0.382625 959.54755269 
0.38275 959.54809205 
0.382875 959.548631335 
0.383 959.549170545 
0.383125 959.54970968 
0.38325 959.55024874 
0.383375 959.550787725 
0.3835 959.551326634 
0.383625 959.551865467 
0.38375 959.552404225 
0.383875 959.552942907 
0.384 959.553481512 
0.384125 959.554020041 
0.38425 959.554558494 
0.384375 959.55509687 
0.3845 959.555635169 
0.384625 959.556173391 
0.38475 959.556711536 
0.384875 959.557249604 
0.385 959.557787594 
0.385125 959.558325506 
0.38525 959.558863341 
0.385375 959.559401097 
0.3855 959.559938775 
0.385625 959.560476375 
0.38575 959.561013897 
0.385875 959.56155134 
0.386 959.562088704 
0.386125 959.562625989 
0.38625 959.563163194 
0.386375 959.563700321 
0.3865 959.564237368 
0.386625 959.564774335 
0.38675 959.565311222 
0.386875 959.565848029 
0.387 959.566384756 
0.387125 959.566921403 
0.38725 959.56745797 
0.387375 959.567994455 
0.3875 959.56853086 
0.387625 959.569067184 
0.38775 959.569603426 
0.387875 959.570139587 
0.388 959.570675667 
0.388125 959.571211665 
0.38825 959.571747581 
0.388375 959.572283415 
0.3885 959.572819167 
0.388625 959.573354837 
0.38875 959.573890424 
0.388875 959.574425928 
0.389 959.57496135 
0.389125 959.575496688 
0.38925 959.576031943 
0.389375 959.576567115 
0.3895 959.577102204 
0.389625 959.577637209 
0.38975 959.57817213 
0.389875 959.578706967 
0.39 959.57924172 
0.390125 959.579776388 
0.39025 959.580310972 
0.390375 959.580845471 
0.3905 959.581379886 
0.390625 959.581914216 
0.39075 959.58244846 
0.390875 959.582982619 
0.391 959.583516692 
0.391125 959.58405068 
0.39125 959.584584582 
0.391375 959.585118398 
0.3915 959.585652128 
0.391625 959.586185772 
0.39175 959.586719329 
0.391875 959.5872528 
0.392 959.587786183 
0.392125 959.58831948 
0.39225 959.58885269 
0.392375 959.589385812 
0.3925 959.589918847 
0.392625 959.590451794 
0.39275 959.590984654 
0.392875 959.591517425 
0.393 959.592050108 
0.393125 959.592582703 
0.39325 959.59311521 
0.393375 959.593647628 
0.3935 959.594179957 
0.393625 959.594712198 
0.39375 959.595244349 
0.393875 959.595776411 
0.394 959.596308383 
0.394125 959.596840266 
0.39425 959.597372059 
0.394375 959.597903763 
0.3945 959.598435376 
0.394625 959.598966899 
0.39475 959.599498331 
0.394875 959.600029673 
0.395 959.600560924 
0.395125 959.601092085 
0.39525 959.601623154 
0.395375 959.602154132 
0.3955 959.602685019 
0.395625 959.603215814 
0.39575 959.603746517 
0.395875 959.604277128 
0.396 959.604807648 
0.396125 959.605338075 
0.39625 959.60586841 
0.396375 959.606398652 
0.3965 959.606928802 
0.396625 959.607458859 
0.39675 959.607988823 
0.396875 959.608518693 
0.397 959.609048471 
0.397125 959.609578155 
0.39725 959.610107745 
0.397375 959.610637241 
0.3975 959.611166643 
0.397625 959.611695952 
0.39775 959.612225166 
0.397875 959.612754285 
0.398 959.61328331 
0.398125 959.61381224 
0.39825 959.614341075 
0.398375 959.614869815 
0.3985 959.61539846 
0.398625 959.615927009 
0.39875 959.616455462 
0.398875 959.61698382 
0.399 959.617512082 
0.399125 959.618040248 
0.39925 959.618568318 
0.399375 959.619096291 
0.3995 959.619624168 
0.399625 959.620151948 
0.39975 959.620679631 
0.399875 959.621207217 
0.4 959.621734705 
0.400125 959.622262097 
0.40025 959.622789391 
0.400375 959.623316587 
0.4005 959.623843685 
0.400625 959.624370686 
0.40075 959.624897588 
0.400875 959.625424392 
0.401 959.625951097 
0.401125 959.626477704 
0.40125 959.627004212 
0.401375 959.62753062 
0.4015 959.62805693 
0.401625 959.628583141 
0.40175 959.629109252 
0.401875 959.629635263 
0.402 959.630161175 
0.402125 959.630686986 
0.40225 959.631212698 
0.402375 959.631738309 
0.4025 959.63226382 
0.402625 959.632789231 
0.40275 959.63331454 
0.402875 959.633839749 
0.403 959.634364857 
0.403125 959.634889863 
0.40325 959.635414769 
0.403375 959.635939572 
0.4035 959.636464274 
0.403625 959.636988874 
0.40375 959.637513372 
0.403875 959.638037768 
0.404 959.638562062 
0.404125 959.639086253 
0.40425 959.639610342 
0.404375 959.640134327 
0.4045 959.64065821 
0.404625 959.64118199 
0.40475 959.641705666 
0.404875 959.642229239 
0.405 959.642752708 
0.405125 959.643276074 
0.40525 959.643799336 
0.405375 959.644322493 
0.4055 959.644845547 
0.405625 959.645368496 
0.40575 959.64589134 
0.405875 959.64641408 
0.406 959.646936715 
0.406125 959.647459245 
0.40625 959.64798167 
0.406375 959.648503989 
0.4065 959.649026203 
0.406625 959.649548312 
0.40675 959.650070314 
0.406875 959.650592211 
0.407 959.651114001 
0.407125 959.651635686 
0.40725 959.652157263 
0.407375 959.652678735 
0.4075 959.653200099 
0.407625 959.653721357 
0.40775 959.654242507 
0.407875 959.654763551 
0.408 959.655284487 
0.408125 959.655805315 
0.40825 959.656326036 
0.408375 959.656846649 
0.4085 959.657367154 
0.408625 959.65788755 
0.40875 959.658407839 
0.408875 959.658928019 
0.409 959.65944809 
0.409125 959.659968053 
0.40925 959.660487907 
0.409375 959.661007651 
0.4095 959.661527286 
0.409625 959.662046812 
0.40975 959.662566229 
0.409875 959.663085536 
0.41 959.663604732 
0.410125 959.664123819 
0.41025 959.664642796 
0.410375 959.665161662 
0.4105 959.665680418 
0.410625 959.666199063 
0.41075 959.666717597 
0.410875 959.667236021 
0.411 959.667754333 
0.411125 959.668272534 
0.41125 959.668790624 
0.411375 959.669308602 
0.4115 959.669826468 
0.411625 959.670344223 
0.41175 959.670861865 
0.411875 959.671379395 
0.412 959.671896813 
0.412125 959.672414118 
0.41225 959.672931311 
0.412375 959.673448391 
0.4125 959.673965358 
0.412625 959.674482212 
0.41275 959.674998952 
0.412875 959.675515579 
0.413 959.676032093 
0.413125 959.676548493 
0.41325 959.677064779 
0.413375 959.67758095 
0.4135 959.678097008 
0.413625 959.678612951 
0.41375 959.67912878 
0.413875 959.679644494 
0.414 959.680160094 
0.414125 959.680675578 
0.41425 959.681190947 
0.414375 959.681706201 
0.4145 959.68222134 
0.414625 959.682736363 
0.41475 959.68325127 
0.414875 959.683766061 
0.415 959.684280736 
0.415125 959.684795295 
0.41525 959.685309738 
0.415375 959.685824064 
0.4155 959.686338274 
0.415625 959.686852367 
0.41575 959.687366343 
0.415875 959.687880201 
0.416 959.688393943 
0.416125 959.688907567 
0.41625 959.689421073 
0.416375 959.689934462 
0.4165 959.690447733 
0.416625 959.690960886 
0.41675 959.69147392 
0.416875 959.691986837 
0.417 959.692499635 
0.417125 959.693012314 
0.41725 959.693524874 
0.417375 959.694037316 
0.4175 959.694549638 
0.417625 959.695061841 
0.41775 959.695573925 
0.417875 959.696085889 
0.418 959.696597734 
0.418125 959.697109459 
0.41825 959.697621063 
0.418375 959.698132548 
0.4185 959.698643912 
0.418625 959.699155156 
0.41875 959.699666279 
0.418875 959.700177282 
0.419 959.700688163 
0.419125 959.701198924 
0.41925 959.701709563 
0.419375 959.702220081 
0.4195 959.702730477 
0.419625 959.703240752 
0.41975 959.703750905 
0.419875 959.704260936 
0.42 959.704770845 
0.420125 959.705280632 
0.42025 959.705790296 
0.420375 959.706299838 
0.4205 959.706809257 
0.420625 959.707318553 
0.42075 959.707827726 
0.420875 959.708336776 
0.421 959.708845702 
0.421125 959.709354506 
0.42125 959.709863185 
0.421375 959.710371741 
0.4215 959.710880173 
0.421625 959.711388481 
0.42175 959.711896664 
0.421875 959.712404724 
0.422 959.712912659 
0.422125 959.713420469 
0.42225 959.713928154 
0.422375 959.714435714 
0.4225 959.71494315 
0.422625 959.71545046 
0.42275 959.715957644 
0.422875 959.716464703 
0.423 959.716971637 
0.423125 959.717478444 
0.42325 959.717985126 
0.423375 959.718491681 
0.4235 959.71899811 
0.423625 959.719504413 
0.42375 959.720010589 
0.423875 959.720516639 
0.424 959.721022561 
0.424125 959.721528356 
0.42425 959.722034025 
0.424375 959.722539566 
0.4245 959.723044979 
0.424625 959.723550265 
0.42475 959.724055423 
0.424875 959.724560453 
0.425 959.725065355 
0.425125 959.725570129 
0.42525 959.726074775 
0.425375 959.726579292 
0.4255 959.72708368 
0.425625 959.72758794 
0.42575 959.72809207 
0.425875 959.728596072 
0.426 959.729099944 
0.426125 959.729603687 
0.42625 959.7301073 
0.426375 959.730610784 
0.4265 959.731114138 
0.426625 959.731617362 
0.42675 959.732120455 
0.426875 959.732623419 
0.427 959.733126252 
0.427125 959.733628954 
0.42725 959.734131526 
0.427375 959.734633967 
0.4275 959.735136277 
0.427625 959.735638456 
0.42775 959.736140503 
0.427875 959.736642419 
0.428 959.737144204 
0.428125 959.737645856 
0.42825 959.738147377 
0.428375 959.738648766 
0.4285 959.739150023 
0.428625 959.739651147 
0.42875 959.740152139 
0.428875 959.740652998 
0.429 959.741153725 
0.429125 959.741654319 
0.42925 959.742154779 
0.429375 959.742655107 
0.4295 959.743155301 
0.429625 959.743655361 
0.42975 959.744155288 
0.429875 959.744655082 
0.43 959.745154741 
0.430125 959.745654266 
0.43025 959.746153657 
0.430375 959.746652914 
0.4305 959.747152036 
0.430625 959.747651024 
0.43075 959.748149877 
0.430875 959.748648595 
0.431 959.749147178 
0.431125 959.749645625 
0.43125 959.750143938 
0.431375 959.750642114 
0.4315 959.751140156 
0.431625 959.751638061 
0.43175 959.75213583 
0.431875 959.752633464 
0.432 959.753130961 
0.432125 959.753628322 
0.43225 959.754125546 
0.432375 959.754622634 
0.4325 959.755119585 
0.432625 959.755616399 
0.43275 959.756113076 
0.432875 959.756609615 
0.433 959.757106018 
0.433125 959.757602283 
0.43325 959.75809841 
0.433375 959.758594399 
0.4335 959.759090251 
0.433625 959.759585964 
0.43375 959.760081539 
0.433875 959.760576976 
0.434 959.761072275 
0.434125 959.761567434 
0.43425 959.762062455 
0.434375 959.762557337 
0.4345 959.76305208 
0.434625 959.763546684 
0.43475 959.764041148 
0.434875 959.764535473 
0.435 959.765029658 
0.435125 959.765523704 
0.43525 959.766017609 
0.435375 959.766511375 
0.4355 959.767005 
0.435625 959.767498485 
0.43575 959.76799183 
0.435875 959.768485034 
0.436 959.768978097 
0.436125 959.769471019 
0.43625 959.7699638 
0.436375 959.77045644 
0.4365 959.770948939 
0.436625 959.771441296 
0.43675 959.771933511 
0.436875 959.772425585 
0.437 959.772917517 
0.437125 959.773409307 
0.43725 959.773900955 
0.437375 959.77439246 
0.4375 959.774883823 
0.437625 959.775375044 
0.43775 959.775866121 
0.437875 959.776357056 
0.438 959.776847848 
0.438125 959.777338496 
0.43825 959.777829002 
0.438375 959.778319364 
0.4385 959.778809582 
0.438625 959.779299657 
0.43875 959.779789587 
0.438875 959.780279374 
0.439 959.780769017 
0.439125 959.781258515 
0.43925 959.781747869 
0.439375 959.782237079 
0.4395 959.782726143 
0.439625 959.783215063 
0.43975 959.783703838 
0.439875 959.784192468 
0.44 959.784680953 
0.440125 959.785169292 
0.44025 959.785657486 
0.440375 959.786145534 
0.4405 959.786633436 
0.440625 959.787121193 
0.44075 959.787608803 
0.440875 959.788096267 
0.441 959.788583585 
0.441125 959.789070756 
0.44125 959.789557781 
0.441375 959.790044659 
0.4415 959.79053139 
0.441625 959.791017974 
0.44175 959.79150441 
0.441875 959.7919907 
0.442 959.792476842 
0.442125 959.792962837 
0.44225 959.793448683 
0.442375 959.793934382 
0.4425 959.794419933 
0.442625 959.794905336 
0.44275 959.79539059 
0.442875 959.795875697 
0.443 959.796360654 
0.443125 959.796845463 
0.44325 959.797330123 
0.443375 959.797814634 
0.4435 959.798298996 
0.443625 959.798783209 
0.44375 959.799267273 
0.443875 959.799751186 
0.444 959.800234951 
0.444125 959.800718565 
0.44425 959.80120203 
0.444375 959.801685345 
0.4445 959.802168509 
0.444625 959.802651523 
0.44475 959.803134387 
0.444875 959.8036171 
0.445 959.804099662 
0.445125 959.804582074 
0.44525 959.805064335 
0.445375 959.805546444 
0.4455 959.806028402 
0.445625 959.806510209 
0.44575 959.806991864 
0.445875 959.807473368 
0.446 959.80795472 
0.446125 959.808435919 
0.44625 959.808916967 
0.446375 959.809397863 
0.4465 959.809878606 
0.446625 959.810359197 
0.44675 959.810839635 
0.446875 959.81131992 
0.447 959.811800053 
0.447125 959.812280032 
0.44725 959.812759859 
0.447375 959.813239532 
0.4475 959.813719052 
0.447625 959.814198418 
0.44775 959.81467763 
0.447875 959.815156689 
0.448 959.815635594 
0.448125 959.816114344 
0.44825 959.816592941 
0.448375 959.817071383 
0.4485 959.817549671 
0.448625 959.818027804 
0.44875 959.818505782 
0.448875 959.818983605 
0.449 959.819461274 
0.449125 959.819938787 
0.44925 959.820416145 
0.449375 959.820893347 
0.4495 959.821370394 
0.449625 959.821847286 
0.44975 959.822324021 
0.449875 959.822800601 
0.45 959.823277024 
0.450125 959.823753292 
0.45025 959.824229403 
0.450375 959.824705357 
0.4505 959.825181155 
0.450625 959.825656796 
0.45075 959.826132281 
0.450875 959.826607608 
0.451 959.827082778 
0.451125 959.827557791 
0.45125 959.828032647 
0.451375 959.828507345 
0.4515 959.828981885 
0.451625 959.829456268 
0.45175 959.829930492 
0.451875 959.830404559 
0.452 959.830878468 
0.452125 959.831352218 
0.45225 959.831825809 
0.452375 959.832299243 
0.4525 959.832772517 
0.452625 959.833245633 
0.45275 959.833718589 
0.452875 959.834191387 
0.453 959.834664025 
0.453125 959.835136504 
0.45325 959.835608824 
0.453375 959.836080984 
0.4535 959.836552984 
0.453625 959.837024824 
0.45375 959.837496505 
0.453875 959.837968025 
0.454 959.838439385 
0.454125 959.838910584 
0.45425 959.839381623 
0.454375 959.839852502 
0.4545 959.840323219 
0.454625 959.840793776 
0.45475 959.841264172 
0.454875 959.841734406 
0.455 959.842204479 
0.455125 959.842674391 
0.45525 959.843144141 
0.455375 959.84361373 
0.4555 959.844083156 
0.455625 959.844552421 
0.45575 959.845021524 
0.455875 959.845490464 
0.456 959.845959243 
0.456125 959.846427858 
0.45625 959.846896312 
0.456375 959.847364602 
0.4565 959.84783273 
0.456625 959.848300694 
0.45675 959.848768496 
0.456875 959.849236134 
0.457 959.849703609 
0.457125 959.850170921 
0.45725 959.850638069 
0.457375 959.851105053 
0.4575 959.851571873 
0.457625 959.85203853 
0.45775 959.852505022 
0.457875 959.85297135 
0.458 959.853437514 
0.458125 959.853903513 
0.45825 959.854369347 
0.458375 959.854835017 
0.4585 959.855300522 
0.458625 959.855765862 
0.45875 959.856231037 
0.458875 959.856696047 
0.459 959.857160891 
0.459125 959.857625569 
0.45925 959.858090082 
0.459375 959.85855443 
0.4595 959.859018611 
0.459625 959.859482627 
0.45975 959.859946476 
0.459875 959.860410159 
0.46 959.860873676 
0.460125 959.861337026 
0.46025 959.861800209 
0.460375 959.862263226 
0.4605 959.862726076 
0.460625 959.863188759 
0.46075 959.863651274 
0.460875 959.864113623 
0.461 959.864575804 
0.461125 959.865037817 
0.46125 959.865499663 
0.461375 959.865961341 
0.4615 959.866422852 
0.461625 959.866884194 
0.46175 959.867345368 
0.461875 959.867806374 
0.462 959.868267211 
0.462125 959.86872788 
0.46225 959.869188381 
0.462375 959.869648712 
0.4625 959.870108875 
0.462625 959.870568869 
0.46275 959.871028693 
0.462875 959.871488349 
0.463 959.871947835 
0.463125 959.872407151 
0.46325 959.872866298 
0.463375 959.873325275 
0.4635 959.873784082 
0.463625 959.87424272 
0.46375 959.874701187 
0.463875 959.875159484 
0.464 959.87561761 
0.464125 959.876075566 
0.46425 959.876533352 
0.464375 959.876990967 
0.4645 959.87744841 
0.464625 959.877905683 
0.46475 959.878362785 
0.464875 959.878819716 
0.465 959.879276475 
0.465125 959.879733063 
0.46525 959.880189479 
0.465375 959.880645724 
0.4655 959.881101796 
0.465625 959.881557697 
0.46575 959.882013426 
0.465875 959.882468982 
0.466 959.882924366 
0.466125 959.883379578 
0.46625 959.883834617 
0.466375 959.884289484 
0.4665 959.884744178 
0.466625 959.885198698 
0.46675 959.885653046 
0.466875 959.886107221 
0.467 959.886561222 
0.467125 959.88701505 
0.46725 959.887468704 
0.467375 959.887922185 
0.4675 959.888375492 
0.467625 959.888828625 
0.46775 959.889281584 
0.467875 959.889734369 
0.468 959.89018698 
0.468125 959.890639416 
0.46825 959.891091678 
0.468375 959.891543765 
0.4685 959.891995678 
0.468625 959.892447416 
0.46875 959.892898978 
0.468875 959.893350366 
0.469 959.893801579 
0.469125 959.894252616 
0.46925 959.894703477 
0.469375 959.895154163 
0.4695 959.895604674 
0.469625 959.896055009 
0.46975 959.896505167 
0.469875 959.89695515 
0.47 959.897404957 
0.470125 959.897854587 
0.47025 959.898304041 
0.470375 959.898753318 
0.4705 959.899202419 
0.470625 959.899651343 
0.47075 959.90010009 
0.470875 959.90054866 
0.471 959.900997053 
0.471125 959.901445269 
0.47125 959.901893308 
0.471375 959.902341169 
0.4715 959.902788852 
0.471625 959.903236358 
0.47175 959.903683686 
0.471875 959.904130836 
0.472 959.904577808 
0.472125 959.905024602 
0.47225 959.905471217 
0.472375 959.905917654 
0.4725 959.906363913 
0.472625 959.906809993 
0.47275 959.907255895 
0.472875 959.907701617 
0.473 959.90814716 
0.473125 959.908592525 
0.47325 959.90903771 
0.473375 959.909482716 
0.4735 959.909927542 
0.473625 959.910372189 
0.47375 959.910816656 
0.473875 959.911260944 
0.474 959.911705051 
0.474125 959.912148979 
0.47425 959.912592726 
0.474375 959.913036293 
0.4745 959.91347968 
0.474625 959.913922886 
0.47475 959.914365911 
0.474875 959.914808756 
0.475 959.91525142 
0.475125 959.915693904 
0.47525 959.916136206 
0.475375 959.916578327 
0.4755 959.917020266 
0.475625 959.917462024 
0.47575 959.917903601 
0.475875 959.918344996 
0.476 959.918786209 
0.476125 959.919227241 
0.47625 959.91966809 
0.476375 959.920108758 
0.4765 959.920549243 
0.476625 959.920989546 
0.47675 959.921429666 
0.476875 959.921869604 
0.477 959.922309359 
0.477125 959.922748932 
0.47725 959.923188321 
0.477375 959.923627528 
0.4775 959.924066551 
0.477625 959.924505391 
0.47775 959.924944048 
0.477875 959.925382522 
0.478 959.925820812 
0.478125 959.926258918 
0.47825 959.92669684 
0.478375 959.927134579 
0.4785 959.927572133 
0.478625 959.928009503 
0.47875 959.92844669 
0.478875 959.928883691 
0.479 959.929320509 
0.479125 959.929757141 
0.47925 959.930193589 
0.479375 959.930629853 
0.4795 959.931065931 
0.479625 959.931501824 
0.47975 959.931937532 
0.479875 959.932373055 
0.48 959.932808393 
0.480125 959.933243545 
0.48025 959.933678511 
0.480375 959.934113292 
0.4805 959.934547887 
0.480625 959.934982296 
0.48075 959.935416519 
0.480875 959.935850556 
0.481 959.936284407 
0.481125 959.936718071 
0.48125 959.937151549 
0.481375 959.93758484 
0.4815 959.938017944 
0.481625 959.938450862 
0.48175 959.938883593 
0.481875 959.939316137 
0.482 959.939748493 
0.482125 959.940180663 
0.48225 959.940612645 
0.482375 959.941044439 
0.4825 959.941476046 
0.482625 959.941907466 
0.48275 959.942338697 
0.482875 959.942769741 
0.483 959.943200597 
0.483125 959.943631264 
0.48325 959.944061744 
0.483375 959.944492035 
0.4835 959.944922137 
0.483625 959.945352051 
0.48375 959.945781776 
0.483875 959.946211313 
0.484 959.94664066 
0.484125 959.947069819 
0.48425 959.947498789 
0.484375 959.947927569 
0.4845 959.94835616 
0.484625 959.948784562 
0.48475 959.949212774 
0.484875 959.949640796 
0.485 959.950068629 
0.485125 959.950496272 
0.48525 959.950923725 
0.485375 959.951350987 
0.4855 959.95177806 
0.485625 959.952204942 
0.48575 959.952631634 
0.485875 959.953058136 
0.486 959.953484447 
0.486125 959.953910567 
0.48625 959.954336496 
0.486375 959.954762235 
0.4865 959.955187782 
0.486625 959.955613138 
0.48675 959.956038303 
0.486875 959.956463277 
0.487 959.956888059 
0.487125 959.95731265 
0.48725 959.957737048 
0.487375 959.958161256 
0.4875 959.958585271 
0.487625 959.959009094 
0.48775 959.959432725 
0.487875 959.959856164 
0.488 959.960279411 
0.488125 959.960702465 
0.48825 959.961125327 
0.488375 959.961547996 
0.4885 959.961970472 
0.488625 959.962392756 
0.48875 959.962814847 
0.488875 959.963236744 
0.489 959.963658449 
0.489125 959.96407996 
0.48925 959.964501278 
0.489375 959.964922402 
0.4895 959.965343333 
0.489625 959.96576407 
0.48975 959.966184613 
0.489875 959.966604963 
0.49 959.967025118 
0.490125 959.96744508 
0.49025 959.967864847 
0.490375 959.96828442 
0.4905 959.968703798 
0.490625 959.969122982 
0.49075 959.969541971 
0.490875 959.969960766 
0.491 959.970379366 
0.491125 959.970797771 
0.49125 959.971215981 
0.491375 959.971633996 
0.4915 959.972051815 
0.491625 959.97246944 
0.49175 959.972886868 
0.491875 959.973304102 
0.492 959.973721139 
0.492125 959.974137981 
0.49225 959.974554627 
0.492375 959.974971077 
0.4925 959.975387331 
0.492625 959.975803389 
0.49275 959.976219251 
0.492875 959.976634916 
0.493 959.977050385 
0.493125 959.977465657 
0.49325 959.977880733 
0.493375 959.978295612 
0.4935 959.978710294 
0.493625 959.979124779 
0.49375 959.979539067 
0.493875 959.979953158 
0.494 959.980367052 
0.494125 959.980780748 
0.49425 959.981194246 
0.494375 959.981607548 
0.4945 959.982020651 
0.494625 959.982433557 
0.49475 959.982846265 
0.494875 959.983258775 
0.495 959.983671086 
0.495125 959.9840832 
0.49525 959.984495115 
0.495375 959.984906832 
0.4955 959.985318351 
0.495625 959.985729671 
0.49575 959.986140792 
0.495875 959.986551715 
0.496 959.986962438 
0.496125 959.987372963 
0.49625 959.987783289 
0.496375 959.988193415 
0.4965 959.988603342 
0.496625 959.98901307 
0.49675 959.989422598 
0.496875 959.989831927 
0.497 959.990241056 
0.497125 959.990649985 
0.49725 959.991058715 
0.497375 959.991467244 
0.4975 959.991875574 
0.497625 959.992283703 
0.49775 959.992691632 
0.497875 959.993099361 
0.498 959.993506889 
0.498125 959.993914217 
0.49825 959.994321344 
0.498375 959.99472827 
0.4985 959.995134996 
0.498625 959.99554152 
0.49875 959.995947844 
0.498875 959.996353966 
0.499 959.996759887 
0.499125 959.997165607 
0.49925 959.997571125 
0.499375 959.997976442 
0.4995 959.998381557 
0.499625 959.998786471 
0.49975 959.999191182 
0.499875 959.999595692 
0.5 960 
