0 951.756347992 
0.000125 951.756348109 
0.00025 951.75634836 
0.000375 951.75634876 
0.0005 951.756349314 
0.000625 951.756350022 
0.00075 951.756350886 
0.000875 951.756351904 
0.001 951.756353079 
0.001125 951.756354408 
0.00125 951.756355894 
0.001375 951.756357536 
0.0015 951.756359333 
0.001625 951.756361287 
0.00175 951.756363396 
0.001875 951.756365661 
0.002 951.756368082 
0.002125 951.756370659 
0.00225 951.756373393 
0.002375 951.756376282 
0.0025 951.756379327 
0.002625 951.756382528 
0.00275 951.756385886 
0.002875 951.756389399 
0.003 951.756393069 
0.003125 951.756396894 
0.00325 951.756400875 
0.003375 951.756405013 
0.0035 951.756409306 
0.003625 951.756413756 
0.00375 951.756418362 
0.003875 951.756423123 
0.004 951.756428041 
0.004125 951.756433115 
0.00425 951.756438345 
0.004375 951.756443731 
0.0045 951.756449273 
0.004625 951.75645497 
0.00475 951.756460824 
0.004875 951.756466834 
0.005 951.756473001 
0.005125 951.756479323 
0.00525 951.756485801 
0.005375 951.756492435 
0.0055 951.756499225 
0.005625 951.756506171 
0.00575 951.756513274 
0.005875 951.756520532 
0.006 951.756527946 
0.006125 951.756535517 
0.00625 951.756543243 
0.006375 951.756551125 
0.0065 951.756559164 
0.006625 951.756567358 
0.00675 951.756575708 
0.006875 951.756584215 
0.007 951.756592877 
0.007125 951.756601696 
0.00725 951.75661067 
0.007375 951.7566198 
0.0075 951.756629087 
0.007625 951.756638529 
0.00775 951.756648127 
0.007875 951.756657882 
0.008 951.756667792 
0.008125 951.756677858 
0.00825 951.75668808 
0.008375 951.756698458 
0.0085 951.756708992 
0.008625 951.756719683 
0.00875 951.756730529 
0.008875 951.75674153 
0.009 951.756752688 
0.009125 951.756764002 
0.00925 951.756775472 
0.009375 951.756787098 
0.0095 951.756798879 
0.009625 951.756810817 
0.00975 951.75682291 
0.009875 951.75683516 
0.01 951.756847565 
0.010125 951.756860126 
0.01025 951.756872843 
0.010375 951.756885716 
0.0105 951.756898745 
0.010625 951.756911929 
0.01075 951.75692527 
0.010875 951.756938766 
0.011 951.756952419 
0.011125 951.756966227 
0.01125 951.756980191 
0.011375 951.756994311 
0.0115 951.757008586 
0.011625 951.757023018 
0.01175 951.757037605 
0.011875 951.757052348 
0.012 951.757067247 
0.012125 951.757082302 
0.01225 951.757097513 
0.012375 951.757112879 
0.0125 951.757128401 
0.012625 951.757144079 
0.01275 951.757159913 
0.012875 951.757175903 
0.013 951.757192048 
0.013125 951.757208349 
0.01325 951.757224806 
0.013375 951.757241419 
0.0135 951.757258187 
0.013625 951.757275111 
0.01375 951.757292191 
0.013875 951.757309426 
0.014 951.757326817 
0.014125 951.757344364 
0.01425 951.757362067 
0.014375 951.757379925 
0.0145 951.757397939 
0.014625 951.757416109 
0.01475 951.757434434 
0.014875 951.757452915 
0.015 951.757471552 
0.015125 951.757490344 
0.01525 951.757509292 
0.015375 951.757528396 
0.0155 951.757547655 
0.015625 951.75756707 
0.01575 951.757586641 
0.015875 951.757606367 
0.016 951.757626248 
0.016125 951.757646286 
0.01625 951.757666479 
0.016375 951.757686827 
0.0165 951.757707331 
0.016625 951.757727991 
0.01675 951.757748806 
0.016875 951.757769776 
0.017 951.757790902 
0.017125 951.757812184 
0.01725 951.757833621 
0.017375 951.757855214 
0.0175 951.757876962 
0.017625 951.757898866 
0.01775 951.757920925 
0.017875 951.75794314 
0.018 951.75796551 
0.018125 951.757988035 
0.01825 951.758010717 
0.018375 951.758033553 
0.0185 951.758056545 
0.018625 951.758079692 
0.01875 951.758102995 
0.018875 951.758126453 
0.019 951.758150066 
0.019125 951.758173835 
0.01925 951.758197759 
0.019375 951.758221839 
0.0195 951.758246074 
0.019625 951.758270464 
0.01975 951.75829501 
0.019875 951.758319711 
0.02 951.758344567 
0.020125 951.758369579 
0.02025 951.758394746 
0.020375 951.758420068 
0.0205 951.758445545 
0.020625 951.758471178 
0.02075 951.758496966 
0.020875 951.758522909 
0.021 951.758549007 
0.021125 951.758575261 
0.02125 951.75860167 
0.021375 951.758628234 
0.0215 951.758654953 
0.021625 951.758681827 
0.02175 951.758708857 
0.021875 951.758736041 
0.022 951.758763381 
0.022125 951.758790876 
0.02225 951.758818526 
0.022375 951.758846331 
0.0225 951.758874292 
0.022625 951.758902407 
0.02275 951.758930678 
0.022875 951.758959103 
0.023 951.758987684 
0.023125 951.75901642 
0.02325 951.75904531 
0.023375 951.759074356 
0.0235 951.759103557 
0.023625 951.759132912 
0.02375 951.759162423 
0.023875 951.759192089 
0.024 951.759221909 
0.024125 951.759251885 
0.02425 951.759282015 
0.024375 951.759312301 
0.0245 951.759342741 
0.024625 951.759373337 
0.02475 951.759404087 
0.024875 951.759434992 
0.025 951.759466052 
0.025125 951.759497266 
0.02525 951.759528636 
0.025375 951.75956016 
0.0255 951.75959184 
0.025625 951.759623674 
0.02575 951.759655663 
0.025875 951.759687806 
0.026 951.759720105 
0.026125 951.759752558 
0.02625 951.759785166 
0.026375 951.759817928 
0.0265 951.759850845 
0.026625 951.759883917 
0.02675 951.759917144 
0.026875 951.759950525 
0.027 951.759984061 
0.027125 951.760017752 
0.02725 951.760051597 
0.027375 951.760085597 
0.0275 951.760119752 
0.027625 951.760154061 
0.02775 951.760188525 
0.027875 951.760223143 
0.028 951.760257916 
0.028125 951.760292843 
0.02825 951.760327925 
0.028375 951.760363161 
0.0285 951.760398552 
0.028625 951.760434098 
0.02875 951.760469797 
0.028875 951.760505652 
0.029 951.76054166 
0.029125 951.760577823 
0.02925 951.760614141 
0.029375 951.760650613 
0.0295 951.760687239 
0.029625 951.76072402 
0.02975 951.760760955 
0.029875 951.760798044 
0.03 951.760835288 
0.030125 951.760872686 
0.03025 951.760910238 
0.030375 951.760947945 
0.0305 951.760985805 
0.030625 951.761023821 
0.03075 951.76106199 
0.030875 951.761100313 
0.031 951.761138791 
0.031125 951.761177423 
0.03125 951.761216209 
0.031375 951.761255149 
0.0315 951.761294243 
0.031625 951.761333492 
0.03175 951.761372894 
0.031875 951.761412451 
0.032 951.761452162 
0.032125 951.761492027 
0.03225 951.761532045 
0.032375 951.761572218 
0.0325 951.761612545 
0.032625 951.761653026 
0.03275 951.761693661 
0.032875 951.76173445 
0.033 951.761775392 
0.033125 951.761816489 
0.03325 951.76185774 
0.033375 951.761899144 
0.0335 951.761940703 
0.033625 951.761982415 
0.03375 951.762024281 
0.033875 951.762066301 
0.034 951.762108474 
0.034125 951.762150802 
0.03425 951.762193283 
0.034375 951.762235918 
0.0345 951.762278707 
0.034625 951.76232165 
0.03475 951.762364746 
0.034875 951.762407996 
0.035 951.762451399 
0.035125 951.762494957 
0.03525 951.762538668 
0.035375 951.762582532 
0.0355 951.76262655 
0.035625 951.762670722 
0.03575 951.762715047 
0.035875 951.762759526 
0.036 951.762804158 
0.036125 951.762848944 
0.03625 951.762893884 
0.036375 951.762938977 
0.0365 951.762984223 
0.036625 951.763029623 
0.03675 951.763075176 
0.036875 951.763120883 
0.037 951.763166743 
0.037125 951.763212756 
0.03725 951.763258923 
0.037375 951.763305243 
0.0375 951.763351716 
0.037625 951.763398343 
0.03775 951.763445123 
0.037875 951.763492056 
0.038 951.763539143 
0.038125 951.763586382 
0.03825 951.763633775 
0.038375 951.763681321 
0.0385 951.763729021 
0.038625 951.763776873 
0.03875 951.763824879 
0.038875 951.763873037 
0.039 951.763921349 
0.039125 951.763969814 
0.03925 951.764018432 
0.039375 951.764067203 
0.0395 951.764116127 
0.039625 951.764165203 
0.03975 951.764214433 
0.039875 951.764263816 
0.04 951.764313352 
0.040125 951.764363041 
0.04025 951.764412882 
0.040375 951.764462877 
0.0405 951.764513024 
0.040625 951.764563324 
0.04075 951.764613777 
0.040875 951.764664383 
0.041 951.764715141 
0.041125 951.764766053 
0.04125 951.764817117 
0.041375 951.764868333 
0.0415 951.764919703 
0.041625 951.764971225 
0.04175 951.7650229 
0.041875 951.765074727 
0.042 951.765126707 
0.042125 951.76517884 
0.04225 951.765231125 
0.042375 951.765283563 
0.0425 951.765336153 
0.042625 951.765388895 
0.04275 951.765441791 
0.042875 951.765494838 
0.043 951.765548039 
0.043125 951.765601391 
0.04325 951.765654896 
0.043375 951.765708553 
0.0435 951.765762363 
0.043625 951.765816325 
0.04375 951.765870439 
0.043875 951.765924706 
0.044 951.765979125 
0.044125 951.766033696 
0.04425 951.766088419 
0.044375 951.766143295 
0.0445 951.766198323 
0.044625 951.766253503 
0.04475 951.766308835 
0.044875 951.766364319 
0.045 951.766419955 
0.045125 951.766475744 
0.04525 951.766531684 
0.045375 951.766587776 
0.0455 951.766644021 
0.045625 951.766700417 
0.04575 951.766756966 
0.045875 951.766813666 
0.046 951.766870518 
0.046125 951.766927522 
0.04625 951.766984678 
0.046375 951.767041986 
0.0465 951.767099446 
0.046625 951.767157057 
0.04675 951.767214821 
0.046875 951.767272736 
0.047 951.767330802 
0.047125 951.767389021 
0.04725 951.767447391 
0.047375 951.767505913 
0.0475 951.767564586 
0.047625 951.767623411 
0.04775 951.767682388 
0.047875 951.767741516 
0.048 951.767800796 
0.048125 951.767860227 
0.04825 951.76791981 
0.048375 951.767979544 
0.0485 951.76803943 
0.048625 951.768099467 
0.04875 951.768159656 
0.048875 951.768219995 
0.049 951.768280487 
0.049125 951.768341129 
0.04925 951.768401923 
0.049375 951.768462868 
0.0495 951.768523965 
0.049625 951.768585213 
0.04975 951.768646611 
0.049875 951.768708162 
0.05 951.768769863 
0.050125 951.768831715 
0.05025 951.768893719 
0.050375 951.768955873 
0.0505 951.769018179 
0.050625 951.769080636 
0.05075 951.769143243 
0.050875 951.769206002 
0.051 951.769268912 
0.051125 951.769331972 
0.05125 951.769395184 
0.051375 951.769458546 
0.0515 951.769522059 
0.051625 951.769585723 
0.05175 951.769649538 
0.051875 951.769713504 
0.052 951.76977762 
0.052125 951.769841887 
0.05225 951.769906305 
0.052375 951.769970874 
0.0525 951.770035593 
0.052625 951.770100463 
0.05275 951.770165483 
0.052875 951.770230654 
0.053 951.770295976 
0.053125 951.770361448 
0.05325 951.770427071 
0.053375 951.770492844 
0.0535 951.770558767 
0.053625 951.770624841 
0.05375 951.770691065 
0.053875 951.77075744 
0.054 951.770823965 
0.054125 951.77089064 
0.05425 951.770957466 
0.054375 951.771024442 
0.0545 951.771091568 
0.054625 951.771158845 
0.05475 951.771226271 
0.054875 951.771293848 
0.055 951.771361575 
0.055125 951.771429452 
0.05525 951.771497479 
0.055375 951.771565656 
0.0555 951.771633983 
0.055625 951.77170246 
0.05575 951.771771087 
0.055875 951.771839864 
0.056 951.771908791 
0.056125 951.771977868 
0.05625 951.772047094 
0.056375 951.772116471 
0.0565 951.772185997 
0.056625 951.772255673 
0.05675 951.772325499 
0.056875 951.772395474 
0.057 951.772465599 
0.057125 951.772535874 
0.05725 951.772606299 
0.057375 951.772676873 
0.0575 951.772747597 
0.057625 951.77281847 
0.05775 951.772889493 
0.057875 951.772960665 
0.058 951.773031986 
0.058125 951.773103458 
0.05825 951.773175078 
0.058375 951.773246848 
0.0585 951.773318767 
0.058625 951.773390836 
0.05875 951.773463054 
0.058875 951.773535421 
0.059 951.773607937 
0.059125 951.773680603 
0.05925 951.773753418 
0.059375 951.773826382 
0.0595 951.773899495 
0.059625 951.773972757 
0.05975 951.774046168 
0.059875 951.774119728 
0.06 951.774193438 
0.060125 951.774267296 
0.06025 951.774341303 
0.060375 951.774415459 
0.0605 951.774489764 
0.060625 951.774564218 
0.06075 951.774638821 
0.060875 951.774713572 
0.061 951.774788472 
0.061125 951.774863521 
0.06125 951.774938719 
0.061375 951.775014065 
0.0615 951.77508956 
0.061625 951.775165204 
0.06175 951.775240996 
0.061875 951.775316937 
0.062 951.775393026 
0.062125 951.775469264 
0.06225 951.77554565 
0.062375 951.775622185 
0.0625 951.775698868 
0.062625 951.775775699 
0.06275 951.775852679 
0.062875 951.775929807 
0.063 951.776007084 
0.063125 951.776084508 
0.06325 951.776162081 
0.063375 951.776239802 
0.0635 951.776317671 
0.063625 951.776395689 
0.06375 951.776473854 
0.063875 951.776552168 
0.064 951.776630629 
0.064125 951.776709239 
0.06425 951.776787996 
0.064375 951.776866902 
0.0645 951.776945955 
0.064625 951.777025156 
0.06475 951.777104506 
0.064875 951.777184002 
0.065 951.777263647 
0.065125 951.77734344 
0.06525 951.77742338 
0.065375 951.777503468 
0.0655 951.777583703 
0.065625 951.777664086 
0.06575 951.777744617 
0.065875 951.777825295 
0.066 951.777906121 
0.066125 951.777987095 
0.06625 951.778068215 
0.066375 951.778149484 
0.0665 951.778230899 
0.066625 951.778312462 
0.06675 951.778394173 
0.066875 951.77847603 
0.067 951.778558035 
0.067125 951.778640187 
0.06725 951.778722487 
0.067375 951.778804933 
0.0675 951.778887527 
0.067625 951.778970268 
0.06775 951.779053156 
0.067875 951.77913619 
0.068 951.779219372 
0.068125 951.779302701 
0.06825 951.779386177 
0.068375 951.7794698 
0.0685 951.779553569 
0.068625 951.779637486 
0.06875 951.779721549 
0.068875 951.779805759 
0.069 951.779890116 
0.069125 951.779974619 
0.06925 951.78005927 
0.069375 951.780144066 
0.0695 951.78022901 
0.069625 951.7803141 
0.06975 951.780399336 
0.069875 951.780484719 
0.07 951.780570249 
0.070125 951.780655925 
0.07025 951.780741747 
0.070375 951.780827716 
0.0705 951.780913831 
0.070625 951.781000092 
0.07075 951.7810865 
0.070875 951.781173054 
0.071 951.781259754 
0.071125 951.7813466 
0.07125 951.781433593 
0.071375 951.781520731 
0.0715 951.781608016 
0.071625 951.781695446 
0.07175 951.781783023 
0.071875 951.781870745 
0.072 951.781958614 
0.072125 951.782046628 
0.07225 951.782134788 
0.072375 951.782223094 
0.0725 951.782311546 
0.072625 951.782400143 
0.07275 951.782488887 
0.072875 951.782577776 
0.073 951.78266681 
0.073125 951.78275599 
0.07325 951.782845316 
0.073375 951.782934787 
0.0735 951.783024404 
0.073625 951.783114166 
0.07375 951.783204074 
0.073875 951.783294127 
0.074 951.783384325 
0.074125 951.783474669 
0.07425 951.783565158 
0.074375 951.783655792 
0.0745 951.783746572 
0.074625 951.783837496 
0.07475 951.783928566 
0.074875 951.784019781 
0.075 951.784111141 
0.075125 951.784202646 
0.07525 951.784294296 
0.075375 951.784386091 
0.0755 951.784478031 
0.075625 951.784570116 
0.07575 951.784662345 
0.075875 951.78475472 
0.076 951.784847239 
0.076125 951.784939903 
0.07625 951.785032712 
0.076375 951.785125665 
0.0765 951.785218763 
0.076625 951.785312006 
0.07675 951.785405393 
0.076875 951.785498924 
0.077 951.785592601 
0.077125 951.785686421 
0.07725 951.785780386 
0.077375 951.785874496 
0.0775 951.785968749 
0.077625 951.786063147 
0.07775 951.786157689 
0.077875 951.786252376 
0.078 951.786347207 
0.078125 951.786442181 
0.07825 951.7865373 
0.078375 951.786632563 
0.0785 951.78672797 
0.078625 951.786823521 
0.07875 951.786919216 
0.078875 951.787015055 
0.079 951.787111038 
0.079125 951.787207165 
0.07925 951.787303435 
0.079375 951.787399849 
0.0795 951.787496407 
0.079625 951.787593109 
0.07975 951.787689954 
0.079875 951.787786943 
0.08 951.787884076 
0.080125 951.787981352 
0.08025 951.788078771 
0.080375 951.788176334 
0.0805 951.788274041 
0.080625 951.78837189 
0.08075 951.788469883 
0.080875 951.78856802 
0.081 951.7886663 
0.081125 951.788764723 
0.08125 951.788863289 
0.081375 951.788961998 
0.0815 951.78906085 
0.081625 951.789159846 
0.08175 951.789258984 
0.081875 951.789358266 
0.082 951.78945769 
0.082125 951.789557258 
0.08225 951.789656968 
0.082375 951.789756821 
0.0825 951.789856817 
0.082625 951.789956955 
0.08275 951.790057237 
0.082875 951.790157661 
0.083 951.790258227 
0.083125 951.790358937 
0.08325 951.790459789 
0.083375 951.790560783 
0.0835 951.79066192 
0.083625 951.790763199 
0.08375 951.790864621 
0.083875 951.790966185 
0.084 951.791067891 
0.084125 951.79116974 
0.08425 951.791271731 
0.084375 951.791373864 
0.0845 951.791476139 
0.084625 951.791578556 
0.08475 951.791681116 
0.084875 951.791783817 
0.085 951.791886661 
0.085125 951.791989646 
0.08525 951.792092773 
0.085375 951.792196042 
0.0855 951.792299453 
0.085625 951.792403006 
0.08575 951.792506701 
0.085875 951.792610537 
0.086 951.792714515 
0.086125 951.792818635 
0.08625 951.792922896 
0.086375 951.793027298 
0.0865 951.793131843 
0.086625 951.793236528 
0.08675 951.793341355 
0.086875 951.793446324 
0.087 951.793551434 
0.087125 951.793656685 
0.08725 951.793762077 
0.087375 951.793867611 
0.0875 951.793973286 
0.087625 951.794079101 
0.08775 951.794185058 
0.087875 951.794291156 
0.088 951.794397396 
0.088125 951.794503775 
0.08825 951.794610296 
0.088375 951.794716958 
0.0885 951.794823761 
0.088625 951.794930704 
0.08875 951.795037788 
0.088875 951.795145013 
0.089 951.795252379 
0.089125 951.795359885 
0.08925 951.795467532 
0.089375 951.795575319 
0.0895 951.795683247 
0.089625 951.795791315 
0.08975 951.795899524 
0.089875 951.796007873 
0.09 951.796116362 
0.090125 951.796224992 
0.09025 951.796333762 
0.090375 951.796442672 
0.0905 951.796551722 
0.090625 951.796660912 
0.09075 951.796770243 
0.090875 951.796879713 
0.091 951.796989324 
0.091125 951.797099074 
0.09125 951.797208964 
0.091375 951.797318995 
0.0915 951.797429165 
0.091625 951.797539474 
0.09175 951.797649924 
0.091875 951.797760513 
0.092 951.797871242 
0.092125 951.79798211 
0.09225 951.798093118 
0.092375 951.798204265 
0.0925 951.798315552 
0.092625 951.798426978 
0.09275 951.798538544 
0.092875 951.798650249 
0.093 951.798762093 
0.093125 951.798874077 
0.09325 951.798986199 
0.093375 951.799098461 
0.0935 951.799210862 
0.093625 951.799323402 
0.09375 951.799436081 
0.093875 951.799548899 
0.094 951.799661856 
0.094125 951.799774952 
0.09425 951.799888187 
0.094375 951.80000156 
0.0945 951.800115072 
0.094625 951.800228723 
0.09475 951.800342513 
0.094875 951.800456441 
0.095 951.800570508 
0.095125 951.800684713 
0.09525 951.800799057 
0.095375 951.800913539 
0.0955 951.80102816 
0.095625 951.801142919 
0.09575 951.801257816 
0.095875 951.801372851 
0.096 951.801488025 
0.096125 951.801603337 
0.09625 951.801718787 
0.096375 951.801834375 
0.0965 951.801950101 
0.096625 951.802065965 
0.09675 951.802181967 
0.096875 951.802298107 
0.097 951.802414385 
0.097125 951.802530801 
0.09725 951.802647354 
0.097375 951.802764045 
0.0975 951.802880874 
0.097625 951.80299784 
0.09775 951.803114944 
0.097875 951.803232186 
0.098 951.803349565 
0.098125 951.803467081 
0.09825 951.803584735 
0.098375 951.803702526 
0.0985 951.803820454 
0.098625 951.80393852 
0.09875 951.804056723 
0.098875 951.804175063 
0.099 951.80429354 
0.099125 951.804412154 
0.09925 951.804530905 
0.099375 951.804649793 
0.0995 951.804768818 
0.099625 951.80488798 
0.09975 951.805007279 
0.099875 951.805126714 
0.1 951.805246287 
0.100125 951.805365996 
0.10025 951.805485841 
0.100375 951.805605823 
0.1005 951.805725942 
0.100625 951.805846197 
0.10075 951.805966589 
0.100875 951.806087117 
0.101 951.806207782 
0.101125 951.806328582 
0.10125 951.80644952 
0.101375 951.806570593 
0.1015 951.806691802 
0.101625 951.806813148 
0.10175 951.806934629 
0.101875 951.807056247 
0.102 951.807178001 
0.102125 951.80729989 
0.10225 951.807421915 
0.102375 951.807544077 
0.1025 951.807666374 
0.102625 951.807788806 
0.10275 951.807911375 
0.102875 951.808034079 
0.103 951.808156919 
0.103125 951.808279894 
0.10325 951.808403005 
0.103375 951.808526251 
0.1035 951.808649632 
0.103625 951.808773149 
0.10375 951.808896801 
0.103875 951.809020589 
0.104 951.809144512 
0.104125 951.809268569 
0.10425 951.809392762 
0.104375 951.80951709 
0.1045 951.809641553 
0.104625 951.809766151 
0.10475 951.809890884 
0.104875 951.810015752 
0.105 951.810140754 
0.105125 951.810265892 
0.10525 951.810391164 
0.105375 951.81051657 
0.1055 951.810642112 
0.105625 951.810767788 
0.10575 951.810893598 
0.105875 951.811019543 
0.106 951.811145622 
0.106125 951.811271836 
0.10625 951.811398184 
0.106375 951.811524666 
0.1065 951.811651282 
0.106625 951.811778033 
0.10675 951.811904918 
0.106875 951.812031937 
0.107 951.812159089 
0.107125 951.812286376 
0.10725 951.812413797 
0.107375 951.812541352 
0.1075 951.81266904 
0.107625 951.812796862 
0.10775 951.812924818 
0.107875 951.813052908 
0.108 951.813181131 
0.108125 951.813309488 
0.10825 951.813437978 
0.108375 951.813566602 
0.1085 951.813695359 
0.108625 951.81382425 
0.10875 951.813953274 
0.108875 951.814082431 
0.109 951.814211721 
0.109125 951.814341145 
0.10925 951.814470701 
0.109375 951.814600391 
0.1095 951.814730214 
0.109625 951.81486017 
0.10975 951.814990258 
0.109875 951.81512048 
0.11 951.815250834 
0.110125 951.815381321 
0.11025 951.815511941 
0.110375 951.815642693 
0.1105 951.815773578 
0.110625 951.815904596 
0.11075 951.816035746 
0.110875 951.816167029 
0.111 951.816298444 
0.111125 951.816429991 
0.11125 951.81656167 
0.111375 951.816693482 
0.1115 951.816825426 
0.111625 951.816957503 
0.11175 951.817089711 
0.111875 951.817222051 
0.112 951.817354523 
0.112125 951.817487128 
0.11225 951.817619864 
0.112375 951.817752732 
0.1125 951.817885732 
0.112625 951.818018863 
0.11275 951.818152126 
0.112875 951.818285521 
0.113 951.818419047 
0.113125 951.818552705 
0.11325 951.818686494 
0.113375 951.818820415 
0.1135 951.818954467 
0.113625 951.819088651 
0.11375 951.819222965 
0.113875 951.819357411 
0.114 951.819491988 
0.114125 951.819626696 
0.11425 951.819761536 
0.114375 951.819896506 
0.1145 951.820031607 
0.114625 951.820166839 
0.11475 951.820302202 
0.114875 951.820437695 
0.115 951.82057332 
0.115125 951.820709075 
0.11525 951.820844961 
0.115375 951.820980977 
0.1155 951.821117124 
0.115625 951.821253401 
0.11575 951.821389808 
0.115875 951.821526346 
0.116 951.821663015 
0.116125 951.821799813 
0.11625 951.821936742 
0.116375 951.822073801 
0.1165 951.82221099 
0.116625 951.822348309 
0.11675 951.822485758 
0.116875 951.822623337 
0.117 951.822761046 
0.117125 951.822898884 
0.11725 951.823036853 
0.117375 951.823174951 
0.1175 951.823313178 
0.117625 951.823451536 
0.11775 951.823590023 
0.117875 951.823728639 
0.118 951.823867385 
0.118125 951.82400626 
0.11825 951.824145265 
0.118375 951.824284399 
0.1185 951.824423662 
0.118625 951.824563054 
0.11875 951.824702576 
0.118875 951.824842226 
0.119 951.824982006 
0.119125 951.825121914 
0.11925 951.825261951 
0.119375 951.825402118 
0.1195 951.825542413 
0.119625 951.825682836 
0.11975 951.825823389 
0.119875 951.82596407 
0.12 951.826104879 
0.120125 951.826245817 
0.12025 951.826386884 
0.120375 951.826528079 
0.1205 951.826669402 
0.120625 951.826810854 
0.12075 951.826952434 
0.120875 951.827094142 
0.121 951.827235978 
0.121125 951.827377942 
0.12125 951.827520035 
0.121375 951.827662255 
0.1215 951.827804603 
0.121625 951.827947079 
0.12175 951.828089683 
0.121875 951.828232414 
0.122 951.828375274 
0.122125 951.828518261 
0.12225 951.828661375 
0.122375 951.828804617 
0.1225 951.828947986 
0.122625 951.829091483 
0.12275 951.829235108 
0.122875 951.829378859 
0.123 951.829522738 
0.123125 951.829666744 
0.12325 951.829810877 
0.123375 951.829955137 
0.1235 951.830099524 
0.123625 951.830244038 
0.12375 951.830388679 
0.123875 951.830533447 
0.124 951.830678342 
0.124125 951.830823363 
0.12425 951.830968511 
0.124375 951.831113786 
0.1245 951.831259187 
0.124625 951.831404715 
0.12475 951.831550369 
0.124875 951.83169615 
0.125 951.831842057 
0.125125 951.83198809 
0.12525 951.832134249 
0.125375 951.832280535 
0.1255 951.832426947 
0.125625 951.832573485 
0.12575 951.832720148 
0.125875 951.832866938 
0.126 951.833013854 
0.126125 951.833160895 
0.12625 951.833308062 
0.126375 951.833455355 
0.1265 951.833602774 
0.126625 951.833750318 
0.12675 951.833897988 
0.126875 951.834045783 
0.127 951.834193704 
0.127125 951.83434175 
0.12725 951.834489921 
0.127375 951.834638218 
0.1275 951.834786639 
0.127625 951.834935186 
0.12775 951.835083858 
0.127875 951.835232655 
0.128 951.835381577 
0.128125 951.835530624 
0.12825 951.835679796 
0.128375 951.835829092 
0.1285 951.835978513 
0.128625 951.836128059 
0.12875 951.83627773 
0.128875 951.836427525 
0.129 951.836577445 
0.129125 951.836727489 
0.12925 951.836877657 
0.129375 951.83702795 
0.1295 951.837178367 
0.129625 951.837328908 
0.12975 951.837479573 
0.129875 951.837630363 
0.13 951.837781276 
0.130125 951.837932314 
0.13025 951.838083475 
0.130375 951.83823476 
0.1305 951.838386169 
0.130625 951.838537702 
0.13075 951.838689358 
0.130875 951.838841138 
0.131 951.838993042 
0.131125 951.839145069 
0.13125 951.83929722 
0.131375 951.839449494 
0.1315 951.839601891 
0.131625 951.839754412 
0.13175 951.839907055 
0.131875 951.840059822 
0.132 951.840212712 
0.132125 951.840365725 
0.13225 951.840518861 
0.132375 951.84067212 
0.1325 951.840825502 
0.132625 951.840979006 
0.13275 951.841132634 
0.132875 951.841286384 
0.133 951.841440256 
0.133125 951.841594251 
0.13325 951.841748369 
0.133375 951.841902609 
0.1335 951.842056971 
0.133625 951.842211456 
0.13375 951.842366063 
0.133875 951.842520792 
0.134 951.842675644 
0.134125 951.842830617 
0.13425 951.842985712 
0.134375 951.84314093 
0.1345 951.843296269 
0.134625 951.84345173 
0.13475 951.843607313 
0.134875 951.843763018 
0.135 951.843918844 
0.135125 951.844074792 
0.13525 951.844230861 
0.135375 951.844387052 
0.1355 951.844543364 
0.135625 951.844699798 
0.13575 951.844856353 
0.135875 951.845013029 
0.136 951.845169826 
0.136125 951.845326745 
0.13625 951.845483784 
0.136375 951.845640945 
0.1365 951.845798226 
0.136625 951.845955628 
0.13675 951.846113151 
0.136875 951.846270795 
0.137 951.84642856 
0.137125 951.846586445 
0.13725 951.84674445 
0.137375 951.846902576 
0.1375 951.847060823 
0.137625 951.84721919 
0.13775 951.847377677 
0.137875 951.847536285 
0.138 951.847695013 
0.138125 951.847853861 
0.13825 951.848012829 
0.138375 951.848171916 
0.1385 951.848331124 
0.138625 951.848490452 
0.13875 951.8486499 
0.138875 951.848809467 
0.139 951.848969154 
0.139125 951.849128961 
0.13925 951.849288887 
0.139375 951.849448933 
0.1395 951.849609098 
0.139625 951.849769383 
0.13975 951.849929787 
0.139875 951.85009031 
0.14 951.850250953 
0.140125 951.850411714 
0.14025 951.850572595 
0.140375 951.850733595 
0.1405 951.850894714 
0.140625 951.851055951 
0.14075 951.851217307 
0.140875 951.851378783 
0.141 951.851540377 
0.141125 951.851702089 
0.14125 951.85186392 
0.141375 951.85202587 
0.1415 951.852187938 
0.141625 951.852350124 
0.14175 951.852512429 
0.141875 951.852674852 
0.142 951.852837394 
0.142125 951.853000053 
0.14225 951.853162831 
0.142375 951.853325726 
0.1425 951.85348874 
0.142625 951.853651871 
0.14275 951.85381512 
0.142875 951.853978487 
0.143 951.854141972 
0.143125 951.854305575 
0.14325 951.854469295 
0.143375 951.854633132 
0.1435 951.854797087 
0.143625 951.854961159 
0.14375 951.855125349 
0.143875 951.855289656 
0.144 951.85545408 
0.144125 951.855618621 
0.14425 951.855783279 
0.144375 951.855948055 
0.1445 951.856112947 
0.144625 951.856277956 
0.14475 951.856443082 
0.144875 951.856608325 
0.145 951.856773684 
0.145125 951.85693916 
0.14525 951.857104753 
0.145375 951.857270462 
0.1455 951.857436288 
0.145625 951.857602229 
0.14575 951.857768288 
0.145875 951.857934462 
0.146 951.858100753 
0.146125 951.85826716 
0.14625 951.858433682 
0.146375 951.858600321 
0.1465 951.858767076 
0.146625 951.858933947 
0.14675 951.859100933 
0.146875 951.859268035 
0.147 951.859435253 
0.147125 951.859602586 
0.14725 951.859770035 
0.147375 951.8599376 
0.1475 951.860105279 
0.147625 951.860273075 
0.14775 951.860440985 
0.147875 951.860609011 
0.148 951.860777152 
0.148125 951.860945408 
0.14825 951.861113778 
0.148375 951.861282264 
0.1485 951.861450865 
0.148625 951.861619581 
0.14875 951.861788411 
0.148875 951.861957356 
0.149 951.862126416 
0.149125 951.86229559 
0.14925 951.862464879 
0.149375 951.862634282 
0.1495 951.8628038 
0.149625 951.862973432 
0.14975 951.863143178 
0.149875 951.863313038 
0.15 951.863483013 
0.150125 951.863653101 
0.15025 951.863823303 
0.150375 951.86399362 
0.1505 951.86416405 
0.150625 951.864334594 
0.15075 951.864505252 
0.150875 951.864676023 
0.151 951.864846908 
0.151125 951.865017907 
0.15125 951.865189019 
0.151375 951.865360244 
0.1515 951.865531583 
0.151625 951.865703035 
0.15175 951.8658746 
0.151875 951.866046278 
0.152 951.866218069 
0.152125 951.866389974 
0.15225 951.866561991 
0.152375 951.866734121 
0.1525 951.866906364 
0.152625 951.86707872 
0.15275 951.867251188 
0.152875 951.867423769 
0.153 951.867596462 
0.153125 951.867769268 
0.15325 951.867942186 
0.153375 951.868115217 
0.1535 951.86828836 
0.153625 951.868461615 
0.15375 951.868634982 
0.153875 951.868808462 
0.154 951.868982053 
0.154125 951.869155756 
0.15425 951.869329572 
0.154375 951.869503498 
0.1545 951.869677537 
0.154625 951.869851688 
0.15475 951.870025949 
0.154875 951.870200323 
0.155 951.870374808 
0.155125 951.870549404 
0.15525 951.870724112 
0.155375 951.870898931 
0.1555 951.871073861 
0.155625 951.871248902 
0.15575 951.871424055 
0.155875 951.871599318 
0.156 951.871774693 
0.156125 951.871950178 
0.15625 951.872125774 
0.156375 951.87230148 
0.1565 951.872477298 
0.156625 951.872653226 
0.15675 951.872829264 
0.156875 951.873005413 
0.157 951.873181673 
0.157125 951.873358042 
0.15725 951.873534522 
0.157375 951.873711112 
0.1575 951.873887813 
0.157625 951.874064623 
0.15775 951.874241543 
0.157875 951.874418574 
0.158 951.874595714 
0.158125 951.874772964 
0.15825 951.874950323 
0.158375 951.875127792 
0.1585 951.875305371 
0.158625 951.87548306 
0.15875 951.875660857 
0.158875 951.875838765 
0.159 951.876016781 
0.159125 951.876194907 
0.15925 951.876373142 
0.159375 951.876551486 
0.1595 951.876729939 
0.159625 951.876908501 
0.15975 951.877087172 
0.159875 951.877265952 
0.16 951.87744484 
0.160125 951.877623837 
0.16025 951.877802943 
0.160375 951.877982158 
0.1605 951.878161481 
0.160625 951.878340912 
0.16075 951.878520452 
0.160875 951.8787001 
0.161 951.878879856 
0.161125 951.87905972 
0.16125 951.879239693 
0.161375 951.879419773 
0.1615 951.879599961 
0.161625 951.879780258 
0.16175 951.879960662 
0.161875 951.880141174 
0.162 951.880321793 
0.162125 951.88050252 
0.16225 951.880683355 
0.162375 951.880864297 
0.1625 951.881045346 
0.162625 951.881226503 
0.16275 951.881407767 
0.162875 951.881589138 
0.163 951.881770617 
0.163125 951.881952202 
0.16325 951.882133895 
0.163375 951.882315694 
0.1635 951.8824976 
0.163625 951.882679613 
0.16375 951.882861733 
0.163875 951.883043959 
0.164 951.883226292 
0.164125 951.883408731 
0.16425 951.883591277 
0.164375 951.883773929 
0.1645 951.883956687 
0.164625 951.884139552 
0.16475 951.884322522 
0.164875 951.884505599 
0.165 951.884688782 
0.165125 951.88487207 
0.16525 951.885055465 
0.165375 951.885238965 
0.1655 951.885422572 
0.165625 951.885606283 
0.16575 951.885790101 
0.165875 951.885974024 
0.166 951.886158052 
0.166125 951.886342185 
0.16625 951.886526424 
0.166375 951.886710769 
0.1665 951.886895218 
0.166625 951.887079773 
0.16675 951.887264432 
0.166875 951.887449197 
0.167 951.887634066 
0.167125 951.88781904 
0.16725 951.888004119 
0.167375 951.888189303 
0.1675 951.888374591 
0.167625 951.888559983 
0.16775 951.888745481 
0.167875 951.888931082 
0.168 951.889116788 
0.168125 951.889302598 
0.16825 951.889488513 
0.168375 951.889674531 
0.1685 951.889860653 
0.168625 951.89004688 
0.16875 951.89023321 
0.168875 951.890419644 
0.169 951.890606182 
0.169125 951.890792824 
0.16925 951.890979569 
0.169375 951.891166418 
0.1695 951.89135337 
0.169625 951.891540426 
0.16975 951.891727585 
0.169875 951.891914847 
0.17 951.892102212 
0.170125 951.892289681 
0.17025 951.892477252 
0.170375 951.892664927 
0.1705 951.892852704 
0.170625 951.893040585 
0.17075 951.893228568 
0.170875 951.893416653 
0.171 951.893604842 
0.171125 951.893793133 
0.17125 951.893981526 
0.171375 951.894170022 
0.1715 951.89435862 
0.171625 951.89454732 
0.17175 951.894736123 
0.171875 951.894925027 
0.172 951.895114034 
0.172125 951.895303143 
0.17225 951.895492353 
0.172375 951.895681666 
0.1725 951.89587108 
0.172625 951.896060596 
0.17275 951.896250213 
0.172875 951.896439932 
0.173 951.896629753 
0.173125 951.896819674 
0.17325 951.897009698 
0.173375 951.897199822 
0.1735 951.897390048 
0.173625 951.897580375 
0.17375 951.897770802 
0.173875 951.897961331 
0.174 951.898151961 
0.174125 951.898342691 
0.17425 951.898533522 
0.174375 951.898724454 
0.1745 951.898915487 
0.174625 951.89910662 
0.17475 951.899297853 
0.174875 951.899489187 
0.175 951.899680621 
0.175125 951.899872156 
0.17525 951.90006379 
0.175375 951.900255525 
0.1755 951.90044736 
0.175625 951.900639295 
0.17575 951.900831329 
0.175875 951.901023464 
0.176 951.901215698 
0.176125 951.901408031 
0.17625 951.901600465 
0.176375 951.901792998 
0.1765 951.90198563 
0.176625 951.902178362 
0.17675 951.902371193 
0.176875 951.902564123 
0.177 951.902757152 
0.177125 951.902950281 
0.17725 951.903143508 
0.177375 951.903336835 
0.1775 951.90353026 
0.177625 951.903723784 
0.17775 951.903917407 
0.177875 951.904111128 
0.178 951.904304948 
0.178125 951.904498867 
0.17825 951.904692883 
0.178375 951.904886999 
0.1785 951.905081212 
0.178625 951.905275524 
0.17875 951.905469934 
0.178875 951.905664442 
0.179 951.905859047 
0.179125 951.906053751 
0.17925 951.906248553 
0.179375 951.906443452 
0.1795 951.906638449 
0.179625 951.906833544 
0.17975 951.907028736 
0.179875 951.907224026 
0.18 951.907419413 
0.180125 951.907614897 
0.18025 951.907810479 
0.180375 951.908006158 
0.1805 951.908201934 
0.180625 951.908397807 
0.18075 951.908593777 
0.180875 951.908789843 
0.181 951.908986007 
0.181125 951.909182267 
0.18125 951.909378624 
0.181375 951.909575078 
0.1815 951.909771628 
0.181625 951.909968274 
0.18175 951.910165017 
0.181875 951.910361856 
0.182 951.910558791 
0.182125 951.910755823 
0.18225 951.91095295 
0.182375 951.911150174 
0.1825 951.911347493 
0.182625 951.911544908 
0.18275 951.91174242 
0.182875 951.911940026 
0.183 951.912137729 
0.183125 951.912335526 
0.18325 951.91253342 
0.183375 951.912731408 
0.1835 951.912929492 
0.183625 951.913127672 
0.18375 951.913325946 
0.183875 951.913524316 
0.184 951.91372278 
0.184125 951.91392134 
0.18425 951.914119994 
0.184375 951.914318743 
0.1845 951.914517587 
0.184625 951.914716526 
0.18475 951.914915559 
0.184875 951.915114687 
0.185 951.915313909 
0.185125 951.915513225 
0.18525 951.915712636 
0.185375 951.91591214 
0.1855 951.916111739 
0.185625 951.916311432 
0.18575 951.916511219 
0.185875 951.9167111 
0.186 951.916911075 
0.186125 951.917111143 
0.18625 951.917311306 
0.186375 951.917511561 
0.1865 951.91771191 
0.186625 951.917912353 
0.18675 951.918112889 
0.186875 951.918313518 
0.187 951.918514241 
0.187125 951.918715057 
0.18725 951.918915965 
0.187375 951.919116967 
0.1875 951.919318062 
0.187625 951.919519249 
0.18775 951.91972053 
0.187875 951.919921903 
0.188 951.920123368 
0.188125 951.920324926 
0.18825 951.920526577 
0.188375 951.92072832 
0.1885 951.920930155 
0.188625 951.921132083 
0.18875 951.921334102 
0.188875 951.921536214 
0.189 951.921738418 
0.189125 951.921940714 
0.18925 951.922143101 
0.189375 951.922345581 
0.1895 951.922548152 
0.189625 951.922750814 
0.18975 951.922953569 
0.189875 951.923156414 
0.19 951.923359352 
0.190125 951.92356238 
0.19025 951.9237655 
0.190375 951.923968711 
0.1905 951.924172013 
0.190625 951.924375406 
0.19075 951.92457889 
0.190875 951.924782464 
0.191 951.92498613 
0.191125 951.925189886 
0.19125 951.925393733 
0.191375 951.925597671 
0.1915 951.925801699 
0.191625 951.926005817 
0.19175 951.926210026 
0.191875 951.926414325 
0.192 951.926618714 
0.192125 951.926823194 
0.19225 951.927027763 
0.192375 951.927232422 
0.1925 951.927437171 
0.192625 951.92764201 
0.19275 951.927846939 
0.192875 951.928051957 
0.193 951.928257065 
0.193125 951.928462263 
0.19325 951.92866755 
0.193375 951.928872926 
0.1935 951.929078391 
0.193625 951.929283946 
0.19375 951.929489589 
0.193875 951.929695322 
0.194 951.929901144 
0.194125 951.930107054 
0.19425 951.930313054 
0.194375 951.930519142 
0.1945 951.930725319 
0.194625 951.930931584 
0.19475 951.931137938 
0.194875 951.93134438 
0.195 951.931550911 
0.195125 951.93175753 
0.19525 951.931964237 
0.195375 951.932171032 
0.1955 951.932377915 
0.195625 951.932584886 
0.19575 951.932791945 
0.195875 951.932999092 
0.196 951.933206326 
0.196125 951.933413648 
0.19625 951.933621058 
0.196375 951.933828555 
0.1965 951.93403614 
0.196625 951.934243812 
0.19675 951.934451571 
0.196875 951.934659418 
0.197 951.934867351 
0.197125 951.935075372 
0.19725 951.935283479 
0.197375 951.935491674 
0.1975 951.935699955 
0.197625 951.935908323 
0.19775 951.936116777 
0.197875 951.936325318 
0.198 951.936533946 
0.198125 951.93674266 
0.19825 951.93695146 
0.198375 951.937160346 
0.1985 951.937369319 
0.198625 951.937578378 
0.19875 951.937787523 
0.198875 951.937996753 
0.199 951.93820607 
0.199125 951.938415472 
0.19925 951.93862496 
0.199375 951.938834534 
0.1995 951.939044193 
0.199625 951.939253938 
0.19975 951.939463768 
0.199875 951.939673684 
0.2 951.939883684 
0.200125 951.94009377 
0.20025 951.940303941 
0.200375 951.940514197 
0.2005 951.940724538 
0.200625 951.940934963 
0.20075 951.941145474 
0.200875 951.941356069 
0.201 951.941566749 
0.201125 951.941777513 
0.20125 951.941988361 
0.201375 951.942199295 
0.2015 951.942410312 
0.201625 951.942621414 
0.20175 951.942832599 
0.201875 951.943043869 
0.202 951.943255223 
0.202125 951.94346666 
0.20225 951.943678182 
0.202375 951.943889787 
0.2025 951.944101476 
0.202625 951.944313249 
0.20275 951.944525105 
0.202875 951.944737044 
0.203 951.944949067 
0.203125 951.945161173 
0.20325 951.945373362 
0.203375 951.945585635 
0.2035 951.94579799 
0.203625 951.946010428 
0.20375 951.94622295 
0.203875 951.946435554 
0.204 951.946648241 
0.204125 951.94686101 
0.20425 951.947073862 
0.204375 951.947286797 
0.2045 951.947499813 
0.204625 951.947712913 
0.20475 951.947926094 
0.204875 951.948139358 
0.205 951.948352704 
0.205125 951.948566131 
0.20525 951.948779641 
0.205375 951.948993232 
0.2055 951.949206906 
0.205625 951.949420661 
0.20575 951.949634497 
0.205875 951.949848416 
0.206 951.950062415 
0.206125 951.950276496 
0.20625 951.950490658 
0.206375 951.950704902 
0.2065 951.950919227 
0.206625 951.951133632 
0.20675 951.951348119 
0.206875 951.951562687 
0.207 951.951777335 
0.207125 951.951992064 
0.20725 951.952206874 
0.207375 951.952421765 
0.2075 951.952636735 
0.207625 951.952851787 
0.20775 951.953066918 
0.207875 951.95328213 
0.208 951.953497423 
0.208125 951.953712795 
0.20825 951.953928247 
0.208375 951.954143779 
0.2085 951.954359391 
0.208625 951.954575083 
0.20875 951.954790855 
0.208875 951.955006706 
0.209 951.955222637 
0.209125 951.955438647 
0.20925 951.955654737 
0.209375 951.955870906 
0.2095 951.956087154 
0.209625 951.956303481 
0.20975 951.956519888 
0.209875 951.956736373 
0.21 951.956952937 
0.210125 951.957169581 
0.21025 951.957386302 
0.210375 951.957603103 
0.2105 951.957819982 
0.210625 951.95803694 
0.21075 951.958253976 
0.210875 951.95847109 
0.211 951.958688283 
0.211125 951.958905554 
0.21125 951.959122903 
0.211375 951.95934033 
0.2115 951.959557835 
0.211625 951.959775418 
0.21175 951.959993078 
0.211875 951.960210817 
0.212 951.960428633 
0.212125 951.960646526 
0.21225 951.960864497 
0.212375 951.961082546 
0.2125 951.961300671 
0.212625 951.961518874 
0.21275 951.961737154 
0.212875 951.961955511 
0.213 951.962173946 
0.213125 951.962392457 
0.21325 951.962611044 
0.213375 951.962829709 
0.2135 951.96304845 
0.213625 951.963267268 
0.21375 951.963486162 
0.213875 951.963705133 
0.214 951.96392418 
0.214125 951.964143304 
0.21425 951.964362503 
0.214375 951.964581779 
0.2145 951.964801131 
0.214625 951.965020558 
0.21475 951.965240062 
0.214875 951.965459641 
0.215 951.965679296 
0.215125 951.965899026 
0.21525 951.966118832 
0.215375 951.966338714 
0.2155 951.966558671 
0.215625 951.966778703 
0.21575 951.96699881 
0.215875 951.967218993 
0.216 951.96743925 
0.216125 951.967659583 
0.21625 951.96787999 
0.216375 951.968100473 
0.2165 951.96832103 
0.216625 951.968541661 
0.21675 951.968762367 
0.216875 951.968983148 
0.217 951.969204003 
0.217125 951.969424933 
0.21725 951.969645936 
0.217375 951.969867014 
0.2175 951.970088166 
0.217625 951.970309392 
0.21775 951.970530691 
0.217875 951.970752065 
0.218 951.970973512 
0.218125 951.971195033 
0.21825 951.971416628 
0.218375 951.971638296 
0.2185 951.971860038 
0.218625 951.972081852 
0.21875 951.972303741 
0.218875 951.972525702 
0.219 951.972747736 
0.219125 951.972969844 
0.21925 951.973192024 
0.219375 951.973414277 
0.2195 951.973636603 
0.219625 951.973859002 
0.21975 951.974081473 
0.219875 951.974304017 
0.22 951.974526633 
0.220125 951.974749322 
0.22025 951.974972083 
0.220375 951.975194916 
0.2205 951.975417821 
0.220625 951.975640799 
0.22075 951.975863848 
0.220875 951.976086969 
0.221 951.976310162 
0.221125 951.976533427 
0.22125 951.976756763 
0.221375 951.976980171 
0.2215 951.97720365 
0.221625 951.977427201 
0.22175 951.977650823 
0.221875 951.977874516 
0.222 951.97809828 
0.222125 951.978322116 
0.22225 951.978546022 
0.222375 951.97877 
0.2225 951.978994048 
0.222625 951.979218167 
0.22275 951.979442356 
0.222875 951.979666616 
0.223 951.979890947 
0.223125 951.980115348 
0.22325 951.980339819 
0.223375 951.98056436 
0.2235 951.980788972 
0.223625 951.981013654 
0.22375 951.981238405 
0.223875 951.981463227 
0.224 951.981688119 
0.224125 951.98191308 
0.22425 951.982138111 
0.224375 951.982363211 
0.2245 951.982588381 
0.224625 951.982813621 
0.22475 951.983038929 
0.224875 951.983264307 
0.225 951.983489754 
0.225125 951.983715271 
0.22525 951.983940856 
0.225375 951.98416651 
0.2255 951.984392233 
0.225625 951.984618025 
0.22575 951.984843885 
0.225875 951.985069815 
0.226 951.985295812 
0.226125 951.985521878 
0.22625 951.985748013 
0.226375 951.985974215 
0.2265 951.986200486 
0.226625 951.986426825 
0.22675 951.986653232 
0.226875 951.986879707 
0.227 951.987106249 
0.227125 951.98733286 
0.22725 951.987559538 
0.227375 951.987786284 
0.2275 951.988013097 
0.227625 951.988239978 
0.22775 951.988466926 
0.227875 951.988693941 
0.228 951.988921024 
0.228125 951.989148174 
0.22825 951.98937539 
0.228375 951.989602674 
0.2285 951.989830025 
0.228625 951.990057442 
0.22875 951.990284926 
0.228875 951.990512477 
0.229 951.990740094 
0.229125 951.990967777 
0.22925 951.991195527 
0.229375 951.991423344 
0.2295 951.991651226 
0.229625 951.991879175 
0.22975 951.992107189 
0.229875 951.99233527 
0.23 951.992563416 
0.230125 951.992791628 
0.23025 951.993019906 
0.230375 951.99324825 
0.2305 951.993476659 
0.230625 951.993705133 
0.23075 951.993933673 
0.230875 951.994162279 
0.231 951.994390949 
0.231125 951.994619684 
0.23125 951.994848485 
0.231375 951.995077351 
0.2315 951.995306281 
0.231625 951.995535276 
0.23175 951.995764336 
0.231875 951.99599346 
0.232 951.99622265 
0.232125 951.996451903 
0.23225 951.996681221 
0.232375 951.996910603 
0.2325 951.99714005 
0.232625 951.99736956 
0.23275 951.997599135 
0.232875 951.997828773 
0.233 951.998058475 
0.233125 951.998288242 
0.23325 951.998518072 
0.233375 951.998747965 
0.2335 951.998977922 
0.233625 951.999207943 
0.23375 951.999438026 
0.233875 951.999668174 
0.234 951.999898384 
0.234125 952.000128658 
0.23425 952.000358994 
0.234375 952.000589394 
0.2345 952.000819856 
0.234625 952.001050381 
0.23475 952.001280969 
0.234875 952.00151162 
0.235 952.001742333 
0.235125 952.001973108 
0.23525 952.002203946 
0.235375 952.002434846 
0.2355 952.002665809 
0.235625 952.002896833 
0.23575 952.00312792 
0.235875 952.003359068 
0.236 952.003590279 
0.236125 952.003821551 
0.23625 952.004052885 
0.236375 952.00428428 
0.2365 952.004515737 
0.236625 952.004747256 
0.23675 952.004978836 
0.236875 952.005210477 
0.237 952.005442179 
0.237125 952.005673943 
0.23725 952.005905767 
0.237375 952.006137653 
0.2375 952.006369599 
0.237625 952.006601606 
0.23775 952.006833674 
0.237875 952.007065802 
0.238 952.007297991 
0.238125 952.007530241 
0.23825 952.007762551 
0.238375 952.007994921 
0.2385 952.008227351 
0.238625 952.008459841 
0.23875 952.008692392 
0.238875 952.008925002 
0.239 952.009157672 
0.239125 952.009390402 
0.23925 952.009623192 
0.239375 952.009856041 
0.2395 952.01008895 
0.239625 952.010321919 
0.23975 952.010554946 
0.239875 952.010788033 
0.24 952.011021179 
0.240125 952.011254384 
0.24025 952.011487649 
0.240375 952.011720972 
0.2405 952.011954354 
0.240625 952.012187795 
0.24075 952.012421294 
0.240875 952.012654852 
0.241 952.012888469 
0.241125 952.013122144 
0.24125 952.013355878 
0.241375 952.013589669 
0.2415 952.013823519 
0.241625 952.014057427 
0.24175 952.014291393 
0.241875 952.014525417 
0.242 952.014759499 
0.242125 952.014993638 
0.24225 952.015227836 
0.242375 952.01546209 
0.2425 952.015696403 
0.242625 952.015930772 
0.24275 952.016165199 
0.242875 952.016399684 
0.243 952.016634225 
0.243125 952.016868824 
0.24325 952.017103479 
0.243375 952.017338192 
0.2435 952.017572961 
0.243625 952.017807787 
0.24375 952.01804267 
0.243875 952.01827761 
0.244 952.018512605 
0.244125 952.018747658 
0.24425 952.018982766 
0.244375 952.019217931 
0.2445 952.019453152 
0.244625 952.019688429 
0.24475 952.019923762 
0.244875 952.020159151 
0.245 952.020394596 
0.245125 952.020630097 
0.24525 952.020865653 
0.245375 952.021101265 
0.2455 952.021336932 
0.245625 952.021572654 
0.24575 952.021808432 
0.245875 952.022044266 
0.246 952.022280154 
0.246125 952.022516097 
0.24625 952.022752096 
0.246375 952.022988149 
0.2465 952.023224257 
0.246625 952.02346042 
0.24675 952.023696637 
0.246875 952.023932909 
0.247 952.024169236 
0.247125 952.024405617 
0.24725 952.024642052 
0.247375 952.024878541 
0.2475 952.025115085 
0.247625 952.025351682 
0.24775 952.025588334 
0.247875 952.025825039 
0.248 952.026061798 
0.248125 952.026298611 
0.24825 952.026535478 
0.248375 952.026772398 
0.2485 952.027009371 
0.248625 952.027246398 
0.24875 952.027483479 
0.248875 952.027720612 
0.249 952.027957798 
0.249125 952.028195038 
0.24925 952.02843233 
0.249375 952.028669676 
0.2495 952.028907074 
0.249625 952.029144525 
0.24975 952.029382028 
0.249875 952.029619584 
0.25 952.029857192 
0.250125 952.030094853 
0.25025 952.030332566 
0.250375 952.030570331 
0.2505 952.030808148 
0.250625 952.031046018 
0.25075 952.031283939 
0.250875 952.031521912 
0.251 952.031759937 
0.251125 952.031998013 
0.25125 952.032236141 
0.251375 952.032474321 
0.2515 952.032712552 
0.251625 952.032950834 
0.25175 952.033189168 
0.251875 952.033427552 
0.252 952.033665988 
0.252125 952.033904475 
0.25225 952.034143013 
0.252375 952.034381601 
0.2525 952.03462024 
0.252625 952.03485893 
0.25275 952.035097671 
0.252875 952.035336462 
0.253 952.035575303 
0.253125 952.035814195 
0.25325 952.036053137 
0.253375 952.036292129 
0.2535 952.036531171 
0.253625 952.036770263 
0.25375 952.037009405 
0.253875 952.037248597 
0.254 952.037487838 
0.254125 952.037727129 
0.25425 952.03796647 
0.254375 952.03820586 
0.2545 952.0384453 
0.254625 952.038684789 
0.25475 952.038924327 
0.254875 952.039163914 
0.255 952.03940355 
0.255125 952.039643235 
0.25525 952.039882969 
0.255375 952.040122752 
0.2555 952.040362583 
0.255625 952.040602463 
0.25575 952.040842392 
0.255875 952.041082369 
0.256 952.041322394 
0.256125 952.041562468 
0.25625 952.04180259 
0.256375 952.04204276 
0.2565 952.042282978 
0.256625 952.042523244 
0.25675 952.042763557 
0.256875 952.043003919 
0.257 952.043244328 
0.257125 952.043484785 
0.25725 952.043725289 
0.257375 952.043965841 
0.2575 952.04420644 
0.257625 952.044447086 
0.25775 952.044687779 
0.257875 952.04492852 
0.258 952.045169307 
0.258125 952.045410142 
0.25825 952.045651023 
0.258375 952.045891951 
0.2585 952.046132925 
0.258625 952.046373946 
0.25875 952.046615014 
0.258875 952.046856128 
0.259 952.047097288 
0.259125 952.047338495 
0.25925 952.047579748 
0.259375 952.047821046 
0.2595 952.048062391 
0.259625 952.048303782 
0.25975 952.048545218 
0.259875 952.0487867 
0.26 952.049028228 
0.260125 952.049269801 
0.26025 952.04951142 
0.260375 952.049753084 
0.2605 952.049994793 
0.260625 952.050236547 
0.26075 952.050478347 
0.260875 952.050720192 
0.261 952.050962081 
0.261125 952.051204016 
0.26125 952.051445995 
0.261375 952.051688019 
0.2615 952.051930088 
0.261625 952.052172201 
0.26175 952.052414358 
0.261875 952.05265656 
0.262 952.052898806 
0.262125 952.053141096 
0.26225 952.05338343 
0.262375 952.053625809 
0.2625 952.053868231 
0.262625 952.054110697 
0.26275 952.054353207 
0.262875 952.05459576 
0.263 952.054838357 
0.263125 952.055080998 
0.26325 952.055323682 
0.263375 952.055566409 
0.2635 952.055809179 
0.263625 952.056051993 
0.26375 952.056294849 
0.263875 952.056537749 
0.264 952.056780692 
0.264125 952.057023677 
0.26425 952.057266705 
0.264375 952.057509775 
0.2645 952.057752889 
0.264625 952.057996044 
0.26475 952.058239242 
0.264875 952.058482483 
0.265 952.058725765 
0.265125 952.05896909 
0.26525 952.059212456 
0.265375 952.059455865 
0.2655 952.059699315 
0.265625 952.059942808 
0.26575 952.060186342 
0.265875 952.060429917 
0.266 952.060673534 
0.266125 952.060917193 
0.26625 952.061160892 
0.266375 952.061404634 
0.2665 952.061648416 
0.266625 952.061892239 
0.26675 952.062136103 
0.266875 952.062380009 
0.267 952.062623955 
0.267125 952.062867942 
0.26725 952.063111969 
0.267375 952.063356037 
0.2675 952.063600146 
0.267625 952.063844295 
0.26775 952.064088484 
0.267875 952.064332713 
0.268 952.064576983 
0.268125 952.064821293 
0.26825 952.065065642 
0.268375 952.065310032 
0.2685 952.065554461 
0.268625 952.06579893 
0.26875 952.066043439 
0.268875 952.066287987 
0.269 952.066532575 
0.269125 952.066777202 
0.26925 952.067021868 
0.269375 952.067266574 
0.2695 952.067511319 
0.269625 952.067756102 
0.26975 952.068000925 
0.269875 952.068245786 
0.27 952.068490687 
0.270125 952.068735626 
0.27025 952.068980603 
0.270375 952.069225619 
0.2705 952.069470674 
0.270625 952.069715767 
0.27075 952.069960898 
0.270875 952.070206067 
0.271 952.070451274 
0.271125 952.07069652 
0.27125 952.070941803 
0.271375 952.071187124 
0.2715 952.071432483 
0.271625 952.071677879 
0.27175 952.071923313 
0.271875 952.072168785 
0.272 952.072414294 
0.272125 952.07265984 
0.27225 952.072905424 
0.272375 952.073151044 
0.2725 952.073396702 
0.272625 952.073642397 
0.27275 952.073888128 
0.272875 952.074133896 
0.273 952.074379701 
0.273125 952.074625543 
0.27325 952.074871421 
0.273375 952.075117336 
0.2735 952.075363287 
0.273625 952.075609274 
0.27375 952.075855298 
0.273875 952.076101357 
0.274 952.076347453 
0.274125 952.076593585 
0.27425 952.076839752 
0.274375 952.077085955 
0.2745 952.077332194 
0.274625 952.077578469 
0.27475 952.077824779 
0.274875 952.078071124 
0.275 952.078317505 
0.275125 952.078563921 
0.27525 952.078810372 
0.275375 952.079056858 
0.2755 952.079303379 
0.275625 952.079549935 
0.27575 952.079796526 
0.275875 952.080043152 
0.276 952.080289812 
0.276125 952.080536507 
0.27625 952.080783237 
0.276375 952.08103 
0.2765 952.081276798 
0.276625 952.081523631 
0.27675 952.081770497 
0.276875 952.082017398 
0.277 952.082264332 
0.277125 952.0825113 
0.27725 952.082758303 
0.277375 952.083005338 
0.2775 952.083252408 
0.277625 952.083499511 
0.27775 952.083746647 
0.277875 952.083993817 
0.278 952.08424102 
0.278125 952.084488256 
0.27825 952.084735526 
0.278375 952.084982828 
0.2785 952.085230163 
0.278625 952.085477531 
0.27875 952.085724932 
0.278875 952.085972366 
0.279 952.086219832 
0.279125 952.086467331 
0.27925 952.086714862 
0.279375 952.086962425 
0.2795 952.087210021 
0.279625 952.087457649 
0.27975 952.087705308 
0.279875 952.087953 
0.28 952.088200724 
0.280125 952.08844848 
0.28025 952.088696267 
0.280375 952.088944086 
0.2805 952.089191936 
0.280625 952.089439818 
0.28075 952.089687732 
0.280875 952.089935676 
0.281 952.090183652 
0.281125 952.090431659 
0.28125 952.090679697 
0.281375 952.090927766 
0.2815 952.091175866 
0.281625 952.091423997 
0.28175 952.091672158 
0.281875 952.09192035 
0.282 952.092168572 
0.282125 952.092416825 
0.28225 952.092665109 
0.282375 952.092913422 
0.2825 952.093161766 
0.282625 952.09341014 
0.28275 952.093658543 
0.282875 952.093906977 
0.283 952.094155441 
0.283125 952.094403934 
0.28325 952.094652457 
0.283375 952.09490101 
0.2835 952.095149592 
0.283625 952.095398203 
0.28375 952.095646844 
0.283875 952.095895514 
0.284 952.096144213 
0.284125 952.096392941 
0.28425 952.096641699 
0.284375 952.096890485 
0.2845 952.0971393 
0.284625 952.097388143 
0.28475 952.097637016 
0.284875 952.097885916 
0.285 952.098134846 
0.285125 952.098383803 
0.28525 952.098632789 
0.285375 952.098881803 
0.2855 952.099130846 
0.285625 952.099379916 
0.28575 952.099629014 
0.285875 952.09987814 
0.286 952.100127294 
0.286125 952.100376476 
0.28625 952.100625685 
0.286375 952.100874922 
0.2865 952.101124186 
0.286625 952.101373477 
0.28675 952.101622796 
0.286875 952.101872142 
0.287 952.102121515 
0.287125 952.102370915 
0.28725 952.102620342 
0.287375 952.102869796 
0.2875 952.103119276 
0.287625 952.103368783 
0.28775 952.103618317 
0.287875 952.103867877 
0.288 952.104117464 
0.288125 952.104367077 
0.28825 952.104616716 
0.288375 952.104866381 
0.2885 952.105116073 
0.288625 952.10536579 
0.28875 952.105615533 
0.288875 952.105865302 
0.289 952.106115097 
0.289125 952.106364917 
0.28925 952.106614763 
0.289375 952.106864635 
0.2895 952.107114531 
0.289625 952.107364453 
0.28975 952.107614401 
0.289875 952.107864373 
0.29 952.10811437 
0.290125 952.108364393 
0.29025 952.10861444 
0.290375 952.108864512 
0.2905 952.109114608 
0.290625 952.109364729 
0.29075 952.109614875 
0.290875 952.109865045 
0.291 952.11011524 
0.291125 952.110365459 
0.29125 952.110615701 
0.291375 952.110865968 
0.2915 952.111116259 
0.291625 952.111366574 
0.29175 952.111616913 
0.291875 952.111867276 
0.292 952.112117662 
0.292125 952.112368071 
0.29225 952.112618505 
0.292375 952.112868961 
0.2925 952.113119441 
0.292625 952.113369944 
0.29275 952.11362047 
0.292875 952.11387102 
0.293 952.114121592 
0.293125 952.114372187 
0.29325 952.114622805 
0.293375 952.114873446 
0.2935 952.115124109 
0.293625 952.115374795 
0.29375 952.115625503 
0.293875 952.115876234 
0.294 952.116126987 
0.294125 952.116377762 
0.29425 952.116628559 
0.294375 952.116879379 
0.2945 952.11713022 
0.294625 952.117381083 
0.29475 952.117631968 
0.294875 952.117882874 
0.295 952.118133802 
0.295125 952.118384752 
0.29525 952.118635723 
0.295375 952.118886715 
0.2955 952.119137729 
0.295625 952.119388764 
0.29575 952.11963982 
0.295875 952.119890897 
0.296 952.120141994 
0.296125 952.120393113 
0.29625 952.120644252 
0.296375 952.120895412 
0.2965 952.121146593 
0.296625 952.121397794 
0.29675 952.121649016 
0.296875 952.121900257 
0.297 952.122151519 
0.297125 952.122402802 
0.29725 952.122654104 
0.297375 952.122905426 
0.2975 952.123156768 
0.297625 952.12340813 
0.29775 952.123659511 
0.297875 952.123910913 
0.298 952.124162333 
0.298125 952.124413774 
0.29825 952.124665233 
0.298375 952.124916712 
0.2985 952.12516821 
0.298625 952.125419727 
0.29875 952.125671263 
0.298875 952.125922819 
0.299 952.126174393 
0.299125 952.126425985 
0.29925 952.126677597 
0.299375 952.126929227 
0.2995 952.127180875 
0.299625 952.127432542 
0.29975 952.127684228 
0.299875 952.127935931 
0.3 952.128187653 
0.300125 952.128439393 
0.30025 952.128691151 
0.300375 952.128942927 
0.3005 952.12919472 
0.300625 952.129446532 
0.30075 952.129698361 
0.300875 952.129950207 
0.301 952.130202071 
0.301125 952.130453953 
0.30125 952.130705852 
0.301375 952.130957768 
0.3015 952.131209701 
0.301625 952.131461651 
0.30175 952.131713618 
0.301875 952.131965602 
0.302 952.132217603 
0.302125 952.132469621 
0.30225 952.132721655 
0.302375 952.132973706 
0.3025 952.133225773 
0.302625 952.133477857 
0.30275 952.133729957 
0.302875 952.133982073 
0.303 952.134234205 
0.303125 952.134486354 
0.30325 952.134738518 
0.303375 952.134990698 
0.3035 952.135242894 
0.303625 952.135495106 
0.30375 952.135747333 
0.303875 952.135999576 
0.304 952.136251834 
0.304125 952.136504107 
0.30425 952.136756396 
0.304375 952.1370087 
0.3045 952.137261019 
0.304625 952.137513353 
0.30475 952.137765703 
0.304875 952.138018066 
0.305 952.138270445 
0.305125 952.138522838 
0.30525 952.138775246 
0.305375 952.139027669 
0.3055 952.139280106 
0.305625 952.139532557 
0.30575 952.139785022 
0.305875 952.140037502 
0.306 952.140289995 
0.306125 952.140542503 
0.30625 952.140795025 
0.306375 952.14104756 
0.3065 952.141300109 
0.306625 952.141552672 
0.30675 952.141805248 
0.306875 952.142057838 
0.307 952.142310441 
0.307125 952.142563058 
0.30725 952.142815687 
0.307375 952.14306833 
0.3075 952.143320986 
0.307625 952.143573655 
0.30775 952.143826337 
0.307875 952.144079031 
0.308 952.144331739 
0.308125 952.144584459 
0.30825 952.144837191 
0.308375 952.145089936 
0.3085 952.145342693 
0.308625 952.145595463 
0.30875 952.145848245 
0.308875 952.146101038 
0.309 952.146353844 
0.309125 952.146606662 
0.30925 952.146859492 
0.309375 952.147112334 
0.3095 952.147365187 
0.309625 952.147618052 
0.30975 952.147870928 
0.309875 952.148123816 
0.31 952.148376715 
0.310125 952.148629625 
0.31025 952.148882547 
0.310375 952.14913548 
0.3105 952.149388423 
0.310625 952.149641378 
0.31075 952.149894344 
0.310875 952.15014732 
0.311 952.150400307 
0.311125 952.150653304 
0.31125 952.150906312 
0.311375 952.151159331 
0.3115 952.151412359 
0.311625 952.151665399 
0.31175 952.151918448 
0.311875 952.152171507 
0.312 952.152424576 
0.312125 952.152677655 
0.31225 952.152930744 
0.312375 952.153183843 
0.3125 952.153436952 
0.312625 952.15369007 
0.31275 952.153943197 
0.312875 952.154196334 
0.313 952.15444948 
0.313125 952.154702636 
0.31325 952.1549558 
0.313375 952.155208974 
0.3135 952.155462156 
0.313625 952.155715348 
0.31375 952.155968548 
0.313875 952.156221757 
0.314 952.156474975 
0.314125 952.156728201 
0.31425 952.156981436 
0.314375 952.157234679 
0.3145 952.15748793 
0.314625 952.15774119 
0.31475 952.157994458 
0.314875 952.158247734 
0.315 952.158501017 
0.315125 952.158754309 
0.31525 952.159007608 
0.315375 952.159260916 
0.3155 952.15951423 
0.315625 952.159767553 
0.31575 952.160020882 
0.315875 952.16027422 
0.316 952.160527564 
0.316125 952.160780916 
0.31625 952.161034274 
0.316375 952.16128764 
0.3165 952.161541013 
0.316625 952.161794393 
0.31675 952.162047779 
0.316875 952.162301172 
0.317 952.162554572 
0.317125 952.162807978 
0.31725 952.163061391 
0.317375 952.16331481 
0.3175 952.163568235 
0.317625 952.163821666 
0.31775 952.164075104 
0.317875 952.164328548 
0.318 952.164581997 
0.318125 952.164835452 
0.31825 952.165088914 
0.318375 952.16534238 
0.3185 952.165595853 
0.318625 952.165849331 
0.31875 952.166102814 
0.318875 952.166356303 
0.319 952.166609797 
0.319125 952.166863296 
0.31925 952.1671168 
0.319375 952.16737031 
0.3195 952.167623824 
0.319625 952.167877343 
0.31975 952.168130867 
0.319875 952.168384395 
0.32 952.168637928 
0.320125 952.168891466 
0.32025 952.169145008 
0.320375 952.169398554 
0.3205 952.169652105 
0.320625 952.16990566 
0.32075 952.170159218 
0.320875 952.170412781 
0.321 952.170666348 
0.321125 952.170919919 
0.32125 952.171173493 
0.321375 952.171427071 
0.3215 952.171680653 
0.321625 952.171934238 
0.32175 952.172187826 
0.321875 952.172441418 
0.322 952.172695013 
0.322125 952.172948611 
0.32225 952.173202212 
0.322375 952.173455817 
0.3225 952.173709424 
0.322625 952.173963034 
0.32275 952.174216647 
0.322875 952.174470262 
0.323 952.17472388 
0.323125 952.174977501 
0.32325 952.175231123 
0.323375 952.175484749 
0.3235 952.175738376 
0.323625 952.175992006 
0.32375 952.176245637 
0.323875 952.176499271 
0.324 952.176752906 
0.324125 952.177006544 
0.32425 952.177260183 
0.324375 952.177513824 
0.3245 952.177767466 
0.324625 952.17802111 
0.32475 952.178274755 
0.324875 952.178528401 
0.325 952.178782049 
0.325125 952.179035698 
0.32525 952.179289348 
0.325375 952.179542999 
0.3255 952.179796651 
0.325625 952.180050303 
0.32575 952.180303957 
0.325875 952.180557611 
0.326 952.180811265 
0.326125 952.18106492 
0.32625 952.181318576 
0.326375 952.181572231 
0.3265 952.181825887 
0.326625 952.182079543 
0.32675 952.1823332 
0.326875 952.182586856 
0.327 952.182840512 
0.327125 952.183094168 
0.32725 952.183347823 
0.327375 952.183601479 
0.3275 952.183855133 
0.327625 952.184108788 
0.32775 952.184362441 
0.327875 952.184616094 
0.328 952.184869747 
0.328125 952.185123398 
0.32825 952.185377048 
0.328375 952.185630698 
0.3285 952.185884346 
0.328625 952.186137993 
0.32875 952.186391639 
0.328875 952.186645283 
0.329 952.186898926 
0.329125 952.187152568 
0.32925 952.187406208 
0.329375 952.187659846 
0.3295 952.187913482 
0.329625 952.188167117 
0.32975 952.188420749 
0.329875 952.18867438 
0.33 952.188928008 
0.330125 952.189181635 
0.33025 952.189435259 
0.330375 952.18968888 
0.3305 952.1899425 
0.330625 952.190196116 
0.33075 952.190449731 
0.330875 952.190703342 
0.331 952.190956951 
0.331125 952.191210556 
0.33125 952.191464159 
0.331375 952.191717759 
0.3315 952.191971356 
0.331625 952.192224949 
0.33175 952.19247854 
0.331875 952.192732126 
0.332 952.19298571 
0.332125 952.19323929 
0.33225 952.193492866 
0.332375 952.193746439 
0.3325 952.194000008 
0.332625 952.194253573 
0.33275 952.194507134 
0.332875 952.194760691 
0.333 952.195014244 
0.333125 952.195267793 
0.33325 952.195521338 
0.333375 952.195774878 
0.3335 952.196028414 
0.333625 952.196281945 
0.33375 952.196535472 
0.333875 952.196788994 
0.334 952.197042511 
0.334125 952.197296023 
0.33425 952.197549531 
0.334375 952.197803033 
0.3345 952.198056531 
0.334625 952.198310023 
0.33475 952.19856351 
0.334875 952.198816991 
0.335 952.199070467 
0.335125 952.199323938 
0.33525 952.199577403 
0.335375 952.199830863 
0.3355 952.200084316 
0.335625 952.200337764 
0.33575 952.200591206 
0.335875 952.200844642 
0.336 952.201098072 
0.336125 952.201351495 
0.33625 952.201604913 
0.336375 952.201858324 
0.3365 952.202111729 
0.336625 952.202365127 
0.33675 952.202618518 
0.336875 952.202871903 
0.337 952.203125281 
0.337125 952.203378653 
0.33725 952.203632017 
0.337375 952.203885375 
0.3375 952.204138725 
0.337625 952.204392068 
0.33775 952.204645404 
0.337875 952.204898733 
0.338 952.205152054 
0.338125 952.205405368 
0.33825 952.205658674 
0.338375 952.205911973 
0.3385 952.206165264 
0.338625 952.206418547 
0.33875 952.206671822 
0.338875 952.206925089 
0.339 952.207178348 
0.339125 952.207431599 
0.33925 952.207684842 
0.339375 952.207938077 
0.3395 952.208191303 
0.339625 952.20844452 
0.33975 952.208697729 
0.339875 952.20895093 
0.34 952.209204122 
0.340125 952.209457304 
0.34025 952.209710478 
0.340375 952.209963644 
0.3405 952.2102168 
0.340625 952.210469946 
0.34075 952.210723084 
0.340875 952.210976213 
0.341 952.211229332 
0.341125 952.211482441 
0.34125 952.211735541 
0.341375 952.211988632 
0.3415 952.212241712 
0.341625 952.212494783 
0.34175 952.212747844 
0.341875 952.213000896 
0.342 952.213253937 
0.342125 952.213506968 
0.34225 952.213759989 
0.342375 952.214012999 
0.3425 952.214265999 
0.342625 952.214518989 
0.34275 952.214771968 
0.342875 952.215024937 
0.343 952.215277895 
0.343125 952.215530842 
0.34325 952.215783779 
0.343375 952.216036704 
0.3435 952.216289619 
0.343625 952.216542522 
0.34375 952.216795414 
0.343875 952.217048295 
0.344 952.217301165 
0.344125 952.217554023 
0.34425 952.21780687 
0.344375 952.218059705 
0.3445 952.218312529 
0.344625 952.21856534 
0.34475 952.21881814 
0.344875 952.219070928 
0.345 952.219323704 
0.345125 952.219576468 
0.34525 952.21982922 
0.345375 952.22008196 
0.3455 952.220334687 
0.345625 952.220587402 
0.34575 952.220840105 
0.345875 952.221092795 
0.346 952.221345472 
0.346125 952.221598136 
0.34625 952.221850788 
0.346375 952.222103427 
0.3465 952.222356053 
0.346625 952.222608666 
0.34675 952.222861266 
0.346875 952.223113852 
0.347 952.223366426 
0.347125 952.223618986 
0.34725 952.223871532 
0.347375 952.224124065 
0.3475 952.224376585 
0.347625 952.22462909 
0.34775 952.224881582 
0.347875 952.22513406 
0.348 952.225386525 
0.348125 952.225638975 
0.34825 952.225891411 
0.348375 952.226143833 
0.3485 952.22639624 
0.348625 952.226648634 
0.34875 952.226901012 
0.348875 952.227153377 
0.349 952.227405727 
0.349125 952.227658062 
0.34925 952.227910382 
0.349375 952.228162688 
0.3495 952.228414979 
0.349625 952.228667254 
0.34975 952.228919515 
0.349875 952.229171761 
0.35 952.229423991 
0.350125 952.229676206 
0.35025 952.229928406 
0.350375 952.23018059 
0.3505 952.230432758 
0.350625 952.230684911 
0.35075 952.230937049 
0.350875 952.23118917 
0.351 952.231441276 
0.351125 952.231693366 
0.35125 952.231945439 
0.351375 952.232197497 
0.3515 952.232449538 
0.351625 952.232701563 
0.35175 952.232953572 
0.351875 952.233205565 
0.352 952.23345754 
0.352125 952.2337095 
0.35225 952.233961442 
0.352375 952.234213368 
0.3525 952.234465277 
0.352625 952.234717169 
0.35275 952.234969044 
0.352875 952.235220902 
0.353 952.235472743 
0.353125 952.235724567 
0.35325 952.235976373 
0.353375 952.236228162 
0.3535 952.236479934 
0.353625 952.236731688 
0.35375 952.236983424 
0.353875 952.237235143 
0.354 952.237486844 
0.354125 952.237738527 
0.35425 952.237990192 
0.354375 952.238241838 
0.3545 952.238493467 
0.354625 952.238745078 
0.35475 952.23899667 
0.354875 952.239248244 
0.355 952.2394998 
0.355125 952.239751337 
0.35525 952.240002856 
0.355375 952.240254356 
0.3555 952.240505837 
0.355625 952.240757299 
0.35575 952.241008742 
0.355875 952.241260167 
0.356 952.241511572 
0.356125 952.241762958 
0.35625 952.242014325 
0.356375 952.242265673 
0.3565 952.242517001 
0.356625 952.24276831 
0.35675 952.243019599 
0.356875 952.243270869 
0.357 952.243522118 
0.357125 952.243773349 
0.35725 952.244024559 
0.357375 952.244275749 
0.3575 952.244526919 
0.357625 952.24477807 
0.35775 952.2450292 
0.357875 952.245280309 
0.358 952.245531399 
0.358125 952.245782468 
0.35825 952.246033516 
0.358375 952.246284544 
0.3585 952.246535551 
0.358625 952.246786538 
0.35875 952.247037504 
0.358875 952.247288448 
0.359 952.247539372 
0.359125 952.247790275 
0.35925 952.248041157 
0.359375 952.248292017 
0.3595 952.248542856 
0.359625 952.248793674 
0.35975 952.24904447 
0.359875 952.249295245 
0.36 952.249545998 
0.360125 952.24979673 
0.36025 952.250047439 
0.360375 952.250298127 
0.3605 952.250548793 
0.360625 952.250799437 
0.36075 952.251050059 
0.360875 952.251300659 
0.361 952.251551236 
0.361125 952.251801791 
0.36125 952.252052324 
0.361375 952.252302834 
0.3615 952.252553322 
0.361625 952.252803787 
0.36175 952.253054229 
0.361875 952.253304649 
0.362 952.253555046 
0.362125 952.25380542 
0.36225 952.25405577 
0.362375 952.254306098 
0.3625 952.254556402 
0.362625 952.254806684 
0.36275 952.255056941 
0.362875 952.255307176 
0.363 952.255557387 
0.363125 952.255807574 
0.36325 952.256057738 
0.363375 952.256307878 
0.3635 952.256557994 
0.363625 952.256808086 
0.36375 952.257058154 
0.363875 952.257308199 
0.364 952.257558219 
0.364125 952.257808215 
0.36425 952.258058186 
0.364375 952.258308134 
0.3645 952.258558056 
0.364625 952.258807955 
0.36475 952.259057828 
0.364875 952.259307677 
0.365 952.259557502 
0.365125 952.259807301 
0.36525 952.260057076 
0.365375 952.260306825 
0.3655 952.26055655 
0.365625 952.260806249 
0.36575 952.261055923 
0.365875 952.261305572 
0.366 952.261555195 
0.366125 952.261804793 
0.36625 952.262054366 
0.366375 952.262303913 
0.3665 952.262553434 
0.366625 952.262802929 
0.36675 952.263052399 
0.366875 952.263301842 
0.367 952.26355126 
0.367125 952.263800652 
0.36725 952.264050017 
0.367375 952.264299356 
0.3675 952.264548669 
0.367625 952.264797955 
0.36775 952.265047215 
0.367875 952.265296449 
0.368 952.265545656 
0.368125 952.265794836 
0.36825 952.266043989 
0.368375 952.266293116 
0.3685 952.266542215 
0.368625 952.266791288 
0.36875 952.267040333 
0.368875 952.267289351 
0.369 952.267538342 
0.369125 952.267787306 
0.36925 952.268036242 
0.369375 952.268285151 
0.3695 952.268534033 
0.369625 952.268782886 
0.36975 952.269031712 
0.369875 952.26928051 
0.37 952.269529281 
0.370125 952.269778023 
0.37025 952.270026737 
0.370375 952.270275424 
0.3705 952.270524082 
0.370625 952.270772711 
0.37075 952.271021313 
0.370875 952.271269886 
0.371 952.271518431 
0.371125 952.271766947 
0.37125 952.272015434 
0.371375 952.272263893 
0.3715 952.272512323 
0.371625 952.272760724 
0.37175 952.273009096 
0.371875 952.273257439 
0.372 952.273505753 
0.372125 952.273754038 
0.37225 952.274002294 
0.372375 952.27425052 
0.3725 952.274498717 
0.372625 952.274746884 
0.37275 952.274995022 
0.372875 952.27524313 
0.373 952.275491208 
0.373125 952.275739257 
0.37325 952.275987276 
0.373375 952.276235265 
0.3735 952.276483224 
0.373625 952.276731152 
0.37375 952.276979051 
0.373875 952.277226919 
0.374 952.277474757 
0.374125 952.277722565 
0.37425 952.277970342 
0.374375 952.278218089 
0.3745 952.278465805 
0.374625 952.27871349 
0.37475 952.278961144 
0.374875 952.279208768 
0.375 952.279456361 
0.375125 952.279703922 
0.37525 952.279951453 
0.375375 952.280198952 
0.3755 952.280446421 
0.375625 952.280693857 
0.37575 952.280941263 
0.375875 952.281188637 
0.376 952.281435979 
0.376125 952.28168329 
0.37625 952.281930569 
0.376375 952.282177817 
0.3765 952.282425032 
0.376625 952.282672216 
0.37675 952.282919367 
0.376875 952.283166487 
0.377 952.283413574 
0.377125 952.283660629 
0.37725 952.283907652 
0.377375 952.284154642 
0.3775 952.2844016 
0.377625 952.284648526 
0.37775 952.284895418 
0.377875 952.285142279 
0.378 952.285389106 
0.378125 952.285635901 
0.37825 952.285882662 
0.378375 952.286129391 
0.3785 952.286376086 
0.378625 952.286622749 
0.37875 952.286869378 
0.378875 952.287115974 
0.379 952.287362536 
0.379125 952.287609065 
0.37925 952.287855561 
0.379375 952.288102023 
0.3795 952.288348451 
0.379625 952.288594846 
0.37975 952.288841207 
0.379875 952.289087534 
0.38 952.289333826 
0.380125 952.289580085 
0.38025 952.28982631 
0.380375 952.290072501 
0.3805 952.290318657 
0.380625 952.290564779 
0.38075 952.290810866 
0.380875 952.291056919 
0.381 952.291302938 
0.381125 952.291548921 
0.38125 952.29179487 
0.381375 952.292040785 
0.3815 952.292286664 
0.381625 952.292532508 
0.38175 952.292778318 
0.381875 952.293024092 
0.382 952.293269831 
0.382125 952.293515535 
0.38225 952.293761204 
0.382375 952.294006837 
0.3825 952.294252435 
0.382625 952.294497997 
0.38275 952.294743523 
0.382875 952.294989014 
0.383 952.295234469 
0.383125 952.295479888 
0.38325 952.295725272 
0.383375 952.295970619 
0.3835 952.29621593 
0.383625 952.296461205 
0.38375 952.296706444 
0.383875 952.296951646 
0.384 952.297196813 
0.384125 952.297441942 
0.38425 952.297687036 
0.384375 952.297932092 
0.3845 952.298177112 
0.384625 952.298422095 
0.38475 952.298667042 
0.384875 952.298911951 
0.385 952.299156824 
0.385125 952.299401659 
0.38525 952.299646458 
0.385375 952.299891219 
0.3855 952.300135943 
0.385625 952.300380629 
0.38575 952.300625279 
0.385875 952.30086989 
0.386 952.301114464 
0.386125 952.301359001 
0.38625 952.3016035 
0.386375 952.301847961 
0.3865 952.302092384 
0.386625 952.302336769 
0.38675 952.302581116 
0.386875 952.302825425 
0.387 952.303069696 
0.387125 952.303313929 
0.38725 952.303558124 
0.387375 952.30380228 
0.3875 952.304046397 
0.387625 952.304290476 
0.38775 952.304534517 
0.387875 952.304778519 
0.388 952.305022482 
0.388125 952.305266406 
0.38825 952.305510292 
0.388375 952.305754138 
0.3885 952.305997945 
0.388625 952.306241714 
0.38875 952.306485443 
0.388875 952.306729133 
0.389 952.306972783 
0.389125 952.307216394 
0.38925 952.307459966 
0.389375 952.307703498 
0.3895 952.307946991 
0.389625 952.308190443 
0.38975 952.308433856 
0.389875 952.308677229 
0.39 952.308920563 
0.390125 952.309163856 
0.39025 952.309407109 
0.390375 952.309650322 
0.3905 952.309893495 
0.390625 952.310136627 
0.39075 952.31037972 
0.390875 952.310622771 
0.391 952.310865783 
0.391125 952.311108753 
0.39125 952.311351683 
0.391375 952.311594573 
0.3915 952.311837421 
0.391625 952.312080229 
0.39175 952.312322995 
0.391875 952.312565721 
0.392 952.312808406 
0.392125 952.313051049 
0.39225 952.313293651 
0.392375 952.313536212 
0.3925 952.313778731 
0.392625 952.314021209 
0.39275 952.314263646 
0.392875 952.314506041 
0.393 952.314748394 
0.393125 952.314990706 
0.39325 952.315232975 
0.393375 952.315475203 
0.3935 952.315717389 
0.393625 952.315959533 
0.39375 952.316201634 
0.393875 952.316443694 
0.394 952.316685711 
0.394125 952.316927686 
0.39425 952.317169619 
0.394375 952.317411509 
0.3945 952.317653356 
0.394625 952.317895161 
0.39475 952.318136924 
0.394875 952.318378643 
0.395 952.31862032 
0.395125 952.318861954 
0.39525 952.319103544 
0.395375 952.319345092 
0.3955 952.319586597 
0.395625 952.319828058 
0.39575 952.320069476 
0.395875 952.320310851 
0.396 952.320552183 
0.396125 952.320793471 
0.39625 952.321034715 
0.396375 952.321275916 
0.3965 952.321517073 
0.396625 952.321758186 
0.39675 952.321999256 
0.396875 952.322240281 
0.397 952.322481263 
0.397125 952.3227222 
0.39725 952.322963094 
0.397375 952.323203943 
0.3975 952.323444748 
0.397625 952.323685509 
0.39775 952.323926225 
0.397875 952.324166897 
0.398 952.324407524 
0.398125 952.324648106 
0.39825 952.324888644 
0.398375 952.325129137 
0.3985 952.325369585 
0.398625 952.325609989 
0.39875 952.325850347 
0.398875 952.32609066 
0.399 952.326330929 
0.399125 952.326571152 
0.39925 952.326811329 
0.399375 952.327051462 
0.3995 952.327291549 
0.399625 952.32753159 
0.39975 952.327771586 
0.399875 952.328011536 
0.4 952.328251441 
0.400125 952.3284913 
0.40025 952.328731113 
0.400375 952.32897088 
0.4005 952.329210601 
0.400625 952.329450276 
0.40075 952.329689905 
0.400875 952.329929488 
0.401 952.330169024 
0.401125 952.330408515 
0.40125 952.330647958 
0.401375 952.330887356 
0.4015 952.331126706 
0.401625 952.331366011 
0.40175 952.331605268 
0.401875 952.331844479 
0.402 952.332083643 
0.402125 952.332322759 
0.40225 952.332561829 
0.402375 952.332800852 
0.4025 952.333039828 
0.402625 952.333278757 
0.40275 952.333517638 
0.402875 952.333756472 
0.403 952.333995259 
0.403125 952.334233998 
0.40325 952.33447269 
0.403375 952.334711334 
0.4035 952.334949931 
0.403625 952.335188479 
0.40375 952.33542698 
0.403875 952.335665433 
0.404 952.335903838 
0.404125 952.336142195 
0.40425 952.336380504 
0.404375 952.336618765 
0.4045 952.336856977 
0.404625 952.337095142 
0.40475 952.337333258 
0.404875 952.337571325 
0.405 952.337809344 
0.405125 952.338047314 
0.40525 952.338285236 
0.405375 952.338523109 
0.4055 952.338760933 
0.405625 952.338998708 
0.40575 952.339236435 
0.405875 952.339474112 
0.406 952.33971174 
0.406125 952.339949319 
0.40625 952.340186849 
0.406375 952.34042433 
0.4065 952.340661761 
0.406625 952.340899143 
0.40675 952.341136475 
0.406875 952.341373758 
0.407 952.341610991 
0.407125 952.341848175 
0.40725 952.342085309 
0.407375 952.342322393 
0.4075 952.342559427 
0.407625 952.342796411 
0.40775 952.343033345 
0.407875 952.343270228 
0.408 952.343507062 
0.408125 952.343743845 
0.40825 952.343980579 
0.408375 952.344217261 
0.4085 952.344453894 
0.408625 952.344690475 
0.40875 952.344927006 
0.408875 952.345163487 
0.409 952.345399917 
0.409125 952.345636296 
0.40925 952.345872624 
0.409375 952.346108901 
0.4095 952.346345127 
0.409625 952.346581302 
0.40975 952.346817426 
0.409875 952.347053498 
0.41 952.34728952 
0.410125 952.34752549 
0.41025 952.347761408 
0.410375 952.347997276 
0.4105 952.348233091 
0.410625 952.348468855 
0.41075 952.348704567 
0.410875 952.348940228 
0.411 952.349175836 
0.411125 952.349411393 
0.41125 952.349646898 
0.411375 952.349882351 
0.4115 952.350117751 
0.411625 952.3503531 
0.41175 952.350588396 
0.411875 952.35082364 
0.412 952.351058831 
0.412125 952.35129397 
0.41225 952.351529057 
0.412375 952.351764091 
0.4125 952.351999072 
0.412625 952.352234001 
0.41275 952.352468876 
0.412875 952.352703699 
0.413 952.352938469 
0.413125 952.353173186 
0.41325 952.35340785 
0.413375 952.353642461 
0.4135 952.353877019 
0.413625 952.354111523 
0.41375 952.354345974 
0.413875 952.354580372 
0.414 952.354814716 
0.414125 952.355049007 
0.41425 952.355283244 
0.414375 952.355517427 
0.4145 952.355751557 
0.414625 952.355985633 
0.41475 952.356219655 
0.414875 952.356453623 
0.415 952.356687537 
0.415125 952.356921397 
0.41525 952.357155202 
0.415375 952.357388954 
0.4155 952.357622651 
0.415625 952.357856294 
0.41575 952.358089883 
0.415875 952.358323417 
0.416 952.358556896 
0.416125 952.358790321 
0.41625 952.359023691 
0.416375 952.359257007 
0.4165 952.359490268 
0.416625 952.359723473 
0.41675 952.359956624 
0.416875 952.36018972 
0.417 952.360422761 
0.417125 952.360655746 
0.41725 952.360888677 
0.417375 952.361121552 
0.4175 952.361354372 
0.417625 952.361587136 
0.41775 952.361819845 
0.417875 952.362052498 
0.418 952.362285096 
0.418125 952.362517638 
0.41825 952.362750124 
0.418375 952.362982554 
0.4185 952.363214929 
0.418625 952.363447247 
0.41875 952.36367951 
0.418875 952.363911717 
0.419 952.364143867 
0.419125 952.364375961 
0.41925 952.364607999 
0.419375 952.36483998 
0.4195 952.365071905 
0.419625 952.365303774 
0.41975 952.365535586 
0.419875 952.365767342 
0.42 952.36599904 
0.420125 952.366230682 
0.42025 952.366462268 
0.420375 952.366693796 
0.4205 952.366925267 
0.420625 952.367156682 
0.42075 952.367388039 
0.420875 952.367619339 
0.421 952.367850582 
0.421125 952.368081768 
0.42125 952.368312896 
0.421375 952.368543967 
0.4215 952.36877498 
0.421625 952.369005936 
0.42175 952.369236835 
0.421875 952.369467675 
0.422 952.369698458 
0.422125 952.369929183 
0.42225 952.370159851 
0.422375 952.37039046 
0.4225 952.370621011 
0.422625 952.370851505 
0.42275 952.37108194 
0.422875 952.371312317 
0.423 952.371542635 
0.423125 952.371772896 
0.42325 952.372003098 
0.423375 952.372233241 
0.4235 952.372463326 
0.423625 952.372693353 
0.42375 952.37292332 
0.423875 952.373153229 
0.424 952.37338308 
0.424125 952.373612871 
0.42425 952.373842604 
0.424375 952.374072277 
0.4245 952.374301892 
0.424625 952.374531447 
0.42475 952.374760943 
0.424875 952.37499038 
0.425 952.375219758 
0.425125 952.375449076 
0.42525 952.375678335 
0.425375 952.375907535 
0.4255 952.376136675 
0.425625 952.376365755 
0.42575 952.376594775 
0.425875 952.376823736 
0.426 952.377052637 
0.426125 952.377281478 
0.42625 952.377510259 
0.426375 952.37773898 
0.4265 952.377967641 
0.426625 952.378196242 
0.42675 952.378424783 
0.426875 952.378653263 
0.427 952.378881684 
0.427125 952.379110043 
0.42725 952.379338343 
0.427375 952.379566581 
0.4275 952.379794759 
0.427625 952.380022877 
0.42775 952.380250934 
0.427875 952.38047893 
0.428 952.380706865 
0.428125 952.380934739 
0.42825 952.381162552 
0.428375 952.381390304 
0.4285 952.381617995 
0.428625 952.381845625 
0.42875 952.382073194 
0.428875 952.382300702 
0.429 952.382528148 
0.429125 952.382755532 
0.42925 952.382982855 
0.429375 952.383210117 
0.4295 952.383437317 
0.429625 952.383664455 
0.42975 952.383891532 
0.429875 952.384118547 
0.43 952.384345499 
0.430125 952.38457239 
0.43025 952.384799219 
0.430375 952.385025986 
0.4305 952.385252691 
0.430625 952.385479334 
0.43075 952.385705914 
0.430875 952.385932432 
0.431 952.386158888 
0.431125 952.386385281 
0.43125 952.386611612 
0.431375 952.38683788 
0.4315 952.387064085 
0.431625 952.387290228 
0.43175 952.387516308 
0.431875 952.387742326 
0.432 952.38796828 
0.432125 952.388194172 
0.43225 952.38842 
0.432375 952.388645765 
0.4325 952.388871468 
0.432625 952.389097107 
0.43275 952.389322683 
0.432875 952.389548195 
0.433 952.389773644 
0.433125 952.38999903 
0.43325 952.390224352 
0.433375 952.390449611 
0.4335 952.390674806 
0.433625 952.390899937 
0.43375 952.391125004 
0.433875 952.391350008 
0.434 952.391574948 
0.434125 952.391799824 
0.43425 952.392024636 
0.434375 952.392249383 
0.4345 952.392474067 
0.434625 952.392698686 
0.43475 952.392923242 
0.434875 952.393147733 
0.435 952.393372159 
0.435125 952.393596521 
0.43525 952.393820819 
0.435375 952.394045052 
0.4355 952.39426922 
0.435625 952.394493324 
0.43575 952.394717363 
0.435875 952.394941337 
0.436 952.395165246 
0.436125 952.39538909 
0.43625 952.395612869 
0.436375 952.395836584 
0.4365 952.396060233 
0.436625 952.396283817 
0.43675 952.396507335 
0.436875 952.396730789 
0.437 952.396954177 
0.437125 952.397177499 
0.43725 952.397400756 
0.437375 952.397623948 
0.4375 952.397847074 
0.437625 952.398070134 
0.43775 952.398293128 
0.437875 952.398516057 
0.438 952.39873892 
0.438125 952.398961717 
0.43825 952.399184448 
0.438375 952.399407113 
0.4385 952.399629711 
0.438625 952.399852244 
0.43875 952.40007471 
0.438875 952.40029711 
0.439 952.400519444 
0.439125 952.400741711 
0.43925 952.400963912 
0.439375 952.401186047 
0.4395 952.401408114 
0.439625 952.401630115 
0.43975 952.40185205 
0.439875 952.402073917 
0.44 952.402295718 
0.440125 952.402517452 
0.44025 952.402739119 
0.440375 952.402960718 
0.4405 952.403182251 
0.440625 952.403403717 
0.44075 952.403625115 
0.440875 952.403846446 
0.441 952.40406771 
0.441125 952.404288907 
0.44125 952.404510036 
0.441375 952.404731097 
0.4415 952.404952091 
0.441625 952.405173017 
0.44175 952.405393876 
0.441875 952.405614667 
0.442 952.40583539 
0.442125 952.406056045 
0.44225 952.406276632 
0.442375 952.406497152 
0.4425 952.406717603 
0.442625 952.406937986 
0.44275 952.407158301 
0.442875 952.407378548 
0.443 952.407598726 
0.443125 952.407818836 
0.44325 952.408038878 
0.443375 952.408258851 
0.4435 952.408478756 
0.443625 952.408698592 
0.44375 952.40891836 
0.443875 952.409138059 
0.444 952.409357689 
0.444125 952.40957725 
0.44425 952.409796742 
0.444375 952.410016165 
0.4445 952.41023552 
0.444625 952.410454805 
0.44475 952.410674021 
0.444875 952.410893168 
0.445 952.411112246 
0.445125 952.411331255 
0.44525 952.411550194 
0.445375 952.411769063 
0.4455 952.411987864 
0.445625 952.412206594 
0.44575 952.412425255 
0.445875 952.412643847 
0.446 952.412862369 
0.446125 952.413080821 
0.44625 952.413299203 
0.446375 952.413517515 
0.4465 952.413735757 
0.446625 952.413953929 
0.44675 952.414172032 
0.446875 952.414390064 
0.447 952.414608026 
0.447125 952.414825917 
0.44725 952.415043739 
0.447375 952.41526149 
0.4475 952.41547917 
0.447625 952.41569678 
0.44775 952.41591432 
0.447875 952.416131789 
0.448 952.416349187 
0.448125 952.416566515 
0.44825 952.416783772 
0.448375 952.417000958 
0.4485 952.417218073 
0.448625 952.417435117 
0.44875 952.41765209 
0.448875 952.417868992 
0.449 952.418085823 
0.449125 952.418302583 
0.44925 952.418519272 
0.449375 952.418735889 
0.4495 952.418952435 
0.449625 952.41916891 
0.44975 952.419385313 
0.449875 952.419601644 
0.45 952.419817904 
0.450125 952.420034092 
0.45025 952.420250209 
0.450375 952.420466254 
0.4505 952.420682227 
0.450625 952.420898128 
0.45075 952.421113957 
0.450875 952.421329715 
0.451 952.4215454 
0.451125 952.421761013 
0.45125 952.421976554 
0.451375 952.422192023 
0.4515 952.422407419 
0.451625 952.422622743 
0.45175 952.422837995 
0.451875 952.423053174 
0.452 952.423268281 
0.452125 952.423483315 
0.45225 952.423698277 
0.452375 952.423913166 
0.4525 952.424127982 
0.452625 952.424342726 
0.45275 952.424557396 
0.452875 952.424771994 
0.453 952.424986518 
0.453125 952.42520097 
0.45325 952.425415349 
0.453375 952.425629654 
0.4535 952.425843887 
0.453625 952.426058046 
0.45375 952.426272131 
0.453875 952.426486144 
0.454 952.426700083 
0.454125 952.426913948 
0.45425 952.42712774 
0.454375 952.427341458 
0.4545 952.427555103 
0.454625 952.427768674 
0.45475 952.427982172 
0.454875 952.428195595 
0.455 952.428408945 
0.455125 952.42862222 
0.45525 952.428835422 
0.455375 952.42904855 
0.4555 952.429261603 
0.455625 952.429474583 
0.45575 952.429687488 
0.455875 952.429900319 
0.456 952.430113075 
0.456125 952.430325758 
0.45625 952.430538366 
0.456375 952.430750899 
0.4565 952.430963358 
0.456625 952.431175742 
0.45675 952.431388052 
0.456875 952.431600286 
0.457 952.431812446 
0.457125 952.432024532 
0.45725 952.432236542 
0.457375 952.432448478 
0.4575 952.432660338 
0.457625 952.432872123 
0.45775 952.433083834 
0.457875 952.433295469 
0.458 952.433507029 
0.458125 952.433718514 
0.45825 952.433929923 
0.458375 952.434141257 
0.4585 952.434352516 
0.458625 952.434563699 
0.45875 952.434774806 
0.458875 952.434985838 
0.459 952.435196794 
0.459125 952.435407675 
0.45925 952.43561848 
0.459375 952.435829209 
0.4595 952.436039862 
0.459625 952.436250439 
0.45975 952.43646094 
0.459875 952.436671365 
0.46 952.436881715 
0.460125 952.437091988 
0.46025 952.437302184 
0.460375 952.437512305 
0.4605 952.437722349 
0.460625 952.437932317 
0.46075 952.438142208 
0.460875 952.438352023 
0.461 952.438561761 
0.461125 952.438771423 
0.46125 952.438981008 
0.461375 952.439190517 
0.4615 952.439399948 
0.461625 952.439609303 
0.46175 952.439818581 
0.461875 952.440027782 
0.462 952.440236907 
0.462125 952.440445954 
0.46225 952.440654924 
0.462375 952.440863817 
0.4625 952.441072633 
0.462625 952.441281371 
0.46275 952.441490032 
0.462875 952.441698616 
0.463 952.441907123 
0.463125 952.442115552 
0.46325 952.442323903 
0.463375 952.442532177 
0.4635 952.442740374 
0.463625 952.442948492 
0.46375 952.443156533 
0.463875 952.443364496 
0.464 952.443572382 
0.464125 952.443780189 
0.46425 952.443987919 
0.464375 952.44419557 
0.4645 952.444403144 
0.464625 952.444610639 
0.46475 952.444818057 
0.464875 952.445025396 
0.465 952.445232656 
0.465125 952.445439839 
0.46525 952.445646943 
0.465375 952.445853969 
0.4655 952.446060916 
0.465625 952.446267785 
0.46575 952.446474575 
0.465875 952.446681286 
0.466 952.446887919 
0.466125 952.447094473 
0.46625 952.447300948 
0.466375 952.447507345 
0.4665 952.447713662 
0.466625 952.447919901 
0.46675 952.448126061 
0.466875 952.448332141 
0.467 952.448538143 
0.467125 952.448744065 
0.46725 952.448949908 
0.467375 952.449155672 
0.4675 952.449361356 
0.467625 952.449566962 
0.46775 952.449772487 
0.467875 952.449977934 
0.468 952.4501833 
0.468125 952.450388587 
0.46825 952.450593795 
0.468375 952.450798923 
0.4685 952.451003971 
0.468625 952.451208939 
0.46875 952.451413828 
0.468875 952.451618636 
0.469 952.451823365 
0.469125 952.452028013 
0.46925 952.452232582 
0.469375 952.45243707 
0.4695 952.452641479 
0.469625 952.452845807 
0.46975 952.453050055 
0.469875 952.453254222 
0.47 952.453458309 
0.470125 952.453662316 
0.47025 952.453866243 
0.470375 952.454070088 
0.4705 952.454273854 
0.470625 952.454477538 
0.47075 952.454681142 
0.470875 952.454884665 
0.471 952.455088108 
0.471125 952.45529147 
0.47125 952.45549475 
0.471375 952.45569795 
0.4715 952.455901069 
0.471625 952.456104107 
0.47175 952.456307064 
0.471875 952.456509939 
0.472 952.456712734 
0.472125 952.456915447 
0.47225 952.457118079 
0.472375 952.457320629 
0.4725 952.457523098 
0.472625 952.457725486 
0.47275 952.457927792 
0.472875 952.458130017 
0.473 952.45833216 
0.473125 952.458534222 
0.47325 952.458736201 
0.473375 952.4589381 
0.4735 952.459139916 
0.473625 952.45934165 
0.47375 952.459543303 
0.473875 952.459744873 
0.474 952.459946362 
0.474125 952.460147768 
0.47425 952.460349093 
0.474375 952.460550335 
0.4745 952.460751495 
0.474625 952.460952573 
0.47475 952.461153568 
0.474875 952.461354482 
0.475 952.461555312 
0.475125 952.461756061 
0.47525 952.461956726 
0.475375 952.46215731 
0.4755 952.46235781 
0.475625 952.462558228 
0.47575 952.462758564 
0.475875 952.462958816 
0.476 952.463158986 
0.476125 952.463359073 
0.47625 952.463559077 
0.476375 952.463758998 
0.4765 952.463958836 
0.476625 952.464158591 
0.47675 952.464358263 
0.476875 952.464557852 
0.477 952.464757357 
0.477125 952.46495678 
0.47725 952.465156119 
0.477375 952.465355374 
0.4775 952.465554547 
0.477625 952.465753636 
0.47775 952.465952641 
0.477875 952.466151563 
0.478 952.466350401 
0.478125 952.466549155 
0.47825 952.466747826 
0.478375 952.466946413 
0.4785 952.467144917 
0.478625 952.467343336 
0.47875 952.467541672 
0.478875 952.467739924 
0.479 952.467938091 
0.479125 952.468136175 
0.47925 952.468334175 
0.479375 952.46853209 
0.4795 952.468729921 
0.479625 952.468927668 
0.47975 952.469125331 
0.479875 952.469322909 
0.48 952.469520403 
0.480125 952.469717813 
0.48025 952.469915138 
0.480375 952.470112379 
0.4805 952.470309535 
0.480625 952.470506606 
0.48075 952.470703593 
0.480875 952.470900495 
0.481 952.471097312 
0.481125 952.471294045 
0.48125 952.471490692 
0.481375 952.471687255 
0.4815 952.471883733 
0.481625 952.472080126 
0.48175 952.472276433 
0.481875 952.472472656 
0.482 952.472668793 
0.482125 952.472864845 
0.48225 952.473060812 
0.482375 952.473256694 
0.4825 952.47345249 
0.482625 952.473648201 
0.48275 952.473843827 
0.482875 952.474039367 
0.483 952.474234821 
0.483125 952.47443019 
0.48325 952.474625474 
0.483375 952.474820671 
0.4835 952.475015783 
0.483625 952.475210809 
0.48375 952.47540575 
0.483875 952.475600604 
0.484 952.475795373 
0.484125 952.475990055 
0.48425 952.476184652 
0.484375 952.476379162 
0.4845 952.476573587 
0.484625 952.476767925 
0.48475 952.476962177 
0.484875 952.477156343 
0.485 952.477350423 
0.485125 952.477544416 
0.48525 952.477738323 
0.485375 952.477932143 
0.4855 952.478125877 
0.485625 952.478319524 
0.48575 952.478513085 
0.485875 952.478706559 
0.486 952.478899947 
0.486125 952.479093248 
0.48625 952.479286462 
0.486375 952.479479589 
0.4865 952.47967263 
0.486625 952.479865583 
0.48675 952.48005845 
0.486875 952.480251229 
0.487 952.480443922 
0.487125 952.480636527 
0.48725 952.480829046 
0.487375 952.481021477 
0.4875 952.481213821 
0.487625 952.481406077 
0.48775 952.481598247 
0.487875 952.481790329 
0.488 952.481982324 
0.488125 952.482174231 
0.48825 952.48236605 
0.488375 952.482557782 
0.4885 952.482749427 
0.488625 952.482940984 
0.48875 952.483132453 
0.488875 952.483323835 
0.489 952.483515128 
0.489125 952.483706334 
0.48925 952.483897452 
0.489375 952.484088482 
0.4895 952.484279425 
0.489625 952.484470279 
0.48975 952.484661045 
0.489875 952.484851723 
0.49 952.485042313 
0.490125 952.485232814 
0.49025 952.485423228 
0.490375 952.485613553 
0.4905 952.48580379 
0.490625 952.485993939 
0.49075 952.486183999 
0.490875 952.48637397 
0.491 952.486563854 
0.491125 952.486753648 
0.49125 952.486943354 
0.491375 952.487132972 
0.4915 952.4873225 
0.491625 952.487511941 
0.49175 952.487701292 
0.491875 952.487890554 
0.492 952.488079728 
0.492125 952.488268812 
0.49225 952.488457808 
0.492375 952.488646715 
0.4925 952.488835533 
0.492625 952.489024261 
0.49275 952.489212901 
0.492875 952.489401451 
0.493 952.489589912 
0.493125 952.489778284 
0.49325 952.489966567 
0.493375 952.49015476 
0.4935 952.490342864 
0.493625 952.490530878 
0.49375 952.490718803 
0.493875 952.490906638 
0.494 952.491094384 
0.494125 952.49128204 
0.49425 952.491469607 
0.494375 952.491657084 
0.4945 952.491844471 
0.494625 952.492031768 
0.49475 952.492218976 
0.494875 952.492406093 
0.495 952.492593121 
0.495125 952.492780059 
0.49525 952.492966907 
0.495375 952.493153664 
0.4955 952.493340332 
0.495625 952.493526909 
0.49575 952.493713397 
0.495875 952.493899794 
0.496 952.494086101 
0.496125 952.494272317 
0.49625 952.494458443 
0.496375 952.494644479 
0.4965 952.494830424 
0.496625 952.495016279 
0.49675 952.495202043 
0.496875 952.495387717 
0.497 952.4955733 
0.497125 952.495758793 
0.49725 952.495944194 
0.497375 952.496129505 
0.4975 952.496314726 
0.497625 952.496499855 
0.49775 952.496684894 
0.497875 952.496869841 
0.498 952.497054698 
0.498125 952.497239464 
0.49825 952.497424138 
0.498375 952.497608722 
0.4985 952.497793214 
0.498625 952.497977615 
0.49875 952.498161925 
0.498875 952.498346144 
0.499 952.498530272 
0.499125 952.498714308 
0.49925 952.498898253 
0.499375 952.499082106 
0.4995 952.499265868 
0.499625 952.499449538 
0.49975 952.499633117 
0.499875 952.499816604 
0.5 952.5 
