0 959.796079239 
0.000125 959.796079271 
0.00025 959.796079339 
0.000375 959.796079447 
0.0005 959.796079596 
0.000625 959.796079788 
0.00075 959.796080021 
0.000875 959.796080296 
0.001 959.796080613 
0.001125 959.796080972 
0.00125 959.796081373 
0.001375 959.796081816 
0.0015 959.796082301 
0.001625 959.796082829 
0.00175 959.796083398 
0.001875 959.79608401 
0.002 959.796084663 
0.002125 959.796085359 
0.00225 959.796086097 
0.002375 959.796086877 
0.0025 959.796087699 
0.002625 959.796088563 
0.00275 959.79608947 
0.002875 959.796090418 
0.003 959.796091409 
0.003125 959.796092442 
0.00325 959.796093517 
0.003375 959.796094634 
0.0035 959.796095793 
0.003625 959.796096994 
0.00375 959.796098237 
0.003875 959.796099523 
0.004 959.79610085 
0.004125 959.79610222 
0.00425 959.796103632 
0.004375 959.796105086 
0.0045 959.796106582 
0.004625 959.796108121 
0.00475 959.796109701 
0.004875 959.796111324 
0.005 959.796112988 
0.005125 959.796114695 
0.00525 959.796116444 
0.005375 959.796118235 
0.0055 959.796120068 
0.005625 959.796121944 
0.00575 959.796123861 
0.005875 959.796125821 
0.006 959.796127822 
0.006125 959.796129866 
0.00625 959.796131952 
0.006375 959.79613408 
0.0065 959.79613625 
0.006625 959.796138462 
0.00675 959.796140717 
0.006875 959.796143013 
0.007 959.796145352 
0.007125 959.796147733 
0.00725 959.796150155 
0.007375 959.79615262 
0.0075 959.796155128 
0.007625 959.796157677 
0.00775 959.796160268 
0.007875 959.796162901 
0.008 959.796165577 
0.008125 959.796168295 
0.00825 959.796171054 
0.008375 959.796173856 
0.0085 959.7961767 
0.008625 959.796179586 
0.00875 959.796182514 
0.008875 959.796185485 
0.009 959.796188497 
0.009125 959.796191551 
0.00925 959.796194648 
0.009375 959.796197787 
0.0095 959.796200967 
0.009625 959.79620419 
0.00975 959.796207455 
0.009875 959.796210762 
0.01 959.796214112 
0.010125 959.796217503 
0.01025 959.796220936 
0.010375 959.796224411 
0.0105 959.796227929 
0.010625 959.796231489 
0.01075 959.79623509 
0.010875 959.796238734 
0.011 959.79624242 
0.011125 959.796246148 
0.01125 959.796249918 
0.011375 959.79625373 
0.0115 959.796257584 
0.011625 959.79626148 
0.01175 959.796265419 
0.011875 959.796269399 
0.012 959.796273421 
0.012125 959.796277486 
0.01225 959.796281592 
0.012375 959.796285741 
0.0125 959.796289932 
0.012625 959.796294165 
0.01275 959.796298439 
0.012875 959.796302756 
0.013 959.796307115 
0.013125 959.796311516 
0.01325 959.796315959 
0.013375 959.796320444 
0.0135 959.796324972 
0.013625 959.796329541 
0.01375 959.796334152 
0.013875 959.796338805 
0.014 959.796343501 
0.014125 959.796348238 
0.01425 959.796353018 
0.014375 959.796357839 
0.0145 959.796362703 
0.014625 959.796367608 
0.01475 959.796372556 
0.014875 959.796377545 
0.015 959.796382577 
0.015125 959.796387651 
0.01525 959.796392766 
0.015375 959.796397924 
0.0155 959.796403124 
0.015625 959.796408366 
0.01575 959.796413649 
0.015875 959.796418975 
0.016 959.796424343 
0.016125 959.796429753 
0.01625 959.796435205 
0.016375 959.796440699 
0.0165 959.796446235 
0.016625 959.796451812 
0.01675 959.796457432 
0.016875 959.796463094 
0.017 959.796468798 
0.017125 959.796474544 
0.01725 959.796480332 
0.017375 959.796486162 
0.0175 959.796492033 
0.017625 959.796497947 
0.01775 959.796503903 
0.017875 959.796509901 
0.018 959.796515941 
0.018125 959.796522022 
0.01825 959.796528146 
0.018375 959.796534312 
0.0185 959.796540519 
0.018625 959.796546769 
0.01875 959.796553061 
0.018875 959.796559394 
0.019 959.79656577 
0.019125 959.796572187 
0.01925 959.796578647 
0.019375 959.796585148 
0.0195 959.796591691 
0.019625 959.796598277 
0.01975 959.796604904 
0.019875 959.796611573 
0.02 959.796618284 
0.020125 959.796625037 
0.02025 959.796631832 
0.020375 959.796638669 
0.0205 959.796645548 
0.020625 959.796652469 
0.02075 959.796659432 
0.020875 959.796666437 
0.021 959.796673483 
0.021125 959.796680572 
0.02125 959.796687702 
0.021375 959.796694874 
0.0215 959.796702089 
0.021625 959.796709345 
0.02175 959.796716643 
0.021875 959.796723983 
0.022 959.796731365 
0.022125 959.796738788 
0.02225 959.796746254 
0.022375 959.796753762 
0.0225 959.796761311 
0.022625 959.796768902 
0.02275 959.796776535 
0.022875 959.796784211 
0.023 959.796791927 
0.023125 959.796799686 
0.02325 959.796807487 
0.023375 959.79681533 
0.0235 959.796823214 
0.023625 959.79683114 
0.02375 959.796839108 
0.023875 959.796847118 
0.024 959.79685517 
0.024125 959.796863264 
0.02425 959.7968714 
0.024375 959.796879577 
0.0245 959.796887796 
0.024625 959.796896057 
0.02475 959.79690436 
0.024875 959.796912705 
0.025 959.796921092 
0.025125 959.79692952 
0.02525 959.79693799 
0.025375 959.796946502 
0.0255 959.796955056 
0.025625 959.796963652 
0.02575 959.796972289 
0.025875 959.796980969 
0.026 959.79698969 
0.026125 959.796998453 
0.02625 959.797007257 
0.026375 959.797016104 
0.0265 959.797024992 
0.026625 959.797033922 
0.02675 959.797042894 
0.026875 959.797051907 
0.027 959.797060963 
0.027125 959.79707006 
0.02725 959.797079199 
0.027375 959.79708838 
0.0275 959.797097602 
0.027625 959.797106866 
0.02775 959.797116172 
0.027875 959.79712552 
0.028 959.797134909 
0.028125 959.797144341 
0.02825 959.797153814 
0.028375 959.797163328 
0.0285 959.797172885 
0.028625 959.797182483 
0.02875 959.797192123 
0.028875 959.797201804 
0.029 959.797211528 
0.029125 959.797221293 
0.02925 959.7972311 
0.029375 959.797240948 
0.0295 959.797250838 
0.029625 959.79726077 
0.02975 959.797270744 
0.029875 959.797280759 
0.03 959.797290816 
0.030125 959.797300915 
0.03025 959.797311055 
0.030375 959.797321237 
0.0305 959.797331461 
0.030625 959.797341726 
0.03075 959.797352033 
0.030875 959.797362382 
0.031 959.797372772 
0.031125 959.797383204 
0.03125 959.797393678 
0.031375 959.797404193 
0.0315 959.79741475 
0.031625 959.797425348 
0.03175 959.797435989 
0.031875 959.79744667 
0.032 959.797457394 
0.032125 959.797468159 
0.03225 959.797478966 
0.032375 959.797489814 
0.0325 959.797500704 
0.032625 959.797511635 
0.03275 959.797522609 
0.032875 959.797533623 
0.033 959.79754468 
0.033125 959.797555778 
0.03325 959.797566917 
0.033375 959.797578098 
0.0335 959.797589321 
0.033625 959.797600585 
0.03375 959.797611891 
0.033875 959.797623238 
0.034 959.797634627 
0.034125 959.797646058 
0.03425 959.79765753 
0.034375 959.797669043 
0.0345 959.797680598 
0.034625 959.797692195 
0.03475 959.797703833 
0.034875 959.797715513 
0.035 959.797727234 
0.035125 959.797738997 
0.03525 959.797750801 
0.035375 959.797762647 
0.0355 959.797774534 
0.035625 959.797786463 
0.03575 959.797798434 
0.035875 959.797810445 
0.036 959.797822499 
0.036125 959.797834594 
0.03625 959.79784673 
0.036375 959.797858908 
0.0365 959.797871127 
0.036625 959.797883387 
0.03675 959.79789569 
0.036875 959.797908033 
0.037 959.797920418 
0.037125 959.797932845 
0.03725 959.797945313 
0.037375 959.797957822 
0.0375 959.797970373 
0.037625 959.797982965 
0.03775 959.797995599 
0.037875 959.798008274 
0.038 959.798020991 
0.038125 959.798033748 
0.03825 959.798046548 
0.038375 959.798059389 
0.0385 959.798072271 
0.038625 959.798085194 
0.03875 959.798098159 
0.038875 959.798111165 
0.039 959.798124213 
0.039125 959.798137302 
0.03925 959.798150432 
0.039375 959.798163604 
0.0395 959.798176817 
0.039625 959.798190072 
0.03975 959.798203368 
0.039875 959.798216705 
0.04 959.798230083 
0.040125 959.798243503 
0.04025 959.798256964 
0.040375 959.798270467 
0.0405 959.798284011 
0.040625 959.798297596 
0.04075 959.798311222 
0.040875 959.79832489 
0.041 959.798338599 
0.041125 959.798352349 
0.04125 959.798366141 
0.041375 959.798379974 
0.0415 959.798393848 
0.041625 959.798407763 
0.04175 959.79842172 
0.041875 959.798435718 
0.042 959.798449757 
0.042125 959.798463837 
0.04225 959.798477959 
0.042375 959.798492122 
0.0425 959.798506326 
0.042625 959.798520571 
0.04275 959.798534858 
0.042875 959.798549186 
0.043 959.798563555 
0.043125 959.798577965 
0.04325 959.798592417 
0.043375 959.798606909 
0.0435 959.798621443 
0.043625 959.798636018 
0.04375 959.798650634 
0.043875 959.798665292 
0.044 959.79867999 
0.044125 959.79869473 
0.04425 959.798709511 
0.044375 959.798724333 
0.0445 959.798739196 
0.044625 959.7987541 
0.04475 959.798769046 
0.044875 959.798784032 
0.045 959.79879906 
0.045125 959.798814129 
0.04525 959.798829238 
0.045375 959.798844389 
0.0455 959.798859582 
0.045625 959.798874815 
0.04575 959.798890089 
0.045875 959.798905404 
0.046 959.798920761 
0.046125 959.798936158 
0.04625 959.798951597 
0.046375 959.798967077 
0.0465 959.798982597 
0.046625 959.798998159 
0.04675 959.799013762 
0.046875 959.799029406 
0.047 959.79904509 
0.047125 959.799060816 
0.04725 959.799076583 
0.047375 959.799092391 
0.0475 959.79910824 
0.047625 959.79912413 
0.04775 959.799140061 
0.047875 959.799156033 
0.048 959.799172046 
0.048125 959.799188099 
0.04825 959.799204194 
0.048375 959.79922033 
0.0485 959.799236507 
0.048625 959.799252725 
0.04875 959.799268983 
0.048875 959.799285283 
0.049 959.799301623 
0.049125 959.799318005 
0.04925 959.799334427 
0.049375 959.79935089 
0.0495 959.799367395 
0.049625 959.79938394 
0.04975 959.799400526 
0.049875 959.799417153 
0.05 959.79943382 
0.050125 959.799450529 
0.05025 959.799467279 
0.050375 959.799484069 
0.0505 959.7995009 
0.050625 959.799517772 
0.05075 959.799534685 
0.050875 959.799551639 
0.051 959.799568634 
0.051125 959.799585669 
0.05125 959.799602745 
0.051375 959.799619863 
0.0515 959.79963702 
0.051625 959.799654219 
0.05175 959.799671459 
0.051875 959.799688739 
0.052 959.79970606 
0.052125 959.799723422 
0.05225 959.799740824 
0.052375 959.799758268 
0.0525 959.799775752 
0.052625 959.799793277 
0.05275 959.799810842 
0.052875 959.799828449 
0.053 959.799846096 
0.053125 959.799863784 
0.05325 959.799881512 
0.053375 959.799899281 
0.0535 959.799917091 
0.053625 959.799934942 
0.05375 959.799952833 
0.053875 959.799970765 
0.054 959.799988738 
0.054125 959.800006751 
0.05425 959.800024805 
0.054375 959.8000429 
0.0545 959.800061035 
0.054625 959.800079211 
0.05475 959.800097428 
0.054875 959.800115685 
0.055 959.800133983 
0.055125 959.800152321 
0.05525 959.8001707 
0.055375 959.80018912 
0.0555 959.80020758 
0.055625 959.800226081 
0.05575 959.800244623 
0.055875 959.800263205 
0.056 959.800281827 
0.056125 959.80030049 
0.05625 959.800319194 
0.056375 959.800337938 
0.0565 959.800356723 
0.056625 959.800375548 
0.05675 959.800394414 
0.056875 959.80041332 
0.057 959.800432267 
0.057125 959.800451255 
0.05725 959.800470283 
0.057375 959.800489351 
0.0575 959.80050846 
0.057625 959.800527609 
0.05775 959.800546799 
0.057875 959.800566029 
0.058 959.8005853 
0.058125 959.800604611 
0.05825 959.800623962 
0.058375 959.800643354 
0.0585 959.800662787 
0.058625 959.800682259 
0.05875 959.800701773 
0.058875 959.800721326 
0.059 959.80074092 
0.059125 959.800760555 
0.05925 959.800780229 
0.059375 959.800799945 
0.0595 959.8008197 
0.059625 959.800839496 
0.05975 959.800859332 
0.059875 959.800879209 
0.06 959.800899126 
0.060125 959.800919083 
0.06025 959.80093908 
0.060375 959.800959118 
0.0605 959.800979196 
0.060625 959.800999315 
0.06075 959.801019473 
0.060875 959.801039673 
0.061 959.801059912 
0.061125 959.801080191 
0.06125 959.801100511 
0.061375 959.801120871 
0.0615 959.801141272 
0.061625 959.801161712 
0.06175 959.801182193 
0.061875 959.801202714 
0.062 959.801223275 
0.062125 959.801243877 
0.06225 959.801264518 
0.062375 959.8012852 
0.0625 959.801305922 
0.062625 959.801326684 
0.06275 959.801347486 
0.062875 959.801368329 
0.063 959.801389211 
0.063125 959.801410134 
0.06325 959.801431097 
0.063375 959.8014521 
0.0635 959.801473143 
0.063625 959.801494227 
0.06375 959.80151535 
0.063875 959.801536513 
0.064 959.801557717 
0.064125 959.801578961 
0.06425 959.801600244 
0.064375 959.801621568 
0.0645 959.801642932 
0.064625 959.801664336 
0.06475 959.80168578 
0.064875 959.801707264 
0.065 959.801728787 
0.065125 959.801750351 
0.06525 959.801771955 
0.065375 959.801793599 
0.0655 959.801815283 
0.065625 959.801837007 
0.06575 959.801858771 
0.065875 959.801880575 
0.066 959.801902419 
0.066125 959.801924303 
0.06625 959.801946226 
0.066375 959.80196819 
0.0665 959.801990194 
0.066625 959.802012237 
0.06675 959.802034321 
0.066875 959.802056444 
0.067 959.802078607 
0.067125 959.80210081 
0.06725 959.802123053 
0.067375 959.802145336 
0.0675 959.802167659 
0.067625 959.802190021 
0.06775 959.802212424 
0.067875 959.802234866 
0.068 959.802257348 
0.068125 959.80227987 
0.06825 959.802302431 
0.068375 959.802325033 
0.0685 959.802347674 
0.068625 959.802370355 
0.06875 959.802393076 
0.068875 959.802415836 
0.069 959.802438637 
0.069125 959.802461477 
0.06925 959.802484357 
0.069375 959.802507276 
0.0695 959.802530235 
0.069625 959.802553234 
0.06975 959.802576273 
0.069875 959.802599351 
0.07 959.80262247 
0.070125 959.802645627 
0.07025 959.802668825 
0.070375 959.802692062 
0.0705 959.802715338 
0.070625 959.802738655 
0.07075 959.802762011 
0.070875 959.802785407 
0.071 959.802808842 
0.071125 959.802832317 
0.07125 959.802855831 
0.071375 959.802879385 
0.0715 959.802902979 
0.071625 959.802926612 
0.07175 959.802950285 
0.071875 959.802973997 
0.072 959.802997749 
0.072125 959.80302154 
0.07225 959.803045371 
0.072375 959.803069242 
0.0725 959.803093152 
0.072625 959.803117101 
0.07275 959.80314109 
0.072875 959.803165119 
0.073 959.803189186 
0.073125 959.803213294 
0.07325 959.803237441 
0.073375 959.803261627 
0.0735 959.803285853 
0.073625 959.803310118 
0.07375 959.803334422 
0.073875 959.803358766 
0.074 959.80338315 
0.074125 959.803407573 
0.07425 959.803432035 
0.074375 959.803456536 
0.0745 959.803481077 
0.074625 959.803505658 
0.07475 959.803530277 
0.074875 959.803554936 
0.075 959.803579634 
0.075125 959.803604372 
0.07525 959.803629149 
0.075375 959.803653965 
0.0755 959.803678821 
0.075625 959.803703715 
0.07575 959.803728649 
0.075875 959.803753623 
0.076 959.803778635 
0.076125 959.803803687 
0.07625 959.803828778 
0.076375 959.803853909 
0.0765 959.803879078 
0.076625 959.803904287 
0.07675 959.803929535 
0.076875 959.803954822 
0.077 959.803980148 
0.077125 959.804005513 
0.07725 959.804030918 
0.077375 959.804056362 
0.0775 959.804081845 
0.077625 959.804107367 
0.07775 959.804132928 
0.077875 959.804158528 
0.078 959.804184167 
0.078125 959.804209846 
0.07825 959.804235563 
0.078375 959.80426132 
0.0785 959.804287116 
0.078625 959.80431295 
0.07875 959.804338824 
0.078875 959.804364737 
0.079 959.804390689 
0.079125 959.80441668 
0.07925 959.804442709 
0.079375 959.804468778 
0.0795 959.804494886 
0.079625 959.804521033 
0.07975 959.804547219 
0.079875 959.804573443 
0.08 959.804599707 
0.080125 959.80462601 
0.08025 959.804652351 
0.080375 959.804678731 
0.0805 959.804705151 
0.080625 959.804731609 
0.08075 959.804758106 
0.080875 959.804784642 
0.081 959.804811217 
0.081125 959.804837831 
0.08125 959.804864483 
0.081375 959.804891175 
0.0815 959.804917905 
0.081625 959.804944674 
0.08175 959.804971482 
0.081875 959.804998329 
0.082 959.805025214 
0.082125 959.805052138 
0.08225 959.805079101 
0.082375 959.805106103 
0.0825 959.805133144 
0.082625 959.805160223 
0.08275 959.805187341 
0.082875 959.805214498 
0.083 959.805241693 
0.083125 959.805268927 
0.08325 959.8052962 
0.083375 959.805323511 
0.0835 959.805350861 
0.083625 959.80537825 
0.08375 959.805405677 
0.083875 959.805433144 
0.084 959.805460648 
0.084125 959.805488191 
0.08425 959.805515773 
0.084375 959.805543394 
0.0845 959.805571053 
0.084625 959.805598751 
0.08475 959.805626487 
0.084875 959.805654261 
0.085 959.805682075 
0.085125 959.805709927 
0.08525 959.805737817 
0.085375 959.805765746 
0.0855 959.805793713 
0.085625 959.805821719 
0.08575 959.805849763 
0.085875 959.805877846 
0.086 959.805905967 
0.086125 959.805934127 
0.08625 959.805962325 
0.086375 959.805990562 
0.0865 959.806018837 
0.086625 959.80604715 
0.08675 959.806075502 
0.086875 959.806103892 
0.087 959.80613232 
0.087125 959.806160787 
0.08725 959.806189292 
0.087375 959.806217836 
0.0875 959.806246418 
0.087625 959.806275038 
0.08775 959.806303697 
0.087875 959.806332394 
0.088 959.806361129 
0.088125 959.806389902 
0.08825 959.806418714 
0.088375 959.806447564 
0.0885 959.806476452 
0.088625 959.806505378 
0.08875 959.806534343 
0.088875 959.806563346 
0.089 959.806592387 
0.089125 959.806621466 
0.08925 959.806650583 
0.089375 959.806679739 
0.0895 959.806708932 
0.089625 959.806738164 
0.08975 959.806767434 
0.089875 959.806796742 
0.09 959.806826089 
0.090125 959.806855473 
0.09025 959.806884895 
0.090375 959.806914356 
0.0905 959.806943855 
0.090625 959.806973391 
0.09075 959.807002966 
0.090875 959.807032579 
0.091 959.807062229 
0.091125 959.807091918 
0.09125 959.807121645 
0.091375 959.80715141 
0.0915 959.807181212 
0.091625 959.807211053 
0.09175 959.807240932 
0.091875 959.807270848 
0.092 959.807300803 
0.092125 959.807330795 
0.09225 959.807360826 
0.092375 959.807390894 
0.0925 959.807421 
0.092625 959.807451144 
0.09275 959.807481326 
0.092875 959.807511546 
0.093 959.807541804 
0.093125 959.807572099 
0.09325 959.807602432 
0.093375 959.807632803 
0.0935 959.807663212 
0.093625 959.807693659 
0.09375 959.807724143 
0.093875 959.807754666 
0.094 959.807785226 
0.094125 959.807815823 
0.09425 959.807846459 
0.094375 959.807877132 
0.0945 959.807907843 
0.094625 959.807938591 
0.09475 959.807969378 
0.094875 959.808000202 
0.095 959.808031063 
0.095125 959.808061962 
0.09525 959.808092899 
0.095375 959.808123874 
0.0955 959.808154886 
0.095625 959.808185936 
0.09575 959.808217023 
0.095875 959.808248148 
0.096 959.808279311 
0.096125 959.808310511 
0.09625 959.808341748 
0.096375 959.808373023 
0.0965 959.808404336 
0.096625 959.808435686 
0.09675 959.808467074 
0.096875 959.808498499 
0.097 959.808529962 
0.097125 959.808561462 
0.09725 959.808592999 
0.097375 959.808624574 
0.0975 959.808656187 
0.097625 959.808687836 
0.09775 959.808719524 
0.097875 959.808751248 
0.098 959.80878301 
0.098125 959.80881481 
0.09825 959.808846646 
0.098375 959.808878521 
0.0985 959.808910432 
0.098625 959.808942381 
0.09875 959.808974367 
0.098875 959.80900639 
0.099 959.809038451 
0.099125 959.809070549 
0.09925 959.809102684 
0.099375 959.809134856 
0.0995 959.809167066 
0.099625 959.809199313 
0.09975 959.809231597 
0.099875 959.809263918 
0.1 959.809296277 
0.100125 959.809328673 
0.10025 959.809361105 
0.100375 959.809393575 
0.1005 959.809426083 
0.100625 959.809458627 
0.10075 959.809491208 
0.100875 959.809523827 
0.101 959.809556482 
0.101125 959.809589175 
0.10125 959.809621905 
0.101375 959.809654671 
0.1015 959.809687475 
0.101625 959.809720316 
0.10175 959.809753194 
0.101875 959.809786109 
0.102 959.809819061 
0.102125 959.80985205 
0.10225 959.809885076 
0.102375 959.809918138 
0.1025 959.809951238 
0.102625 959.809984375 
0.10275 959.810017548 
0.102875 959.810050759 
0.103 959.810084006 
0.103125 959.810117291 
0.10325 959.810150612 
0.103375 959.81018397 
0.1035 959.810217365 
0.103625 959.810250796 
0.10375 959.810284265 
0.103875 959.81031777 
0.104 959.810351312 
0.104125 959.810384891 
0.10425 959.810418507 
0.104375 959.81045216 
0.1045 959.810485849 
0.104625 959.810519575 
0.10475 959.810553337 
0.104875 959.810587137 
0.105 959.810620973 
0.105125 959.810654845 
0.10525 959.810688755 
0.105375 959.810722701 
0.1055 959.810756684 
0.105625 959.810790703 
0.10575 959.810824759 
0.105875 959.810858852 
0.106 959.810892981 
0.106125 959.810927146 
0.10625 959.810961349 
0.106375 959.810995588 
0.1065 959.811029863 
0.106625 959.811064175 
0.10675 959.811098524 
0.106875 959.811132909 
0.107 959.81116733 
0.107125 959.811201788 
0.10725 959.811236282 
0.107375 959.811270813 
0.1075 959.811305381 
0.107625 959.811339984 
0.10775 959.811374624 
0.107875 959.811409301 
0.108 959.811444014 
0.108125 959.811478763 
0.10825 959.811513549 
0.108375 959.811548371 
0.1085 959.811583229 
0.108625 959.811618124 
0.10875 959.811653055 
0.108875 959.811688022 
0.109 959.811723026 
0.109125 959.811758066 
0.10925 959.811793142 
0.109375 959.811828254 
0.1095 959.811863403 
0.109625 959.811898588 
0.10975 959.811933809 
0.109875 959.811969066 
0.11 959.812004359 
0.110125 959.812039689 
0.11025 959.812075055 
0.110375 959.812110457 
0.1105 959.812145895 
0.110625 959.812181369 
0.11075 959.812216879 
0.110875 959.812252425 
0.111 959.812288008 
0.111125 959.812323626 
0.11125 959.812359281 
0.111375 959.812394971 
0.1115 959.812430698 
0.111625 959.81246646 
0.11175 959.812502259 
0.111875 959.812538093 
0.112 959.812573964 
0.112125 959.81260987 
0.11225 959.812645813 
0.112375 959.812681791 
0.1125 959.812717805 
0.112625 959.812753855 
0.11275 959.812789941 
0.112875 959.812826063 
0.113 959.812862221 
0.113125 959.812898415 
0.11325 959.812934644 
0.113375 959.812970909 
0.1135 959.81300721 
0.113625 959.813043547 
0.11375 959.81307992 
0.113875 959.813116328 
0.114 959.813152772 
0.114125 959.813189252 
0.11425 959.813225768 
0.114375 959.813262319 
0.1145 959.813298906 
0.114625 959.813335529 
0.11475 959.813372188 
0.114875 959.813408882 
0.115 959.813445611 
0.115125 959.813482377 
0.11525 959.813519178 
0.115375 959.813556014 
0.1155 959.813592886 
0.115625 959.813629794 
0.11575 959.813666737 
0.115875 959.813703716 
0.116 959.81374073 
0.116125 959.81377778 
0.11625 959.813814866 
0.116375 959.813851987 
0.1165 959.813889143 
0.116625 959.813926335 
0.11675 959.813963562 
0.116875 959.814000825 
0.117 959.814038123 
0.117125 959.814075456 
0.11725 959.814112825 
0.117375 959.81415023 
0.1175 959.814187669 
0.117625 959.814225144 
0.11775 959.814262655 
0.117875 959.814300201 
0.118 959.814337782 
0.118125 959.814375398 
0.11825 959.81441305 
0.118375 959.814450736 
0.1185 959.814488459 
0.118625 959.814526216 
0.11875 959.814564009 
0.118875 959.814601836 
0.119 959.814639699 
0.119125 959.814677598 
0.11925 959.814715531 
0.119375 959.814753499 
0.1195 959.814791503 
0.119625 959.814829542 
0.11975 959.814867616 
0.119875 959.814905725 
0.12 959.814943869 
0.120125 959.814982048 
0.12025 959.815020262 
0.120375 959.815058512 
0.1205 959.815096796 
0.120625 959.815135115 
0.12075 959.81517347 
0.120875 959.815211859 
0.121 959.815250283 
0.121125 959.815288743 
0.12125 959.815327237 
0.121375 959.815365766 
0.1215 959.81540433 
0.121625 959.815442929 
0.12175 959.815481563 
0.121875 959.815520231 
0.122 959.815558935 
0.122125 959.815597673 
0.12225 959.815636447 
0.122375 959.815675255 
0.1225 959.815714098 
0.122625 959.815752975 
0.12275 959.815791888 
0.122875 959.815830835 
0.123 959.815869817 
0.123125 959.815908833 
0.12325 959.815947885 
0.123375 959.815986971 
0.1235 959.816026092 
0.123625 959.816065247 
0.12375 959.816104437 
0.123875 959.816143662 
0.124 959.816182921 
0.124125 959.816222215 
0.12425 959.816261544 
0.124375 959.816300907 
0.1245 959.816340304 
0.124625 959.816379737 
0.12475 959.816419203 
0.124875 959.816458705 
0.125 959.816498241 
0.125125 959.816537811 
0.12525 959.816577416 
0.125375 959.816617055 
0.1255 959.816656729 
0.125625 959.816696437 
0.12575 959.816736179 
0.125875 959.816775956 
0.126 959.816815768 
0.126125 959.816855614 
0.12625 959.816895494 
0.126375 959.816935408 
0.1265 959.816975357 
0.126625 959.81701534 
0.12675 959.817055358 
0.126875 959.817095409 
0.127 959.817135495 
0.127125 959.817175615 
0.12725 959.81721577 
0.127375 959.817255959 
0.1275 959.817296182 
0.127625 959.817336439 
0.12775 959.81737673 
0.127875 959.817417055 
0.128 959.817457415 
0.128125 959.817497809 
0.12825 959.817538237 
0.128375 959.817578699 
0.1285 959.817619195 
0.128625 959.817659725 
0.12875 959.817700289 
0.128875 959.817740888 
0.129 959.81778152 
0.129125 959.817822186 
0.12925 959.817862887 
0.129375 959.817903621 
0.1295 959.817944389 
0.129625 959.817985191 
0.12975 959.818026028 
0.129875 959.818066898 
0.13 959.818107802 
0.130125 959.81814874 
0.13025 959.818189712 
0.130375 959.818230717 
0.1305 959.818271757 
0.130625 959.81831283 
0.13075 959.818353937 
0.130875 959.818395079 
0.131 959.818436253 
0.131125 959.818477462 
0.13125 959.818518704 
0.131375 959.81855998 
0.1315 959.81860129 
0.131625 959.818642634 
0.13175 959.818684011 
0.131875 959.818725422 
0.132 959.818766866 
0.132125 959.818808345 
0.13225 959.818849857 
0.132375 959.818891402 
0.1325 959.818932981 
0.132625 959.818974594 
0.13275 959.81901624 
0.132875 959.81905792 
0.133 959.819099633 
0.133125 959.81914138 
0.13325 959.819183161 
0.133375 959.819224975 
0.1335 959.819266822 
0.133625 959.819308703 
0.13375 959.819350617 
0.133875 959.819392565 
0.134 959.819434546 
0.134125 959.819476561 
0.13425 959.819518609 
0.134375 959.81956069 
0.1345 959.819602805 
0.134625 959.819644953 
0.13475 959.819687134 
0.134875 959.819729349 
0.135 959.819771597 
0.135125 959.819813878 
0.13525 959.819856193 
0.135375 959.819898541 
0.1355 959.819940922 
0.135625 959.819983336 
0.13575 959.820025783 
0.135875 959.820068264 
0.136 959.820110778 
0.136125 959.820153325 
0.13625 959.820195905 
0.136375 959.820238518 
0.1365 959.820281164 
0.136625 959.820323844 
0.13675 959.820366556 
0.136875 959.820409302 
0.137 959.82045208 
0.137125 959.820494892 
0.13725 959.820537737 
0.137375 959.820580614 
0.1375 959.820623525 
0.137625 959.820666469 
0.13775 959.820709445 
0.137875 959.820752455 
0.138 959.820795497 
0.138125 959.820838572 
0.13825 959.820881681 
0.138375 959.820924822 
0.1385 959.820967996 
0.138625 959.821011202 
0.13875 959.821054442 
0.138875 959.821097714 
0.139 959.821141019 
0.139125 959.821184357 
0.13925 959.821227728 
0.139375 959.821271131 
0.1395 959.821314568 
0.139625 959.821358037 
0.13975 959.821401538 
0.139875 959.821445072 
0.14 959.821488639 
0.140125 959.821532239 
0.14025 959.821575871 
0.140375 959.821619536 
0.1405 959.821663233 
0.140625 959.821706963 
0.14075 959.821750726 
0.140875 959.821794521 
0.141 959.821838348 
0.141125 959.821882209 
0.14125 959.821926101 
0.141375 959.821970026 
0.1415 959.822013984 
0.141625 959.822057974 
0.14175 959.822101996 
0.141875 959.822146051 
0.142 959.822190139 
0.142125 959.822234258 
0.14225 959.82227841 
0.142375 959.822322595 
0.1425 959.822366811 
0.142625 959.822411061 
0.14275 959.822455342 
0.142875 959.822499656 
0.143 959.822544002 
0.143125 959.82258838 
0.14325 959.82263279 
0.143375 959.822677233 
0.1435 959.822721708 
0.143625 959.822766215 
0.14375 959.822810754 
0.143875 959.822855325 
0.144 959.822899929 
0.144125 959.822944564 
0.14425 959.822989232 
0.144375 959.823033932 
0.1445 959.823078664 
0.144625 959.823123428 
0.14475 959.823168224 
0.144875 959.823213052 
0.145 959.823257912 
0.145125 959.823302804 
0.14525 959.823347728 
0.145375 959.823392684 
0.1455 959.823437672 
0.145625 959.823482692 
0.14575 959.823527744 
0.145875 959.823572827 
0.146 959.823617943 
0.146125 959.82366309 
0.14625 959.823708269 
0.146375 959.82375348 
0.1465 959.823798723 
0.146625 959.823843998 
0.14675 959.823889304 
0.146875 959.823934642 
0.147 959.823980012 
0.147125 959.824025414 
0.14725 959.824070847 
0.147375 959.824116312 
0.1475 959.824161809 
0.147625 959.824207337 
0.14775 959.824252897 
0.147875 959.824298489 
0.148 959.824344112 
0.148125 959.824389767 
0.14825 959.824435454 
0.148375 959.824481172 
0.1485 959.824526921 
0.148625 959.824572702 
0.14875 959.824618515 
0.148875 959.824664359 
0.149 959.824710234 
0.149125 959.824756141 
0.14925 959.82480208 
0.149375 959.824848049 
0.1495 959.824894051 
0.149625 959.824940083 
0.14975 959.824986147 
0.149875 959.825032243 
0.15 959.825078369 
0.150125 959.825124527 
0.15025 959.825170717 
0.150375 959.825216937 
0.1505 959.825263189 
0.150625 959.825309472 
0.15075 959.825355786 
0.150875 959.825402132 
0.151 959.825448509 
0.151125 959.825494917 
0.15125 959.825541356 
0.151375 959.825587826 
0.1515 959.825634327 
0.151625 959.82568086 
0.15175 959.825727424 
0.151875 959.825774018 
0.152 959.825820644 
0.152125 959.825867301 
0.15225 959.825913989 
0.152375 959.825960707 
0.1525 959.826007457 
0.152625 959.826054238 
0.15275 959.82610105 
0.152875 959.826147893 
0.153 959.826194766 
0.153125 959.826241671 
0.15325 959.826288606 
0.153375 959.826335573 
0.1535 959.82638257 
0.153625 959.826429598 
0.15375 959.826476657 
0.153875 959.826523746 
0.154 959.826570867 
0.154125 959.826618018 
0.15425 959.8266652 
0.154375 959.826712413 
0.1545 959.826759656 
0.154625 959.82680693 
0.15475 959.826854235 
0.154875 959.82690157 
0.155 959.826948936 
0.155125 959.826996333 
0.15525 959.82704376 
0.155375 959.827091218 
0.1555 959.827138707 
0.155625 959.827186226 
0.15575 959.827233776 
0.155875 959.827281356 
0.156 959.827328966 
0.156125 959.827376608 
0.15625 959.827424279 
0.156375 959.827471981 
0.1565 959.827519714 
0.156625 959.827567477 
0.15675 959.82761527 
0.156875 959.827663094 
0.157 959.827710948 
0.157125 959.827758832 
0.15725 959.827806747 
0.157375 959.827854692 
0.1575 959.827902668 
0.157625 959.827950673 
0.15775 959.827998709 
0.157875 959.828046775 
0.158 959.828094872 
0.158125 959.828142998 
0.15825 959.828191155 
0.158375 959.828239342 
0.1585 959.828287559 
0.158625 959.828335807 
0.15875 959.828384084 
0.158875 959.828432392 
0.159 959.828480729 
0.159125 959.828529097 
0.15925 959.828577495 
0.159375 959.828625922 
0.1595 959.82867438 
0.159625 959.828722868 
0.15975 959.828771386 
0.159875 959.828819933 
0.16 959.828868511 
0.160125 959.828917118 
0.16025 959.828965756 
0.160375 959.829014423 
0.1605 959.82906312 
0.160625 959.829111848 
0.16075 959.829160604 
0.160875 959.829209391 
0.161 959.829258208 
0.161125 959.829307054 
0.16125 959.82935593 
0.161375 959.829404836 
0.1615 959.829453772 
0.161625 959.829502737 
0.16175 959.829551732 
0.161875 959.829600756 
0.162 959.829649811 
0.162125 959.829698895 
0.16225 959.829748008 
0.162375 959.829797151 
0.1625 959.829846324 
0.162625 959.829895526 
0.16275 959.829944758 
0.162875 959.82999402 
0.163 959.83004331 
0.163125 959.830092631 
0.16325 959.830141981 
0.163375 959.83019136 
0.1635 959.830240769 
0.163625 959.830290207 
0.16375 959.830339675 
0.163875 959.830389172 
0.164 959.830438698 
0.164125 959.830488254 
0.16425 959.830537839 
0.164375 959.830587453 
0.1645 959.830637096 
0.164625 959.830686769 
0.16475 959.830736472 
0.164875 959.830786203 
0.165 959.830835964 
0.165125 959.830885753 
0.16525 959.830935572 
0.165375 959.83098542 
0.1655 959.831035298 
0.165625 959.831085204 
0.16575 959.83113514 
0.165875 959.831185104 
0.166 959.831235098 
0.166125 959.831285121 
0.16625 959.831335173 
0.166375 959.831385254 
0.1665 959.831435363 
0.166625 959.831485502 
0.16675 959.83153567 
0.166875 959.831585867 
0.167 959.831636092 
0.167125 959.831686347 
0.16725 959.83173663 
0.167375 959.831786943 
0.1675 959.831837284 
0.167625 959.831887654 
0.16775 959.831938053 
0.167875 959.83198848 
0.168 959.832038937 
0.168125 959.832089422 
0.16825 959.832139936 
0.168375 959.832190479 
0.1685 959.83224105 
0.168625 959.83229165 
0.16875 959.832342279 
0.168875 959.832392936 
0.169 959.832443622 
0.169125 959.832494337 
0.16925 959.83254508 
0.169375 959.832595852 
0.1695 959.832646652 
0.169625 959.832697481 
0.16975 959.832748338 
0.169875 959.832799224 
0.17 959.832850139 
0.170125 959.832901081 
0.17025 959.832952053 
0.170375 959.833003053 
0.1705 959.833054081 
0.170625 959.833105137 
0.17075 959.833156222 
0.170875 959.833207335 
0.171 959.833258477 
0.171125 959.833309647 
0.17125 959.833360845 
0.171375 959.833412071 
0.1715 959.833463326 
0.171625 959.833514609 
0.17175 959.83356592 
0.171875 959.83361726 
0.172 959.833668627 
0.172125 959.833720023 
0.17225 959.833771447 
0.172375 959.833822899 
0.1725 959.833874379 
0.172625 959.833925887 
0.17275 959.833977424 
0.172875 959.834028988 
0.173 959.83408058 
0.173125 959.834132201 
0.17325 959.834183849 
0.173375 959.834235525 
0.1735 959.83428723 
0.173625 959.834338962 
0.17375 959.834390722 
0.173875 959.83444251 
0.174 959.834494326 
0.174125 959.83454617 
0.17425 959.834598042 
0.174375 959.834649941 
0.1745 959.834701869 
0.174625 959.834753824 
0.17475 959.834805807 
0.174875 959.834857817 
0.175 959.834909855 
0.175125 959.834961922 
0.17525 959.835014015 
0.175375 959.835066137 
0.1755 959.835118286 
0.175625 959.835170462 
0.17575 959.835222667 
0.175875 959.835274899 
0.176 959.835327158 
0.176125 959.835379445 
0.17625 959.83543176 
0.176375 959.835484102 
0.1765 959.835536472 
0.176625 959.835588869 
0.17675 959.835641293 
0.176875 959.835693745 
0.177 959.835746225 
0.177125 959.835798732 
0.17725 959.835851266 
0.177375 959.835903827 
0.1775 959.835956416 
0.177625 959.836009033 
0.17775 959.836061676 
0.177875 959.836114347 
0.178 959.836167045 
0.178125 959.836219771 
0.17825 959.836272523 
0.178375 959.836325303 
0.1785 959.83637811 
0.178625 959.836430944 
0.17875 959.836483806 
0.178875 959.836536694 
0.179 959.83658961 
0.179125 959.836642553 
0.17925 959.836695522 
0.179375 959.836748519 
0.1795 959.836801543 
0.179625 959.836854594 
0.17975 959.836907672 
0.179875 959.836960777 
0.18 959.837013909 
0.180125 959.837067068 
0.18025 959.837120253 
0.180375 959.837173466 
0.1805 959.837226705 
0.180625 959.837279972 
0.18075 959.837333265 
0.180875 959.837386585 
0.181 959.837439932 
0.181125 959.837493306 
0.18125 959.837546706 
0.181375 959.837600133 
0.1815 959.837653587 
0.181625 959.837707068 
0.18175 959.837760575 
0.181875 959.837814109 
0.182 959.83786767 
0.182125 959.837921257 
0.18225 959.837974871 
0.182375 959.838028511 
0.1825 959.838082179 
0.182625 959.838135872 
0.18275 959.838189592 
0.182875 959.838243339 
0.183 959.838297112 
0.183125 959.838350912 
0.18325 959.838404738 
0.183375 959.83845859 
0.1835 959.838512469 
0.183625 959.838566375 
0.18375 959.838620306 
0.183875 959.838674264 
0.184 959.838728249 
0.184125 959.838782259 
0.18425 959.838836296 
0.184375 959.83889036 
0.1845 959.838944449 
0.184625 959.838998565 
0.18475 959.839052707 
0.184875 959.839106875 
0.185 959.83916107 
0.185125 959.83921529 
0.18525 959.839269537 
0.185375 959.83932381 
0.1855 959.839378109 
0.185625 959.839432434 
0.18575 959.839486785 
0.185875 959.839541162 
0.186 959.839595565 
0.186125 959.839649994 
0.18625 959.839704449 
0.186375 959.839758931 
0.1865 959.839813438 
0.186625 959.839867971 
0.18675 959.839922529 
0.186875 959.839977114 
0.187 959.840031725 
0.187125 959.840086361 
0.18725 959.840141023 
0.187375 959.840195712 
0.1875 959.840250425 
0.187625 959.840305165 
0.18775 959.84035993 
0.187875 959.840414722 
0.188 959.840469538 
0.188125 959.840524381 
0.18825 959.840579249 
0.188375 959.840634143 
0.1885 959.840689062 
0.188625 959.840744007 
0.18875 959.840798978 
0.188875 959.840853974 
0.189 959.840908996 
0.189125 959.840964043 
0.18925 959.841019116 
0.189375 959.841074214 
0.1895 959.841129338 
0.189625 959.841184487 
0.18975 959.841239662 
0.189875 959.841294862 
0.19 959.841350087 
0.190125 959.841405338 
0.19025 959.841460614 
0.190375 959.841515915 
0.1905 959.841571242 
0.190625 959.841626594 
0.19075 959.841681971 
0.190875 959.841737374 
0.191 959.841792801 
0.191125 959.841848254 
0.19125 959.841903733 
0.191375 959.841959236 
0.1915 959.842014764 
0.191625 959.842070318 
0.19175 959.842125897 
0.191875 959.8421815 
0.192 959.842237129 
0.192125 959.842292783 
0.19225 959.842348462 
0.192375 959.842404166 
0.1925 959.842459895 
0.192625 959.842515648 
0.19275 959.842571427 
0.192875 959.842627231 
0.193 959.842683059 
0.193125 959.842738913 
0.19325 959.842794791 
0.193375 959.842850694 
0.1935 959.842906622 
0.193625 959.842962575 
0.19375 959.843018553 
0.193875 959.843074555 
0.194 959.843130582 
0.194125 959.843186634 
0.19425 959.843242711 
0.194375 959.843298812 
0.1945 959.843354938 
0.194625 959.843411088 
0.19475 959.843467263 
0.194875 959.843523463 
0.195 959.843579687 
0.195125 959.843635936 
0.19525 959.843692209 
0.195375 959.843748507 
0.1955 959.843804829 
0.195625 959.843861176 
0.19575 959.843917548 
0.195875 959.843973943 
0.196 959.844030363 
0.196125 959.844086808 
0.19625 959.844143277 
0.196375 959.84419977 
0.1965 959.844256288 
0.196625 959.84431283 
0.19675 959.844369396 
0.196875 959.844425986 
0.197 959.844482601 
0.197125 959.84453924 
0.19725 959.844595903 
0.197375 959.844652591 
0.1975 959.844709302 
0.197625 959.844766038 
0.19775 959.844822798 
0.197875 959.844879581 
0.198 959.844936389 
0.198125 959.844993221 
0.19825 959.845050078 
0.198375 959.845106958 
0.1985 959.845163862 
0.198625 959.84522079 
0.19875 959.845277742 
0.198875 959.845334718 
0.199 959.845391718 
0.199125 959.845448742 
0.19925 959.845505789 
0.199375 959.845562861 
0.1995 959.845619956 
0.199625 959.845677076 
0.19975 959.845734219 
0.199875 959.845791385 
0.2 959.845848576 
0.200125 959.84590579 
0.20025 959.845963028 
0.200375 959.84602029 
0.2005 959.846077575 
0.200625 959.846134884 
0.20075 959.846192217 
0.200875 959.846249573 
0.201 959.846306953 
0.201125 959.846364356 
0.20125 959.846421783 
0.201375 959.846479234 
0.2015 959.846536708 
0.201625 959.846594205 
0.20175 959.846651726 
0.201875 959.846709271 
0.202 959.846766839 
0.202125 959.84682443 
0.20225 959.846882045 
0.202375 959.846939682 
0.2025 959.846997344 
0.202625 959.847055028 
0.20275 959.847112736 
0.202875 959.847170468 
0.203 959.847228222 
0.203125 959.847286 
0.20325 959.847343801 
0.203375 959.847401625 
0.2035 959.847459472 
0.203625 959.847517343 
0.20375 959.847575236 
0.203875 959.847633153 
0.204 959.847691093 
0.204125 959.847749055 
0.20425 959.847807041 
0.204375 959.84786505 
0.2045 959.847923082 
0.204625 959.847981137 
0.20475 959.848039215 
0.204875 959.848097316 
0.205 959.84815544 
0.205125 959.848213586 
0.20525 959.848271756 
0.205375 959.848329948 
0.2055 959.848388164 
0.205625 959.848446402 
0.20575 959.848504662 
0.205875 959.848562946 
0.206 959.848621252 
0.206125 959.848679582 
0.20625 959.848737933 
0.206375 959.848796308 
0.2065 959.848854705 
0.206625 959.848913125 
0.20675 959.848971567 
0.206875 959.849030033 
0.207 959.84908852 
0.207125 959.84914703 
0.20725 959.849205563 
0.207375 959.849264118 
0.2075 959.849322696 
0.207625 959.849381297 
0.20775 959.849439919 
0.207875 959.849498565 
0.208 959.849557232 
0.208125 959.849615922 
0.20825 959.849674634 
0.208375 959.849733369 
0.2085 959.849792126 
0.208625 959.849850906 
0.20875 959.849909707 
0.208875 959.849968531 
0.209 959.850027377 
0.209125 959.850086246 
0.20925 959.850145136 
0.209375 959.850204049 
0.2095 959.850262984 
0.209625 959.850321941 
0.20975 959.850380921 
0.209875 959.850439922 
0.21 959.850498945 
0.210125 959.850557991 
0.21025 959.850617058 
0.210375 959.850676148 
0.2105 959.850735259 
0.210625 959.850794393 
0.21075 959.850853548 
0.210875 959.850912726 
0.211 959.850971925 
0.211125 959.851031146 
0.21125 959.851090389 
0.211375 959.851149654 
0.2115 959.851208941 
0.211625 959.851268249 
0.21175 959.851327579 
0.211875 959.851386932 
0.212 959.851446305 
0.212125 959.851505701 
0.21225 959.851565118 
0.212375 959.851624557 
0.2125 959.851684017 
0.212625 959.8517435 
0.21275 959.851803003 
0.212875 959.851862529 
0.213 959.851922076 
0.213125 959.851981644 
0.21325 959.852041234 
0.213375 959.852100846 
0.2135 959.852160479 
0.213625 959.852220133 
0.21375 959.852279809 
0.213875 959.852339506 
0.214 959.852399225 
0.214125 959.852458965 
0.21425 959.852518726 
0.214375 959.852578509 
0.2145 959.852638313 
0.214625 959.852698138 
0.21475 959.852757985 
0.214875 959.852817853 
0.215 959.852877742 
0.215125 959.852937652 
0.21525 959.852997584 
0.215375 959.853057536 
0.2155 959.85311751 
0.215625 959.853177505 
0.21575 959.853237521 
0.215875 959.853297558 
0.216 959.853357616 
0.216125 959.853417695 
0.21625 959.853477795 
0.216375 959.853537916 
0.2165 959.853598059 
0.216625 959.853658222 
0.21675 959.853718406 
0.216875 959.85377861 
0.217 959.853838836 
0.217125 959.853899083 
0.21725 959.85395935 
0.217375 959.854019638 
0.2175 959.854079948 
0.217625 959.854140277 
0.21775 959.854200628 
0.217875 959.854260999 
0.218 959.854321391 
0.218125 959.854381804 
0.21825 959.854442237 
0.218375 959.854502691 
0.2185 959.854563166 
0.218625 959.854623661 
0.21875 959.854684177 
0.218875 959.854744713 
0.219 959.85480527 
0.219125 959.854865847 
0.21925 959.854926445 
0.219375 959.854987064 
0.2195 959.855047702 
0.219625 959.855108362 
0.21975 959.855169041 
0.219875 959.855229741 
0.22 959.855290461 
0.220125 959.855351202 
0.22025 959.855411963 
0.220375 959.855472744 
0.2205 959.855533546 
0.220625 959.855594368 
0.22075 959.85565521 
0.220875 959.855716072 
0.221 959.855776955 
0.221125 959.855837857 
0.22125 959.85589878 
0.221375 959.855959723 
0.2215 959.856020686 
0.221625 959.856081669 
0.22175 959.856142672 
0.221875 959.856203695 
0.222 959.856264738 
0.222125 959.856325801 
0.22225 959.856386884 
0.222375 959.856447987 
0.2225 959.85650911 
0.222625 959.856570253 
0.22275 959.856631416 
0.222875 959.856692599 
0.223 959.856753801 
0.223125 959.856815023 
0.22325 959.856876265 
0.223375 959.856937527 
0.2235 959.856998809 
0.223625 959.85706011 
0.22375 959.857121431 
0.223875 959.857182772 
0.224 959.857244132 
0.224125 959.857305512 
0.22425 959.857366911 
0.224375 959.857428331 
0.2245 959.857489769 
0.224625 959.857551228 
0.22475 959.857612706 
0.224875 959.857674203 
0.225 959.85773572 
0.225125 959.857797256 
0.22525 959.857858812 
0.225375 959.857920387 
0.2255 959.857981981 
0.225625 959.858043595 
0.22575 959.858105229 
0.225875 959.858166881 
0.226 959.858228553 
0.226125 959.858290244 
0.22625 959.858351955 
0.226375 959.858413685 
0.2265 959.858475433 
0.226625 959.858537202 
0.22675 959.858598989 
0.226875 959.858660795 
0.227 959.858722621 
0.227125 959.858784466 
0.22725 959.858846329 
0.227375 959.858908212 
0.2275 959.858970114 
0.227625 959.859032035 
0.22775 959.859093975 
0.227875 959.859155934 
0.228 959.859217912 
0.228125 959.859279909 
0.22825 959.859341924 
0.228375 959.859403959 
0.2285 959.859466012 
0.228625 959.859528085 
0.22875 959.859590176 
0.228875 959.859652286 
0.229 959.859714414 
0.229125 959.859776562 
0.22925 959.859838728 
0.229375 959.859900913 
0.2295 959.859963117 
0.229625 959.860025339 
0.22975 959.86008758 
0.229875 959.860149839 
0.23 959.860212118 
0.230125 959.860274414 
0.23025 959.86033673 
0.230375 959.860399063 
0.2305 959.860461416 
0.230625 959.860523787 
0.23075 959.860586176 
0.230875 959.860648584 
0.231 959.86071101 
0.231125 959.860773454 
0.23125 959.860835917 
0.231375 959.860898399 
0.2315 959.860960898 
0.231625 959.861023416 
0.23175 959.861085952 
0.231875 959.861148507 
0.232 959.86121108 
0.232125 959.861273671 
0.23225 959.86133628 
0.232375 959.861398907 
0.2325 959.861461553 
0.232625 959.861524216 
0.23275 959.861586898 
0.232875 959.861649598 
0.233 959.861712316 
0.233125 959.861775052 
0.23325 959.861837806 
0.233375 959.861900578 
0.2335 959.861963368 
0.233625 959.862026176 
0.23375 959.862089002 
0.233875 959.862151845 
0.234 959.862214707 
0.234125 959.862277587 
0.23425 959.862340484 
0.234375 959.862403399 
0.2345 959.862466332 
0.234625 959.862529283 
0.23475 959.862592251 
0.234875 959.862655238 
0.235 959.862718242 
0.235125 959.862781263 
0.23525 959.862844303 
0.235375 959.86290736 
0.2355 959.862970434 
0.235625 959.863033526 
0.23575 959.863096636 
0.235875 959.863159764 
0.236 959.863222908 
0.236125 959.863286071 
0.23625 959.863349251 
0.236375 959.863412448 
0.2365 959.863475663 
0.236625 959.863538895 
0.23675 959.863602144 
0.236875 959.863665411 
0.237 959.863728696 
0.237125 959.863791997 
0.23725 959.863855316 
0.237375 959.863918652 
0.2375 959.863982006 
0.237625 959.864045377 
0.23775 959.864108764 
0.237875 959.86417217 
0.238 959.864235592 
0.238125 959.864299031 
0.23825 959.864362488 
0.238375 959.864425962 
0.2385 959.864489452 
0.238625 959.86455296 
0.23875 959.864616485 
0.238875 959.864680027 
0.239 959.864743586 
0.239125 959.864807162 
0.23925 959.864870754 
0.239375 959.864934364 
0.2395 959.864997991 
0.239625 959.865061634 
0.23975 959.865125295 
0.239875 959.865188972 
0.24 959.865252666 
0.240125 959.865316377 
0.24025 959.865380104 
0.240375 959.865443848 
0.2405 959.865507609 
0.240625 959.865571387 
0.24075 959.865635181 
0.240875 959.865698992 
0.241 959.86576282 
0.241125 959.865826664 
0.24125 959.865890525 
0.241375 959.865954403 
0.2415 959.866018297 
0.241625 959.866082207 
0.24175 959.866146134 
0.241875 959.866210078 
0.242 959.866274037 
0.242125 959.866338014 
0.24225 959.866402007 
0.242375 959.866466016 
0.2425 959.866530041 
0.242625 959.866594083 
0.24275 959.866658141 
0.242875 959.866722215 
0.243 959.866786306 
0.243125 959.866850413 
0.24325 959.866914536 
0.243375 959.866978676 
0.2435 959.867042831 
0.243625 959.867107003 
0.24375 959.867171191 
0.243875 959.867235395 
0.244 959.867299615 
0.244125 959.867363851 
0.24425 959.867428103 
0.244375 959.867492371 
0.2445 959.867556655 
0.244625 959.867620955 
0.24475 959.867685271 
0.244875 959.867749603 
0.245 959.867813951 
0.245125 959.867878315 
0.24525 959.867942695 
0.245375 959.86800709 
0.2455 959.868071501 
0.245625 959.868135928 
0.24575 959.868200371 
0.245875 959.86826483 
0.246 959.868329304 
0.246125 959.868393794 
0.24625 959.8684583 
0.246375 959.868522821 
0.2465 959.868587358 
0.246625 959.868651911 
0.24675 959.868716479 
0.246875 959.868781063 
0.247 959.868845662 
0.247125 959.868910277 
0.24725 959.868974907 
0.247375 959.869039553 
0.2475 959.869104214 
0.247625 959.869168891 
0.24775 959.869233583 
0.247875 959.86929829 
0.248 959.869363013 
0.248125 959.869427751 
0.24825 959.869492505 
0.248375 959.869557274 
0.2485 959.869622058 
0.248625 959.869686857 
0.24875 959.869751671 
0.248875 959.869816501 
0.249 959.869881346 
0.249125 959.869946206 
0.24925 959.870011081 
0.249375 959.870075971 
0.2495 959.870140877 
0.249625 959.870205797 
0.24975 959.870270732 
0.249875 959.870335683 
0.25 959.870400648 
0.250125 959.870465629 
0.25025 959.870530624 
0.250375 959.870595634 
0.2505 959.87066066 
0.250625 959.8707257 
0.25075 959.870790755 
0.250875 959.870855824 
0.251 959.870920909 
0.251125 959.870986008 
0.25125 959.871051122 
0.251375 959.871116251 
0.2515 959.871181395 
0.251625 959.871246553 
0.25175 959.871311726 
0.251875 959.871376914 
0.252 959.871442116 
0.252125 959.871507333 
0.25225 959.871572564 
0.252375 959.87163781 
0.2525 959.87170307 
0.252625 959.871768345 
0.25275 959.871833635 
0.252875 959.871898939 
0.253 959.871964257 
0.253125 959.87202959 
0.25325 959.872094937 
0.253375 959.872160299 
0.2535 959.872225675 
0.253625 959.872291065 
0.25375 959.87235647 
0.253875 959.872421889 
0.254 959.872487322 
0.254125 959.872552769 
0.25425 959.872618231 
0.254375 959.872683707 
0.2545 959.872749196 
0.254625 959.872814701 
0.25475 959.872880219 
0.254875 959.872945751 
0.255 959.873011297 
0.255125 959.873076858 
0.25525 959.873142432 
0.255375 959.873208021 
0.2555 959.873273623 
0.255625 959.87333924 
0.25575 959.87340487 
0.255875 959.873470514 
0.256 959.873536172 
0.256125 959.873601844 
0.25625 959.87366753 
0.256375 959.87373323 
0.2565 959.873798943 
0.256625 959.873864671 
0.25675 959.873930412 
0.256875 959.873996166 
0.257 959.874061935 
0.257125 959.874127717 
0.25725 959.874193513 
0.257375 959.874259322 
0.2575 959.874325145 
0.257625 959.874390982 
0.25775 959.874456832 
0.257875 959.874522696 
0.258 959.874588573 
0.258125 959.874654464 
0.25825 959.874720368 
0.258375 959.874786286 
0.2585 959.874852217 
0.258625 959.874918162 
0.25875 959.874984119 
0.258875 959.875050091 
0.259 959.875116075 
0.259125 959.875182073 
0.25925 959.875248085 
0.259375 959.875314109 
0.2595 959.875380147 
0.259625 959.875446198 
0.25975 959.875512262 
0.259875 959.875578339 
0.26 959.87564443 
0.260125 959.875710533 
0.26025 959.87577665 
0.260375 959.87584278 
0.2605 959.875908923 
0.260625 959.875975079 
0.26075 959.876041248 
0.260875 959.876107429 
0.261 959.876173624 
0.261125 959.876239832 
0.26125 959.876306053 
0.261375 959.876372287 
0.2615 959.876438533 
0.261625 959.876504792 
0.26175 959.876571065 
0.261875 959.87663735 
0.262 959.876703647 
0.262125 959.876769958 
0.26225 959.876836281 
0.262375 959.876902617 
0.2625 959.876968966 
0.262625 959.877035327 
0.26275 959.877101701 
0.262875 959.877168088 
0.263 959.877234487 
0.263125 959.877300899 
0.26325 959.877367323 
0.263375 959.87743376 
0.2635 959.877500209 
0.263625 959.877566671 
0.26375 959.877633145 
0.263875 959.877699632 
0.264 959.877766131 
0.264125 959.877832643 
0.26425 959.877899167 
0.264375 959.877965703 
0.2645 959.878032251 
0.264625 959.878098812 
0.26475 959.878165385 
0.264875 959.878231971 
0.265 959.878298568 
0.265125 959.878365178 
0.26525 959.8784318 
0.265375 959.878498434 
0.2655 959.87856508 
0.265625 959.878631739 
0.26575 959.878698409 
0.265875 959.878765092 
0.266 959.878831786 
0.266125 959.878898493 
0.26625 959.878965211 
0.266375 959.879031942 
0.2665 959.879098684 
0.266625 959.879165439 
0.26675 959.879232205 
0.266875 959.879298983 
0.267 959.879365773 
0.267125 959.879432575 
0.26725 959.879499389 
0.267375 959.879566214 
0.2675 959.879633051 
0.267625 959.8796999 
0.26775 959.879766761 
0.267875 959.879833633 
0.268 959.879900517 
0.268125 959.879967413 
0.26825 959.88003432 
0.268375 959.880101239 
0.2685 959.88016817 
0.268625 959.880235112 
0.26875 959.880302065 
0.268875 959.88036903 
0.269 959.880436007 
0.269125 959.880502995 
0.26925 959.880569994 
0.269375 959.880637005 
0.2695 959.880704027 
0.269625 959.880771061 
0.26975 959.880838106 
0.269875 959.880905162 
0.27 959.880972229 
0.270125 959.881039308 
0.27025 959.881106398 
0.270375 959.881173499 
0.2705 959.881240612 
0.270625 959.881307735 
0.27075 959.88137487 
0.270875 959.881442016 
0.271 959.881509173 
0.271125 959.881576341 
0.27125 959.88164352 
0.271375 959.881710711 
0.2715 959.881777912 
0.271625 959.881845124 
0.27175 959.881912347 
0.271875 959.881979581 
0.272 959.882046826 
0.272125 959.882114082 
0.27225 959.882181349 
0.272375 959.882248627 
0.2725 959.882315915 
0.272625 959.882383215 
0.27275 959.882450525 
0.272875 959.882517845 
0.273 959.882585177 
0.273125 959.882652519 
0.27325 959.882719872 
0.273375 959.882787236 
0.2735 959.88285461 
0.273625 959.882921995 
0.27375 959.88298939 
0.273875 959.883056797 
0.274 959.883124213 
0.274125 959.88319164 
0.27425 959.883259078 
0.274375 959.883326526 
0.2745 959.883393984 
0.274625 959.883461453 
0.27475 959.883528933 
0.274875 959.883596423 
0.275 959.883663923 
0.275125 959.883731433 
0.27525 959.883798954 
0.275375 959.883866485 
0.2755 959.883934026 
0.275625 959.884001578 
0.27575 959.88406914 
0.275875 959.884136712 
0.276 959.884204294 
0.276125 959.884271886 
0.27625 959.884339488 
0.276375 959.884407101 
0.2765 959.884474724 
0.276625 959.884542356 
0.27675 959.884609999 
0.276875 959.884677652 
0.277 959.884745314 
0.277125 959.884812987 
0.27725 959.88488067 
0.277375 959.884948362 
0.2775 959.885016065 
0.277625 959.885083777 
0.27775 959.885151499 
0.277875 959.885219231 
0.278 959.885286973 
0.278125 959.885354724 
0.27825 959.885422485 
0.278375 959.885490256 
0.2785 959.885558037 
0.278625 959.885625827 
0.27875 959.885693627 
0.278875 959.885761437 
0.279 959.885829256 
0.279125 959.885897085 
0.27925 959.885964924 
0.279375 959.886032771 
0.2795 959.886100629 
0.279625 959.886168496 
0.27975 959.886236372 
0.279875 959.886304258 
0.28 959.886372154 
0.280125 959.886440058 
0.28025 959.886507972 
0.280375 959.886575896 
0.2805 959.886643829 
0.280625 959.886711771 
0.28075 959.886779722 
0.280875 959.886847683 
0.281 959.886915652 
0.281125 959.886983631 
0.28125 959.88705162 
0.281375 959.887119617 
0.2815 959.887187624 
0.281625 959.887255639 
0.28175 959.887323664 
0.281875 959.887391698 
0.282 959.887459741 
0.282125 959.887527793 
0.28225 959.887595854 
0.282375 959.887663923 
0.2825 959.887732002 
0.282625 959.88780009 
0.28275 959.887868187 
0.282875 959.887936292 
0.283 959.888004407 
0.283125 959.88807253 
0.28325 959.888140662 
0.283375 959.888208803 
0.2835 959.888276952 
0.283625 959.888345111 
0.28375 959.888413278 
0.283875 959.888481454 
0.284 959.888549638 
0.284125 959.888617831 
0.28425 959.888686033 
0.284375 959.888754243 
0.2845 959.888822462 
0.284625 959.88889069 
0.28475 959.888958925 
0.284875 959.88902717 
0.285 959.889095423 
0.285125 959.889163684 
0.28525 959.889231954 
0.285375 959.889300233 
0.2855 959.889368519 
0.285625 959.889436814 
0.28575 959.889505118 
0.285875 959.889573429 
0.286 959.889641749 
0.286125 959.889710078 
0.28625 959.889778414 
0.286375 959.889846759 
0.2865 959.889915112 
0.286625 959.889983473 
0.28675 959.890051842 
0.286875 959.89012022 
0.287 959.890188605 
0.287125 959.890256999 
0.28725 959.8903254 
0.287375 959.89039381 
0.2875 959.890462228 
0.287625 959.890530654 
0.28775 959.890599087 
0.287875 959.890667529 
0.288 959.890735978 
0.288125 959.890804436 
0.28825 959.890872901 
0.288375 959.890941374 
0.2885 959.891009855 
0.288625 959.891078344 
0.28875 959.891146841 
0.288875 959.891215345 
0.289 959.891283857 
0.289125 959.891352377 
0.28925 959.891420904 
0.289375 959.891489439 
0.2895 959.891557982 
0.289625 959.891626532 
0.28975 959.89169509 
0.289875 959.891763656 
0.29 959.891832229 
0.290125 959.89190081 
0.29025 959.891969398 
0.290375 959.892037993 
0.2905 959.892106596 
0.290625 959.892175207 
0.29075 959.892243825 
0.290875 959.89231245 
0.291 959.892381082 
0.291125 959.892449722 
0.29125 959.892518369 
0.291375 959.892587024 
0.2915 959.892655686 
0.291625 959.892724355 
0.29175 959.892793031 
0.291875 959.892861714 
0.292 959.892930405 
0.292125 959.892999103 
0.29225 959.893067807 
0.292375 959.893136519 
0.2925 959.893205238 
0.292625 959.893273965 
0.29275 959.893342698 
0.292875 959.893411438 
0.293 959.893480185 
0.293125 959.893548939 
0.29325 959.8936177 
0.293375 959.893686468 
0.2935 959.893755242 
0.293625 959.893824024 
0.29375 959.893892812 
0.293875 959.893961608 
0.294 959.89403041 
0.294125 959.894099219 
0.29425 959.894168034 
0.294375 959.894236857 
0.2945 959.894305686 
0.294625 959.894374521 
0.29475 959.894443364 
0.294875 959.894512212 
0.295 959.894581068 
0.295125 959.89464993 
0.29525 959.894718799 
0.295375 959.894787674 
0.2955 959.894856556 
0.295625 959.894925444 
0.29575 959.894994339 
0.295875 959.89506324 
0.296 959.895132147 
0.296125 959.895201061 
0.29625 959.895269982 
0.296375 959.895338908 
0.2965 959.895407841 
0.296625 959.89547678 
0.29675 959.895545726 
0.296875 959.895614678 
0.297 959.895683636 
0.297125 959.8957526 
0.29725 959.89582157 
0.297375 959.895890547 
0.2975 959.89595953 
0.297625 959.896028518 
0.29775 959.896097513 
0.297875 959.896166514 
0.298 959.896235521 
0.298125 959.896304534 
0.29825 959.896373553 
0.298375 959.896442578 
0.2985 959.896511609 
0.298625 959.896580646 
0.29875 959.896649689 
0.298875 959.896718737 
0.299 959.896787792 
0.299125 959.896856852 
0.29925 959.896925918 
0.299375 959.89699499 
0.2995 959.897064067 
0.299625 959.897133151 
0.29975 959.89720224 
0.299875 959.897271335 
0.3 959.897340435 
0.300125 959.897409541 
0.30025 959.897478653 
0.300375 959.89754777 
0.3005 959.897616893 
0.300625 959.897686021 
0.30075 959.897755155 
0.300875 959.897824295 
0.301 959.897893439 
0.301125 959.89796259 
0.30125 959.898031745 
0.301375 959.898100907 
0.3015 959.898170073 
0.301625 959.898239245 
0.30175 959.898308422 
0.301875 959.898377605 
0.302 959.898446793 
0.302125 959.898515986 
0.30225 959.898585184 
0.302375 959.898654388 
0.3025 959.898723596 
0.302625 959.89879281 
0.30275 959.898862029 
0.302875 959.898931254 
0.303 959.899000483 
0.303125 959.899069717 
0.30325 959.899138957 
0.303375 959.899208201 
0.3035 959.89927745 
0.303625 959.899346705 
0.30375 959.899415964 
0.303875 959.899485229 
0.304 959.899554498 
0.304125 959.899623772 
0.30425 959.899693051 
0.304375 959.899762335 
0.3045 959.899831623 
0.304625 959.899900917 
0.30475 959.899970215 
0.304875 959.900039518 
0.305 959.900108826 
0.305125 959.900178138 
0.30525 959.900247455 
0.305375 959.900316777 
0.3055 959.900386103 
0.305625 959.900455434 
0.30575 959.900524769 
0.305875 959.90059411 
0.306 959.900663454 
0.306125 959.900732803 
0.30625 959.900802157 
0.306375 959.900871515 
0.3065 959.900940877 
0.306625 959.901010244 
0.30675 959.901079616 
0.306875 959.901148991 
0.307 959.901218371 
0.307125 959.901287756 
0.30725 959.901357144 
0.307375 959.901426537 
0.3075 959.901495935 
0.307625 959.901565336 
0.30775 959.901634742 
0.307875 959.901704152 
0.308 959.901773566 
0.308125 959.901842984 
0.30825 959.901912406 
0.308375 959.901981832 
0.3085 959.902051263 
0.308625 959.902120697 
0.30875 959.902190135 
0.308875 959.902259578 
0.309 959.902329024 
0.309125 959.902398475 
0.30925 959.902467929 
0.309375 959.902537387 
0.3095 959.902606849 
0.309625 959.902676315 
0.30975 959.902745785 
0.309875 959.902815259 
0.31 959.902884736 
0.310125 959.902954217 
0.31025 959.903023702 
0.310375 959.90309319 
0.3105 959.903162683 
0.310625 959.903232179 
0.31075 959.903301678 
0.310875 959.903371181 
0.311 959.903440688 
0.311125 959.903510198 
0.31125 959.903579712 
0.311375 959.90364923 
0.3115 959.903718751 
0.311625 959.903788275 
0.31175 959.903857803 
0.311875 959.903927334 
0.312 959.903996869 
0.312125 959.904066407 
0.31225 959.904135949 
0.312375 959.904205493 
0.3125 959.904275042 
0.312625 959.904344593 
0.31275 959.904414148 
0.312875 959.904483706 
0.313 959.904553267 
0.313125 959.904622831 
0.31325 959.904692399 
0.313375 959.904761969 
0.3135 959.904831543 
0.313625 959.90490112 
0.31375 959.9049707 
0.313875 959.905040283 
0.314 959.905109869 
0.314125 959.905179458 
0.31425 959.90524905 
0.314375 959.905318646 
0.3145 959.905388244 
0.314625 959.905457844 
0.31475 959.905527448 
0.314875 959.905597055 
0.315 959.905666664 
0.315125 959.905736277 
0.31525 959.905805892 
0.315375 959.90587551 
0.3155 959.905945131 
0.315625 959.906014754 
0.31575 959.90608438 
0.315875 959.906154009 
0.316 959.90622364 
0.316125 959.906293275 
0.31625 959.906362911 
0.316375 959.906432551 
0.3165 959.906502192 
0.316625 959.906571837 
0.31675 959.906641484 
0.316875 959.906711133 
0.317 959.906780785 
0.317125 959.90685044 
0.31725 959.906920096 
0.317375 959.906989756 
0.3175 959.907059417 
0.317625 959.907129081 
0.31775 959.907198747 
0.317875 959.907268416 
0.318 959.907338087 
0.318125 959.90740776 
0.31825 959.907477435 
0.318375 959.907547113 
0.3185 959.907616793 
0.318625 959.907686475 
0.31875 959.907756159 
0.318875 959.907825845 
0.319 959.907895533 
0.319125 959.907965224 
0.31925 959.908034916 
0.319375 959.908104611 
0.3195 959.908174307 
0.319625 959.908244006 
0.31975 959.908313706 
0.319875 959.908383409 
0.32 959.908453113 
0.320125 959.908522819 
0.32025 959.908592527 
0.320375 959.908662237 
0.3205 959.908731949 
0.320625 959.908801662 
0.32075 959.908871378 
0.320875 959.908941095 
0.321 959.909010813 
0.321125 959.909080534 
0.32125 959.909150256 
0.321375 959.90921998 
0.3215 959.909289705 
0.321625 959.909359432 
0.32175 959.909429161 
0.321875 959.909498891 
0.322 959.909568623 
0.322125 959.909638356 
0.32225 959.909708091 
0.322375 959.909777827 
0.3225 959.909847565 
0.322625 959.909917304 
0.32275 959.909987045 
0.322875 959.910056786 
0.323 959.91012653 
0.323125 959.910196274 
0.32325 959.91026602 
0.323375 959.910335767 
0.3235 959.910405516 
0.323625 959.910475265 
0.32375 959.910545016 
0.323875 959.910614768 
0.324 959.910684522 
0.324125 959.910754276 
0.32425 959.910824031 
0.324375 959.910893788 
0.3245 959.910963546 
0.324625 959.911033305 
0.32475 959.911103064 
0.324875 959.911172825 
0.325 959.911242587 
0.325125 959.91131235 
0.32525 959.911382113 
0.325375 959.911451878 
0.3255 959.911521643 
0.325625 959.91159141 
0.32575 959.911661177 
0.325875 959.911730945 
0.326 959.911800713 
0.326125 959.911870483 
0.32625 959.911940253 
0.326375 959.912010024 
0.3265 959.912079796 
0.326625 959.912149569 
0.32675 959.912219342 
0.326875 959.912289115 
0.327 959.91235889 
0.327125 959.912428665 
0.32725 959.91249844 
0.327375 959.912568216 
0.3275 959.912637993 
0.327625 959.91270777 
0.32775 959.912777547 
0.327875 959.912847325 
0.328 959.912917104 
0.328125 959.912986882 
0.32825 959.913056662 
0.328375 959.913126441 
0.3285 959.913196221 
0.328625 959.913266001 
0.32875 959.913335782 
0.328875 959.913405562 
0.329 959.913475343 
0.329125 959.913545124 
0.32925 959.913614906 
0.329375 959.913684687 
0.3295 959.913754469 
0.329625 959.913824251 
0.32975 959.913894033 
0.329875 959.913963815 
0.33 959.914033597 
0.330125 959.914103379 
0.33025 959.914173161 
0.330375 959.914242943 
0.3305 959.914312725 
0.330625 959.914382507 
0.33075 959.914452289 
0.330875 959.914522071 
0.331 959.914591853 
0.331125 959.914661634 
0.33125 959.914731415 
0.331375 959.914801197 
0.3315 959.914870977 
0.331625 959.914940758 
0.33175 959.915010539 
0.331875 959.915080319 
0.332 959.915150098 
0.332125 959.915219878 
0.33225 959.915289657 
0.332375 959.915359436 
0.3325 959.915429214 
0.332625 959.915498992 
0.33275 959.915568769 
0.332875 959.915638546 
0.333 959.915708323 
0.333125 959.915778099 
0.33325 959.915847874 
0.333375 959.915917649 
0.3335 959.915987423 
0.333625 959.916057197 
0.33375 959.91612697 
0.333875 959.916196742 
0.334 959.916266514 
0.334125 959.916336285 
0.33425 959.916406055 
0.334375 959.916475824 
0.3345 959.916545593 
0.334625 959.916615361 
0.33475 959.916685128 
0.334875 959.916754894 
0.335 959.91682466 
0.335125 959.916894424 
0.33525 959.916964188 
0.335375 959.91703395 
0.3355 959.917103712 
0.335625 959.917173473 
0.33575 959.917243232 
0.335875 959.917312991 
0.336 959.917382748 
0.336125 959.917452505 
0.33625 959.91752226 
0.336375 959.917592015 
0.3365 959.917661768 
0.336625 959.91773152 
0.33675 959.917801271 
0.336875 959.91787102 
0.337 959.917940769 
0.337125 959.918010516 
0.33725 959.918080261 
0.337375 959.918150006 
0.3375 959.918219749 
0.337625 959.918289491 
0.33775 959.918359231 
0.337875 959.918428971 
0.338 959.918498708 
0.338125 959.918568444 
0.33825 959.918638179 
0.338375 959.918707912 
0.3385 959.918777644 
0.338625 959.918847374 
0.33875 959.918917103 
0.338875 959.91898683 
0.339 959.919056556 
0.339125 959.919126279 
0.33925 959.919196002 
0.339375 959.919265722 
0.3395 959.919335441 
0.339625 959.919405158 
0.33975 959.919474873 
0.339875 959.919544587 
0.34 959.919614299 
0.340125 959.919684009 
0.34025 959.919753717 
0.340375 959.919823424 
0.3405 959.919893128 
0.340625 959.919962831 
0.34075 959.920032531 
0.340875 959.92010223 
0.341 959.920171927 
0.341125 959.920241621 
0.34125 959.920311314 
0.341375 959.920381005 
0.3415 959.920450693 
0.341625 959.92052038 
0.34175 959.920590064 
0.341875 959.920659747 
0.342 959.920729427 
0.342125 959.920799105 
0.34225 959.920868781 
0.342375 959.920938454 
0.3425 959.921008126 
0.342625 959.921077795 
0.34275 959.921147461 
0.342875 959.921217126 
0.343 959.921286788 
0.343125 959.921356448 
0.34325 959.921426105 
0.343375 959.92149576 
0.3435 959.921565413 
0.343625 959.921635063 
0.34375 959.921704711 
0.343875 959.921774356 
0.344 959.921843998 
0.344125 959.921913639 
0.34425 959.921983276 
0.344375 959.922052911 
0.3445 959.922122543 
0.344625 959.922192173 
0.34475 959.9222618 
0.344875 959.922331425 
0.345 959.922401046 
0.345125 959.922470665 
0.34525 959.922540282 
0.345375 959.922609895 
0.3455 959.922679506 
0.345625 959.922749114 
0.34575 959.922818719 
0.345875 959.922888321 
0.346 959.92295792 
0.346125 959.923027517 
0.34625 959.92309711 
0.346375 959.923166701 
0.3465 959.923236288 
0.346625 959.923305873 
0.34675 959.923375454 
0.346875 959.923445033 
0.347 959.923514608 
0.347125 959.923584181 
0.34725 959.92365375 
0.347375 959.923723316 
0.3475 959.923792879 
0.347625 959.923862439 
0.34775 959.923931996 
0.347875 959.924001549 
0.348 959.924071099 
0.348125 959.924140646 
0.34825 959.92421019 
0.348375 959.92427973 
0.3485 959.924349267 
0.348625 959.924418801 
0.34875 959.924488331 
0.348875 959.924557858 
0.349 959.924627381 
0.349125 959.924696901 
0.34925 959.924766418 
0.349375 959.924835931 
0.3495 959.92490544 
0.349625 959.924974946 
0.34975 959.925044449 
0.349875 959.925113947 
0.35 959.925183443 
0.350125 959.925252934 
0.35025 959.925322422 
0.350375 959.925391906 
0.3505 959.925461387 
0.350625 959.925530864 
0.35075 959.925600337 
0.350875 959.925669806 
0.351 959.925739272 
0.351125 959.925808734 
0.35125 959.925878192 
0.351375 959.925947646 
0.3515 959.926017096 
0.351625 959.926086542 
0.35175 959.926155985 
0.351875 959.926225423 
0.352 959.926294858 
0.352125 959.926364288 
0.35225 959.926433715 
0.352375 959.926503137 
0.3525 959.926572555 
0.352625 959.92664197 
0.35275 959.92671138 
0.352875 959.926780786 
0.353 959.926850188 
0.353125 959.926919586 
0.35325 959.92698898 
0.353375 959.927058369 
0.3535 959.927127754 
0.353625 959.927197135 
0.35375 959.927266512 
0.353875 959.927335884 
0.354 959.927405252 
0.354125 959.927474616 
0.35425 959.927543975 
0.354375 959.92761333 
0.3545 959.92768268 
0.354625 959.927752026 
0.35475 959.927821368 
0.354875 959.927890705 
0.355 959.927960038 
0.355125 959.928029366 
0.35525 959.928098689 
0.355375 959.928168008 
0.3555 959.928237323 
0.355625 959.928306632 
0.35575 959.928375938 
0.355875 959.928445238 
0.356 959.928514534 
0.356125 959.928583825 
0.35625 959.928653111 
0.356375 959.928722393 
0.3565 959.92879167 
0.356625 959.928860942 
0.35675 959.928930209 
0.356875 959.928999471 
0.357 959.929068729 
0.357125 959.929137981 
0.35725 959.929207229 
0.357375 959.929276472 
0.3575 959.92934571 
0.357625 959.929414943 
0.35775 959.929484171 
0.357875 959.929553393 
0.358 959.929622611 
0.358125 959.929691824 
0.35825 959.929761032 
0.358375 959.929830234 
0.3585 959.929899432 
0.358625 959.929968624 
0.35875 959.930037811 
0.358875 959.930106993 
0.359 959.93017617 
0.359125 959.930245341 
0.35925 959.930314507 
0.359375 959.930383668 
0.3595 959.930452824 
0.359625 959.930521974 
0.35975 959.930591119 
0.359875 959.930660259 
0.36 959.930729393 
0.360125 959.930798522 
0.36025 959.930867645 
0.360375 959.930936763 
0.3605 959.931005875 
0.360625 959.931074982 
0.36075 959.931144083 
0.360875 959.931213179 
0.361 959.931282269 
0.361125 959.931351354 
0.36125 959.931420433 
0.361375 959.931489506 
0.3615 959.931558574 
0.361625 959.931627636 
0.36175 959.931696692 
0.361875 959.931765743 
0.362 959.931834788 
0.362125 959.931903827 
0.36225 959.93197286 
0.362375 959.932041887 
0.3625 959.932110909 
0.362625 959.932179925 
0.36275 959.932248935 
0.362875 959.932317939 
0.363 959.932386937 
0.363125 959.932455929 
0.36325 959.932524915 
0.363375 959.932593895 
0.3635 959.932662869 
0.363625 959.932731837 
0.36375 959.932800799 
0.363875 959.932869755 
0.364 959.932938705 
0.364125 959.933007648 
0.36425 959.933076586 
0.364375 959.933145517 
0.3645 959.933214443 
0.364625 959.933283362 
0.36475 959.933352274 
0.364875 959.933421181 
0.365 959.933490081 
0.365125 959.933558975 
0.36525 959.933627862 
0.365375 959.933696744 
0.3655 959.933765618 
0.365625 959.933834487 
0.36575 959.933903349 
0.365875 959.933972205 
0.366 959.934041054 
0.366125 959.934109896 
0.36625 959.934178733 
0.366375 959.934247562 
0.3665 959.934316385 
0.366625 959.934385202 
0.36675 959.934454012 
0.366875 959.934522815 
0.367 959.934591612 
0.367125 959.934660402 
0.36725 959.934729186 
0.367375 959.934797962 
0.3675 959.934866732 
0.367625 959.934935495 
0.36775 959.935004252 
0.367875 959.935073002 
0.368 959.935141744 
0.368125 959.935210481 
0.36825 959.93527921 
0.368375 959.935347932 
0.3685 959.935416648 
0.368625 959.935485356 
0.36875 959.935554058 
0.368875 959.935622752 
0.369 959.93569144 
0.369125 959.935760121 
0.36925 959.935828794 
0.369375 959.935897461 
0.3695 959.93596612 
0.369625 959.936034773 
0.36975 959.936103418 
0.369875 959.936172056 
0.37 959.936240687 
0.370125 959.936309311 
0.37025 959.936377928 
0.370375 959.936446537 
0.3705 959.936515139 
0.370625 959.936583734 
0.37075 959.936652322 
0.370875 959.936720902 
0.371 959.936789475 
0.371125 959.936858041 
0.37125 959.936926599 
0.371375 959.93699515 
0.3715 959.937063693 
0.371625 959.937132229 
0.37175 959.937200758 
0.371875 959.937269279 
0.372 959.937337793 
0.372125 959.937406299 
0.37225 959.937474797 
0.372375 959.937543288 
0.3725 959.937611771 
0.372625 959.937680247 
0.37275 959.937748715 
0.372875 959.937817176 
0.373 959.937885628 
0.373125 959.937954073 
0.37325 959.938022511 
0.373375 959.93809094 
0.3735 959.938159362 
0.373625 959.938227776 
0.37375 959.938296182 
0.373875 959.938364581 
0.374 959.938432971 
0.374125 959.938501354 
0.37425 959.938569729 
0.374375 959.938638096 
0.3745 959.938706455 
0.374625 959.938774806 
0.37475 959.938843149 
0.374875 959.938911484 
0.375 959.938979811 
0.375125 959.93904813 
0.37525 959.93911644 
0.375375 959.939184743 
0.3755 959.939253038 
0.375625 959.939321324 
0.37575 959.939389603 
0.375875 959.939457873 
0.376 959.939526135 
0.376125 959.939594389 
0.37625 959.939662634 
0.376375 959.939730872 
0.3765 959.939799101 
0.376625 959.939867321 
0.37675 959.939935534 
0.376875 959.940003738 
0.377 959.940071934 
0.377125 959.940140121 
0.37725 959.9402083 
0.377375 959.94027647 
0.3775 959.940344632 
0.377625 959.940412786 
0.37775 959.940480931 
0.377875 959.940549067 
0.378 959.940617195 
0.378125 959.940685315 
0.37825 959.940753426 
0.378375 959.940821528 
0.3785 959.940889621 
0.378625 959.940957706 
0.37875 959.941025783 
0.378875 959.94109385 
0.379 959.941161909 
0.379125 959.941229959 
0.37925 959.941298001 
0.379375 959.941366033 
0.3795 959.941434057 
0.379625 959.941502072 
0.37975 959.941570079 
0.379875 959.941638076 
0.38 959.941706064 
0.380125 959.941774044 
0.38025 959.941842015 
0.380375 959.941909976 
0.3805 959.941977929 
0.380625 959.942045873 
0.38075 959.942113807 
0.380875 959.942181733 
0.381 959.94224965 
0.381125 959.942317557 
0.38125 959.942385456 
0.381375 959.942453345 
0.3815 959.942521225 
0.381625 959.942589096 
0.38175 959.942656958 
0.381875 959.942724811 
0.382 959.942792655 
0.382125 959.942860489 
0.38225 959.942928314 
0.382375 959.942996129 
0.3825 959.943063936 
0.382625 959.943131733 
0.38275 959.943199521 
0.382875 959.943267299 
0.383 959.943335068 
0.383125 959.943402827 
0.38325 959.943470577 
0.383375 959.943538318 
0.3835 959.943606049 
0.383625 959.943673771 
0.38375 959.943741483 
0.383875 959.943809186 
0.384 959.943876879 
0.384125 959.943944562 
0.38425 959.944012236 
0.384375 959.9440799 
0.3845 959.944147555 
0.384625 959.9442152 
0.38475 959.944282835 
0.384875 959.944350461 
0.385 959.944418077 
0.385125 959.944485683 
0.38525 959.944553279 
0.385375 959.944620866 
0.3855 959.944688442 
0.385625 959.944756009 
0.38575 959.944823566 
0.385875 959.944891113 
0.386 959.944958651 
0.386125 959.945026178 
0.38625 959.945093695 
0.386375 959.945161203 
0.3865 959.9452287 
0.386625 959.945296188 
0.38675 959.945363665 
0.386875 959.945431132 
0.387 959.94549859 
0.387125 959.945566037 
0.38725 959.945633474 
0.387375 959.945700901 
0.3875 959.945768318 
0.387625 959.945835725 
0.38775 959.945903121 
0.387875 959.945970507 
0.388 959.946037884 
0.388125 959.946105249 
0.38825 959.946172605 
0.388375 959.94623995 
0.3885 959.946307285 
0.388625 959.94637461 
0.38875 959.946441924 
0.388875 959.946509228 
0.389 959.946576521 
0.389125 959.946643804 
0.38925 959.946711077 
0.389375 959.946778339 
0.3895 959.946845591 
0.389625 959.946912832 
0.38975 959.946980062 
0.389875 959.947047282 
0.39 959.947114492 
0.390125 959.947181691 
0.39025 959.947248879 
0.390375 959.947316057 
0.3905 959.947383224 
0.390625 959.94745038 
0.39075 959.947517526 
0.390875 959.947584661 
0.391 959.947651785 
0.391125 959.947718899 
0.39125 959.947786002 
0.391375 959.947853093 
0.3915 959.947920175 
0.391625 959.947987245 
0.39175 959.948054304 
0.391875 959.948121353 
0.392 959.94818839 
0.392125 959.948255417 
0.39225 959.948322433 
0.392375 959.948389438 
0.3925 959.948456432 
0.392625 959.948523415 
0.39275 959.948590386 
0.392875 959.948657347 
0.393 959.948724297 
0.393125 959.948791236 
0.39325 959.948858163 
0.393375 959.94892508 
0.3935 959.948991985 
0.393625 959.949058879 
0.39375 959.949125762 
0.393875 959.949192634 
0.394 959.949259494 
0.394125 959.949326343 
0.39425 959.949393181 
0.394375 959.949460008 
0.3945 959.949526823 
0.394625 959.949593628 
0.39475 959.94966042 
0.394875 959.949727202 
0.395 959.949793972 
0.395125 959.94986073 
0.39525 959.949927477 
0.395375 959.949994213 
0.3955 959.950060937 
0.395625 959.95012765 
0.39575 959.950194351 
0.395875 959.950261041 
0.396 959.950327719 
0.396125 959.950394385 
0.39625 959.95046104 
0.396375 959.950527683 
0.3965 959.950594315 
0.396625 959.950660935 
0.39675 959.950727543 
0.396875 959.95079414 
0.397 959.950860725 
0.397125 959.950927298 
0.39725 959.950993859 
0.397375 959.951060409 
0.3975 959.951126947 
0.397625 959.951193473 
0.39775 959.951259987 
0.397875 959.951326489 
0.398 959.95139298 
0.398125 959.951459458 
0.39825 959.951525925 
0.398375 959.95159238 
0.3985 959.951658822 
0.398625 959.951725253 
0.39875 959.951791672 
0.398875 959.951858078 
0.399 959.951924473 
0.399125 959.951990856 
0.39925 959.952057226 
0.399375 959.952123585 
0.3995 959.952189931 
0.399625 959.952256265 
0.39975 959.952322587 
0.399875 959.952388897 
0.4 959.952455194 
0.400125 959.95252148 
0.40025 959.952587753 
0.400375 959.952654014 
0.4005 959.952720262 
0.400625 959.952786499 
0.40075 959.952852722 
0.400875 959.952918934 
0.401 959.952985133 
0.401125 959.95305132 
0.40125 959.953117494 
0.401375 959.953183656 
0.4015 959.953249806 
0.401625 959.953315943 
0.40175 959.953382068 
0.401875 959.95344818 
0.402 959.953514279 
0.402125 959.953580366 
0.40225 959.953646441 
0.402375 959.953712503 
0.4025 959.953778552 
0.402625 959.953844588 
0.40275 959.953910612 
0.402875 959.953976624 
0.403 959.954042622 
0.403125 959.954108608 
0.40325 959.954174581 
0.403375 959.954240542 
0.4035 959.954306489 
0.403625 959.954372424 
0.40375 959.954438346 
0.403875 959.954504256 
0.404 959.954570152 
0.404125 959.954636035 
0.40425 959.954701906 
0.404375 959.954767764 
0.4045 959.954833609 
0.404625 959.95489944 
0.40475 959.954965259 
0.404875 959.955031065 
0.405 959.955096858 
0.405125 959.955162638 
0.40525 959.955228405 
0.405375 959.955294159 
0.4055 959.955359899 
0.405625 959.955425627 
0.40575 959.955491341 
0.405875 959.955557042 
0.406 959.95562273 
0.406125 959.955688405 
0.40625 959.955754067 
0.406375 959.955819716 
0.4065 959.955885351 
0.406625 959.955950973 
0.40675 959.956016581 
0.406875 959.956082177 
0.407 959.956147759 
0.407125 959.956213328 
0.40725 959.956278883 
0.407375 959.956344425 
0.4075 959.956409954 
0.407625 959.956475469 
0.40775 959.95654097 
0.407875 959.956606459 
0.408 959.956671933 
0.408125 959.956737395 
0.40825 959.956802842 
0.408375 959.956868276 
0.4085 959.956933697 
0.408625 959.956999104 
0.40875 959.957064498 
0.408875 959.957129877 
0.409 959.957195244 
0.409125 959.957260596 
0.40925 959.957325935 
0.409375 959.95739126 
0.4095 959.957456571 
0.409625 959.957521869 
0.40975 959.957587153 
0.409875 959.957652423 
0.41 959.957717679 
0.410125 959.957782922 
0.41025 959.957848151 
0.410375 959.957913366 
0.4105 959.957978566 
0.410625 959.958043754 
0.41075 959.958108927 
0.410875 959.958174086 
0.411 959.958239231 
0.411125 959.958304362 
0.41125 959.95836948 
0.411375 959.958434583 
0.4115 959.958499672 
0.411625 959.958564747 
0.41175 959.958629809 
0.411875 959.958694856 
0.412 959.958759889 
0.412125 959.958824907 
0.41225 959.958889912 
0.412375 959.958954902 
0.4125 959.959019879 
0.412625 959.959084841 
0.41275 959.959149789 
0.412875 959.959214722 
0.413 959.959279642 
0.413125 959.959344547 
0.41325 959.959409438 
0.413375 959.959474314 
0.4135 959.959539176 
0.413625 959.959604024 
0.41375 959.959668857 
0.413875 959.959733676 
0.414 959.959798481 
0.414125 959.959863271 
0.41425 959.959928046 
0.414375 959.959992807 
0.4145 959.960057554 
0.414625 959.960122286 
0.41475 959.960187004 
0.414875 959.960251707 
0.415 959.960316395 
0.415125 959.960381069 
0.41525 959.960445729 
0.415375 959.960510373 
0.4155 959.960575003 
0.415625 959.960639618 
0.41575 959.960704219 
0.415875 959.960768805 
0.416 959.960833376 
0.416125 959.960897933 
0.41625 959.960962474 
0.416375 959.961027001 
0.4165 959.961091513 
0.416625 959.961156011 
0.41675 959.961220493 
0.416875 959.961284961 
0.417 959.961349413 
0.417125 959.961413851 
0.41725 959.961478274 
0.417375 959.961542682 
0.4175 959.961607075 
0.417625 959.961671453 
0.41775 959.961735816 
0.417875 959.961800164 
0.418 959.961864497 
0.418125 959.961928814 
0.41825 959.961993117 
0.418375 959.962057405 
0.4185 959.962121678 
0.418625 959.962185935 
0.41875 959.962250177 
0.418875 959.962314405 
0.419 959.962378617 
0.419125 959.962442813 
0.41925 959.962506995 
0.419375 959.962571161 
0.4195 959.962635312 
0.419625 959.962699448 
0.41975 959.962763569 
0.419875 959.962827674 
0.42 959.962891764 
0.420125 959.962955838 
0.42025 959.963019897 
0.420375 959.963083941 
0.4205 959.963147969 
0.420625 959.963211982 
0.42075 959.963275979 
0.420875 959.963339961 
0.421 959.963403928 
0.421125 959.963467879 
0.42125 959.963531814 
0.421375 959.963595734 
0.4215 959.963659638 
0.421625 959.963723527 
0.42175 959.9637874 
0.421875 959.963851257 
0.422 959.963915099 
0.422125 959.963978925 
0.42225 959.964042736 
0.422375 959.964106531 
0.4225 959.96417031 
0.422625 959.964234073 
0.42275 959.964297821 
0.422875 959.964361553 
0.423 959.964425269 
0.423125 959.964488969 
0.42325 959.964552653 
0.423375 959.964616322 
0.4235 959.964679975 
0.423625 959.964743612 
0.42375 959.964807232 
0.423875 959.964870837 
0.424 959.964934427 
0.424125 959.964998 
0.42425 959.965061557 
0.424375 959.965125098 
0.4245 959.965188623 
0.424625 959.965252132 
0.42475 959.965315625 
0.424875 959.965379102 
0.425 959.965442563 
0.425125 959.965506008 
0.42525 959.965569437 
0.425375 959.965632849 
0.4255 959.965696246 
0.425625 959.965759626 
0.42575 959.96582299 
0.425875 959.965886337 
0.426 959.965949669 
0.426125 959.966012984 
0.42625 959.966076283 
0.426375 959.966139566 
0.4265 959.966202832 
0.426625 959.966266083 
0.42675 959.966329316 
0.426875 959.966392534 
0.427 959.966455735 
0.427125 959.966518919 
0.42725 959.966582087 
0.427375 959.966645239 
0.4275 959.966708374 
0.427625 959.966771493 
0.42775 959.966834596 
0.427875 959.966897681 
0.428 959.966960751 
0.428125 959.967023803 
0.42825 959.967086839 
0.428375 959.967149859 
0.4285 959.967212862 
0.428625 959.967275848 
0.42875 959.967338818 
0.428875 959.967401771 
0.429 959.967464707 
0.429125 959.967527627 
0.42925 959.96759053 
0.429375 959.967653416 
0.4295 959.967716286 
0.429625 959.967779139 
0.42975 959.967841974 
0.429875 959.967904794 
0.43 959.967967596 
0.430125 959.968030381 
0.43025 959.96809315 
0.430375 959.968155902 
0.4305 959.968218636 
0.430625 959.968281354 
0.43075 959.968344055 
0.430875 959.968406739 
0.431 959.968469407 
0.431125 959.968532057 
0.43125 959.96859469 
0.431375 959.968657306 
0.4315 959.968719905 
0.431625 959.968782487 
0.43175 959.968845052 
0.431875 959.968907599 
0.432 959.96897013 
0.432125 959.969032644 
0.43225 959.96909514 
0.432375 959.969157619 
0.4325 959.969220081 
0.432625 959.969282526 
0.43275 959.969344954 
0.432875 959.969407364 
0.433 959.969469757 
0.433125 959.969532133 
0.43325 959.969594492 
0.433375 959.969656833 
0.4335 959.969719157 
0.433625 959.969781464 
0.43375 959.969843753 
0.433875 959.969906025 
0.434 959.969968279 
0.434125 959.970030516 
0.43425 959.970092736 
0.434375 959.970154938 
0.4345 959.970217122 
0.434625 959.97027929 
0.43475 959.970341439 
0.434875 959.970403571 
0.435 959.970465686 
0.435125 959.970527783 
0.43525 959.970589863 
0.435375 959.970651924 
0.4355 959.970713969 
0.435625 959.970775995 
0.43575 959.970838004 
0.435875 959.970899996 
0.436 959.970961969 
0.436125 959.971023925 
0.43625 959.971085863 
0.436375 959.971147784 
0.4365 959.971209687 
0.436625 959.971271571 
0.43675 959.971333439 
0.436875 959.971395288 
0.437 959.971457119 
0.437125 959.971518933 
0.43725 959.971580729 
0.437375 959.971642507 
0.4375 959.971704267 
0.437625 959.971766009 
0.43775 959.971827733 
0.437875 959.971889439 
0.438 959.971951128 
0.438125 959.972012798 
0.43825 959.97207445 
0.438375 959.972136084 
0.4385 959.972197701 
0.438625 959.972259299 
0.43875 959.972320879 
0.438875 959.972382441 
0.439 959.972443985 
0.439125 959.972505511 
0.43925 959.972567018 
0.439375 959.972628508 
0.4395 959.972689979 
0.439625 959.972751432 
0.43975 959.972812867 
0.439875 959.972874283 
0.44 959.972935682 
0.440125 959.972997062 
0.44025 959.973058424 
0.440375 959.973119767 
0.4405 959.973181093 
0.440625 959.9732424 
0.44075 959.973303688 
0.440875 959.973364958 
0.441 959.97342621 
0.441125 959.973487443 
0.44125 959.973548658 
0.441375 959.973609855 
0.4415 959.973671033 
0.441625 959.973732193 
0.44175 959.973793334 
0.441875 959.973854456 
0.442 959.97391556 
0.442125 959.973976646 
0.44225 959.974037713 
0.442375 959.974098761 
0.4425 959.974159791 
0.442625 959.974220802 
0.44275 959.974281795 
0.442875 959.974342769 
0.443 959.974403724 
0.443125 959.97446466 
0.44325 959.974525578 
0.443375 959.974586478 
0.4435 959.974647358 
0.443625 959.97470822 
0.44375 959.974769063 
0.443875 959.974829887 
0.444 959.974890692 
0.444125 959.974951478 
0.44425 959.975012246 
0.444375 959.975072995 
0.4445 959.975133725 
0.444625 959.975194436 
0.44475 959.975255128 
0.444875 959.975315801 
0.445 959.975376456 
0.445125 959.975437091 
0.44525 959.975497707 
0.445375 959.975558305 
0.4455 959.975618883 
0.445625 959.975679443 
0.44575 959.975739983 
0.445875 959.975800504 
0.446 959.975861006 
0.446125 959.975921489 
0.44625 959.975981953 
0.446375 959.976042398 
0.4465 959.976102824 
0.446625 959.976163231 
0.44675 959.976223618 
0.446875 959.976283986 
0.447 959.976344335 
0.447125 959.976404665 
0.44725 959.976464975 
0.447375 959.976525267 
0.4475 959.976585539 
0.447625 959.976645791 
0.44775 959.976706025 
0.447875 959.976766239 
0.448 959.976826434 
0.448125 959.976886609 
0.44825 959.976946765 
0.448375 959.977006902 
0.4485 959.977067019 
0.448625 959.977127117 
0.44875 959.977187195 
0.448875 959.977247254 
0.449 959.977307293 
0.449125 959.977367313 
0.44925 959.977427313 
0.449375 959.977487294 
0.4495 959.977547255 
0.449625 959.977607197 
0.44975 959.977667119 
0.449875 959.977727022 
0.45 959.977786905 
0.450125 959.977846768 
0.45025 959.977906612 
0.450375 959.977966436 
0.4505 959.97802624 
0.450625 959.978086025 
0.45075 959.97814579 
0.450875 959.978205535 
0.451 959.97826526 
0.451125 959.978324966 
0.45125 959.978384652 
0.451375 959.978444318 
0.4515 959.978503965 
0.451625 959.978563591 
0.45175 959.978623198 
0.451875 959.978682785 
0.452 959.978742351 
0.452125 959.978801899 
0.45225 959.978861426 
0.452375 959.978920933 
0.4525 959.97898042 
0.452625 959.979039887 
0.45275 959.979099335 
0.452875 959.979158762 
0.453 959.979218169 
0.453125 959.979277557 
0.45325 959.979336924 
0.453375 959.979396271 
0.4535 959.979455598 
0.453625 959.979514905 
0.45375 959.979574192 
0.453875 959.979633459 
0.454 959.979692706 
0.454125 959.979751932 
0.45425 959.979811139 
0.454375 959.979870325 
0.4545 959.979929491 
0.454625 959.979988637 
0.45475 959.980047762 
0.454875 959.980106867 
0.455 959.980165952 
0.455125 959.980225017 
0.45525 959.980284061 
0.455375 959.980343086 
0.4555 959.980402089 
0.455625 959.980461073 
0.45575 959.980520036 
0.455875 959.980578978 
0.456 959.980637901 
0.456125 959.980696803 
0.45625 959.980755684 
0.456375 959.980814545 
0.4565 959.980873386 
0.456625 959.980932206 
0.45675 959.980991005 
0.456875 959.981049784 
0.457 959.981108543 
0.457125 959.981167281 
0.45725 959.981225998 
0.457375 959.981284695 
0.4575 959.981343371 
0.457625 959.981402027 
0.45775 959.981460662 
0.457875 959.981519276 
0.458 959.98157787 
0.458125 959.981636443 
0.45825 959.981694995 
0.458375 959.981753527 
0.4585 959.981812038 
0.458625 959.981870528 
0.45875 959.981928998 
0.458875 959.981987446 
0.459 959.982045874 
0.459125 959.982104281 
0.45925 959.982162668 
0.459375 959.982221033 
0.4595 959.982279378 
0.459625 959.982337702 
0.45975 959.982396004 
0.459875 959.982454286 
0.46 959.982512548 
0.460125 959.982570788 
0.46025 959.982629007 
0.460375 959.982687205 
0.4605 959.982745383 
0.460625 959.982803539 
0.46075 959.982861674 
0.460875 959.982919788 
0.461 959.982977882 
0.461125 959.983035954 
0.46125 959.983094005 
0.461375 959.983152035 
0.4615 959.983210044 
0.461625 959.983268032 
0.46175 959.983325999 
0.461875 959.983383944 
0.462 959.983441869 
0.462125 959.983499772 
0.46225 959.983557654 
0.462375 959.983615515 
0.4625 959.983673354 
0.462625 959.983731173 
0.46275 959.98378897 
0.462875 959.983846746 
0.463 959.9839045 
0.463125 959.983962234 
0.46325 959.984019946 
0.463375 959.984077636 
0.4635 959.984135305 
0.463625 959.984192953 
0.46375 959.98425058 
0.463875 959.984308185 
0.464 959.984365769 
0.464125 959.984423331 
0.46425 959.984480872 
0.464375 959.984538391 
0.4645 959.984595889 
0.464625 959.984653366 
0.46475 959.984710821 
0.464875 959.984768254 
0.465 959.984825666 
0.465125 959.984883057 
0.46525 959.984940425 
0.465375 959.984997773 
0.4655 959.985055098 
0.465625 959.985112402 
0.46575 959.985169685 
0.465875 959.985226945 
0.466 959.985284185 
0.466125 959.985341402 
0.46625 959.985398598 
0.466375 959.985455772 
0.4665 959.985512924 
0.466625 959.985570055 
0.46675 959.985627164 
0.466875 959.985684251 
0.467 959.985741316 
0.467125 959.98579836 
0.46725 959.985855381 
0.467375 959.985912381 
0.4675 959.985969359 
0.467625 959.986026315 
0.46775 959.98608325 
0.467875 959.986140162 
0.468 959.986197053 
0.468125 959.986253922 
0.46825 959.986310768 
0.468375 959.986367593 
0.4685 959.986424396 
0.468625 959.986481177 
0.46875 959.986537936 
0.468875 959.986594672 
0.469 959.986651387 
0.469125 959.98670808 
0.46925 959.986764751 
0.469375 959.9868214 
0.4695 959.986878026 
0.469625 959.986934631 
0.46975 959.986991213 
0.469875 959.987047773 
0.47 959.987104312 
0.470125 959.987160828 
0.47025 959.987217321 
0.470375 959.987273793 
0.4705 959.987330243 
0.470625 959.98738667 
0.47075 959.987443075 
0.470875 959.987499458 
0.471 959.987555818 
0.471125 959.987612156 
0.47125 959.987668472 
0.471375 959.987724766 
0.4715 959.987781037 
0.471625 959.987837286 
0.47175 959.987893513 
0.471875 959.987949717 
0.472 959.988005899 
0.472125 959.988062059 
0.47225 959.988118196 
0.472375 959.988174311 
0.4725 959.988230403 
0.472625 959.988286473 
0.47275 959.98834252 
0.472875 959.988398545 
0.473 959.988454547 
0.473125 959.988510527 
0.47325 959.988566485 
0.473375 959.988622419 
0.4735 959.988678332 
0.473625 959.988734221 
0.47375 959.988790089 
0.473875 959.988845933 
0.474 959.988901755 
0.474125 959.988957554 
0.47425 959.989013331 
0.474375 959.989069085 
0.4745 959.989124816 
0.474625 959.989180525 
0.47475 959.989236211 
0.474875 959.989291874 
0.475 959.989347515 
0.475125 959.989403133 
0.47525 959.989458728 
0.475375 959.9895143 
0.4755 959.989569849 
0.475625 959.989625376 
0.47575 959.98968088 
0.475875 959.989736361 
0.476 959.989791819 
0.476125 959.989847254 
0.47625 959.989902667 
0.476375 959.989958057 
0.4765 959.990013423 
0.476625 959.990068767 
0.47675 959.990124088 
0.476875 959.990179386 
0.477 959.990234661 
0.477125 959.990289913 
0.47725 959.990345142 
0.477375 959.990400348 
0.4775 959.990455531 
0.477625 959.99051069 
0.47775 959.990565827 
0.477875 959.990620941 
0.478 959.990676032 
0.478125 959.9907311 
0.47825 959.990786144 
0.478375 959.990841166 
0.4785 959.990896164 
0.478625 959.990951139 
0.47875 959.991006091 
0.478875 959.99106102 
0.479 959.991115926 
0.479125 959.991170809 
0.47925 959.991225668 
0.479375 959.991280504 
0.4795 959.991335317 
0.479625 959.991390106 
0.47975 959.991444873 
0.479875 959.991499616 
0.48 959.991554335 
0.480125 959.991609032 
0.48025 959.991663705 
0.480375 959.991718355 
0.4805 959.991772981 
0.480625 959.991827584 
0.48075 959.991882164 
0.480875 959.99193672 
0.481 959.991991253 
0.481125 959.992045762 
0.48125 959.992100248 
0.481375 959.992154711 
0.4815 959.99220915 
0.481625 959.992263565 
0.48175 959.992317957 
0.481875 959.992372326 
0.482 959.992426671 
0.482125 959.992480993 
0.48225 959.992535291 
0.482375 959.992589565 
0.4825 959.992643816 
0.482625 959.992698043 
0.48275 959.992752247 
0.482875 959.992806427 
0.483 959.992860583 
0.483125 959.992914716 
0.48325 959.992968825 
0.483375 959.993022911 
0.4835 959.993076973 
0.483625 959.993131011 
0.48375 959.993185025 
0.483875 959.993239016 
0.484 959.993292982 
0.484125 959.993346926 
0.48425 959.993400845 
0.484375 959.993454741 
0.4845 959.993508612 
0.484625 959.99356246 
0.48475 959.993616285 
0.484875 959.993670085 
0.485 959.993723861 
0.485125 959.993777614 
0.48525 959.993831343 
0.485375 959.993885048 
0.4855 959.993938729 
0.485625 959.993992386 
0.48575 959.994046019 
0.485875 959.994099628 
0.486 959.994153213 
0.486125 959.994206774 
0.48625 959.994260312 
0.486375 959.994313825 
0.4865 959.994367314 
0.486625 959.994420779 
0.48675 959.994474221 
0.486875 959.994527638 
0.487 959.994581031 
0.487125 959.9946344 
0.48725 959.994687745 
0.487375 959.994741065 
0.4875 959.994794362 
0.487625 959.994847635 
0.48775 959.994900883 
0.487875 959.994954107 
0.488 959.995007307 
0.488125 959.995060483 
0.48825 959.995113635 
0.488375 959.995166762 
0.4885 959.995219866 
0.488625 959.995272945 
0.48875 959.995326 
0.488875 959.99537903 
0.489 959.995432036 
0.489125 959.995485018 
0.48925 959.995537976 
0.489375 959.995590909 
0.4895 959.995643818 
0.489625 959.995696703 
0.48975 959.995749563 
0.489875 959.995802399 
0.49 959.995855211 
0.490125 959.995907998 
0.49025 959.995960761 
0.490375 959.996013499 
0.4905 959.996066213 
0.490625 959.996118902 
0.49075 959.996171567 
0.490875 959.996224208 
0.491 959.996276824 
0.491125 959.996329415 
0.49125 959.996381982 
0.491375 959.996434525 
0.4915 959.996487043 
0.491625 959.996539536 
0.49175 959.996592005 
0.491875 959.996644449 
0.492 959.996696869 
0.492125 959.996749264 
0.49225 959.996801635 
0.492375 959.99685398 
0.4925 959.996906302 
0.492625 959.996958598 
0.49275 959.99701087 
0.492875 959.997063117 
0.493 959.99711534 
0.493125 959.997167537 
0.49325 959.997219711 
0.493375 959.997271859 
0.4935 959.997323982 
0.493625 959.997376081 
0.49375 959.997428155 
0.493875 959.997480205 
0.494 959.997532229 
0.494125 959.997584229 
0.49425 959.997636204 
0.494375 959.997688154 
0.4945 959.997740079 
0.494625 959.997791979 
0.49475 959.997843855 
0.494875 959.997895705 
0.495 959.997947531 
0.495125 959.997999332 
0.49525 959.998051108 
0.495375 959.998102859 
0.4955 959.998154585 
0.495625 959.998206286 
0.49575 959.998257962 
0.495875 959.998309613 
0.496 959.998361239 
0.496125 959.99841284 
0.49625 959.998464416 
0.496375 959.998515967 
0.4965 959.998567493 
0.496625 959.998618994 
0.49675 959.998670469 
0.496875 959.99872192 
0.497 959.998773346 
0.497125 959.998824746 
0.49725 959.998876122 
0.497375 959.998927472 
0.4975 959.998978797 
0.497625 959.999030097 
0.49775 959.999081372 
0.497875 959.999132621 
0.498 959.999183846 
0.498125 959.999235045 
0.49825 959.999286219 
0.498375 959.999337368 
0.4985 959.999388491 
0.498625 959.99943959 
0.49875 959.999490663 
0.498875 959.99954171 
0.499 959.999592733 
0.499125 959.99964373 
0.49925 959.999694702 
0.499375 959.999745648 
0.4995 959.999796569 
0.499625 959.999847465 
0.49975 959.999898335 
0.499875 959.99994918 
0.5 960 
