0 0.09175
1.625e-05 0.0953125
3.25e-05 0.098
4.875e-05 0.100312
6.5e-05 0.102313
8.125e-05 0.104125
9.75e-05 0.105813
0.00011375 0.107375
0.00013 0.108813
0.00014625 0.110188
0.0001625 0.1115
0.00017875 0.11275
0.000195 0.113937
0.00021125 0.115062
0.0002275 0.116187
0.00024375 0.11725
0.00026 0.118313
0.00027625 0.119313
0.0002925 0.12025
0.00030875 0.121188
0.000325 0.122125
0.00034125 0.123
0.0003575 0.123875
0.00037375 0.124688
0.00039 0.125562
0.00040625 0.126375
0.0004225 0.127188
0.00043875 0.128
0.000455 0.12875
0.00047125 0.129562
0.0004875 0.130312
0.00050375 0.131
0.00052 0.13175
0.00053625 0.132438
0.0005525 0.133125
0.00056875 0.133813
0.000585 0.1345
0.00060125 0.135188
0.0006175 0.135813
0.00063375 0.1365
0.00065 0.137125
0.00066625 0.13775
0.0006825 0.138375
0.00069875 0.138937
0.000715 0.139563
0.00073125 0.140125
0.0007475 0.14075
0.00076375 0.141313
0.00078 0.141875
0.00079625 0.142437
0.0008125 0.143
0.00082875 0.143563
0.000845 0.144125
0.00086125 0.144625
0.0008775 0.145187
0.00089375 0.145687
0.00091 0.14625
0.00092625 0.14675
0.0009425 0.14725
0.00095875 0.14775
0.000975 0.14825
0.00099125 0.14875
0.0010075 0.14925
0.00102375 0.14975
0.00104 0.15025
0.00105625 0.150688
0.0010725 0.151188
0.00108875 0.151625
0.001105 0.152125
0.00112125 0.152562
0.0011375 0.153062
0.00115375 0.1535
0.00117 0.153938
0.00118625 0.154438
0.0012025 0.154875
0.00121875 0.155312
0.001235 0.15575
0.00125125 0.156188
0.0012675 0.156625
0.00128375 0.157
0.0013 0.157438
0.00131625 0.157875
0.0013325 0.158312
0.00134875 0.158688
0.001365 0.159125
0.00138125 0.1595
0.0013975 0.159938
0.00141375 0.160312
0.00143 0.16075
0.00144625 0.161125
0.0014625 0.161562
0.00147875 0.161938
0.001495 0.162312
0.00151125 0.162688
0.0015275 0.163062
0.00154375 0.163438
0.00156 0.163875
0.00157625 0.16425
0.0015925 0.164625
0.00160875 0.165
0.001625 0.165313
0.00164125 0.165688
0.0016575 0.166063
0.00167375 0.166438
0.00169 0.166813
0.00170625 0.167125
0.0017225 0.1675
0.00173875 0.167875
0.001755 0.168187
0.00177125 0.168563
0.0017875 0.168937
0.00180375 0.16925
0.00182 0.169625
0.00183625 0.169937
0.0018525 0.170313
0.00186875 0.170625
0.001885 0.170937
0.00190125 0.171313
0.0019175 0.171625
0.00193375 0.171937
0.00195 0.172313
0.00196625 0.172625
0.0019825 0.172937
0.00199875 0.17325
0.002015 0.173563
0.00203125 0.173937
0.0020475 0.17425
0.00206375 0.174563
0.00208 0.174875
0.00209625 0.175187
0.0021125 0.1755
0.00212875 0.175813
0.002145 0.176125
0.00216125 0.176437
0.0021775 0.17675
0.00219375 0.177063
0.00221 0.177313
0.00222625 0.177625
0.0022425 0.177937
0.00225875 0.17825
0.002275 0.178563
0.00229125 0.178875
0.0023075 0.179125
0.00232375 0.179437
0.00234 0.17975
0.00235625 0.18
0.0023725 0.180313
0.00238875 0.180625
0.002405 0.180875
0.00242125 0.181188
0.0024375 0.181438
0.00245375 0.18175
0.00247 0.182
0.00248625 0.182313
0.0025025 0.182563
0.00251875 0.182875
0.002535 0.183125
0.00255125 0.183438
0.0025675 0.183688
0.00258375 0.184
0.0026 0.18425
0.00261625 0.1845
0.0026325 0.184812
0.00264875 0.185062
0.002665 0.185312
0.00268125 0.185562
0.0026975 0.185875
0.00271375 0.186125
0.00273 0.186375
0.00274625 0.186625
0.0027625 0.186938
0.00277875 0.187188
0.002795 0.187438
0.00281125 0.187688
0.0028275 0.187938
0.00284375 0.188188
0.00286 0.188438
0.00287625 0.188688
0.0028925 0.188938
0.00290875 0.18925
0.002925 0.1895
0.00294125 0.18975
0.0029575 0.19
0.00297375 0.19025
0.00299 0.190438
0.00300625 0.190688
0.0030225 0.190938
0.00303875 0.191188
0.003055 0.191438
0.00307125 0.191688
0.0030875 0.191938
0.00310375 0.192188
0.00312 0.192438
0.00313625 0.192688
0.0031525 0.192875
0.00316875 0.193125
0.003185 0.193375
0.00320125 0.193625
0.0032175 0.193875
0.00323375 0.194062
0.00325 0.194312
0.00326625 0.194562
0.0032825 0.194812
0.00329875 0.195
0.003315 0.19525
0.00333125 0.1955
0.0033475 0.195688
0.00336375 0.195938
0.00338 0.196188
0.00339625 0.196375
0.0034125 0.196625
0.00342875 0.196875
0.003445 0.197063
0.00346125 0.197313
0.0034775 0.1975
0.00349375 0.19775
0.00351 0.197938
0.00352625 0.198188
0.0035425 0.198375
0.00355875 0.198625
0.003575 0.198813
0.00359125 0.199063
0.0036075 0.19925
0.00362375 0.1995
0.00364 0.199688
0.00365625 0.199938
0.0036725 0.200125
0.00368875 0.200375
0.003705 0.200563
0.00372125 0.20075
0.0037375 0.201
0.00375375 0.201187
0.00377 0.201437
0.00378625 0.201625
0.0038025 0.201813
0.00381875 0.202063
0.003835 0.20225
0.00385125 0.202437
0.0038675 0.202687
0.00388375 0.202875
0.0039 0.203063
0.00391625 0.20325
0.0039325 0.2035
0.00394875 0.203687
0.003965 0.203875
0.00398125 0.204063
0.0039975 0.204313
0.00401375 0.2045
0.00403 0.204687
0.00404625 0.204875
0.0040625 0.205063
0.00407875 0.205313
0.004095 0.2055
0.00411125 0.205687
0.0041275 0.205875
0.00414375 0.206063
0.00416 0.20625
0.00417625 0.206437
0.0041925 0.206687
0.00420875 0.206875
0.004225 0.207063
0.00424125 0.20725
0.0042575 0.207437
0.00427375 0.207625
0.00429 0.207813
0.00430625 0.208
0.0043225 0.208187
0.00433875 0.208375
0.004355 0.208563
0.00437125 0.20875
0.0043875 0.208937
0.00440375 0.209125
0.00442 0.209313
0.00443625 0.2095
0.0044525 0.209687
0.00446875 0.209875
0.004485 0.210063
0.00450125 0.21025
0.0045175 0.210437
0.00453375 0.210625
0.00455 0.210813
0.00456625 0.211
0.0045825 0.211188
0.00459875 0.211313
0.004615 0.2115
0.00463125 0.211688
0.0046475 0.211875
0.00466375 0.212063
0.00468 0.21225
0.00469625 0.212438
0.0047125 0.212625
0.00472875 0.21275
0.004745 0.212938
0.00476125 0.213125
0.0047775 0.213313
0.00479375 0.2135
0.00481 0.213625
0.00482625 0.213813
0.0048425 0.214
0.00485875 0.214188
0.004875 0.214375
0.00489125 0.2145
0.0049075 0.214688
0.00492375 0.214875
0.00494 0.215063
0.00495625 0.215188
0.0049725 0.215375
0.00498875 0.215563
0.005005 0.215688
0.00502125 0.215875
0.0050375 0.216062
0.00505375 0.216188
0.00507 0.216375
0.00508625 0.216562
0.0051025 0.216688
0.00511875 0.216875
0.005135 0.217062
0.00515125 0.217188
0.0051675 0.217375
0.00518375 0.217562
0.0052 0.217688
0.00521625 0.217875
0.0052325 0.218062
0.00524875 0.218188
0.005265 0.218375
0.00528125 0.2185
0.0052975 0.218688
0.00531375 0.218812
0.00533 0.219
0.00534625 0.219188
0.0053625 0.219312
0.00537875 0.2195
0.005395 0.219625
0.00541125 0.219812
0.0054275 0.219938
0.00544375 0.220125
0.00546 0.22025
0.00547625 0.220438
0.0054925 0.220562
0.00550875 0.22075
0.005525 0.220875
0.00554125 0.221062
0.0055575 0.221188
0.00557375 0.221375
0.00559 0.2215
0.00560625 0.221688
0.0056225 0.221812
0.00563875 0.222
0.005655 0.222125
0.00567125 0.222312
0.0056875 0.222438
0.00570375 0.222625
0.00572 0.22275
0.00573625 0.222875
0.0057525 0.223062
0.00576875 0.223188
0.005785 0.223375
0.00580125 0.2235
0.0058175 0.223625
0.00583375 0.223812
0.00585 0.223938
0.00586625 0.224062
0.0058825 0.22425
0.00589875 0.224375
0.005915 0.224562
0.00593125 0.224688
0.0059475 0.224812
0.00596375 0.225
0.00598 0.225125
0.00599625 0.22525
0.0060125 0.225438
0.00602875 0.225562
0.006045 0.225688
0.00606125 0.225875
0.0060775 0.226
0.00609375 0.226125
0.00611 0.22625
0.00612625 0.226438
0.0061425 0.226562
0.00615875 0.226688
0.006175 0.226813
0.00619125 0.227
0.0062075 0.227125
0.00622375 0.22725
0.00624 0.227375
0.00625625 0.227563
0.0062725 0.227688
0.00628875 0.227813
0.006305 0.227938
0.00632125 0.228125
0.0063375 0.22825
0.00635375 0.228375
0.00637 0.2285
0.00638625 0.228625
0.0064025 0.228813
0.00641875 0.228938
0.006435 0.229063
0.00645125 0.229188
0.0064675 0.229313
0.00648375 0.2295
0.0065 0.229625
0.00651625 0.22975
0.0065325 0.229875
0.00654875 0.23
0.006565 0.230125
0.00658125 0.230313
0.0065975 0.230438
0.00661375 0.230563
0.00663 0.230688
0.00664625 0.230813
0.0066625 0.230938
0.00667875 0.231063
0.006695 0.231188
0.00671125 0.231313
0.0067275 0.2315
0.00674375 0.231625
0.00676 0.23175
0.00677625 0.231875
0.0067925 0.232
0.00680875 0.232125
0.006825 0.23225
0.00684125 0.232375
0.0068575 0.2325
0.00687375 0.232625
0.00689 0.23275
0.00690625 0.232875
0.0069225 0.233
0.00693875 0.233125
0.006955 0.233313
0.00697125 0.233437
0.0069875 0.233563
0.00700375 0.233687
0.00702 0.233813
0.00703625 0.233937
0.0070525 0.234063
0.00706875 0.234187
0.007085 0.234313
0.00710125 0.234437
0.0071175 0.234563
0.00713375 0.234687
0.00715 0.234813
0.00716625 0.234937
0.0071825 0.235063
0.00719875 0.235187
0.007215 0.23525
0.00723125 0.235375
0.0072475 0.2355
0.00726375 0.235625
0.00728 0.23575
0.00729625 0.235875
0.0073125 0.236
0.00732875 0.236125
0.007345 0.23625
0.00736125 0.236375
0.0073775 0.2365
0.00739375 0.236625
0.00741 0.23675
0.00742625 0.236875
0.0074425 0.237
0.00745875 0.237063
0.007475 0.237187
0.00749125 0.237313
0.0075075 0.237437
0.00752375 0.237563
0.00754 0.237687
0.00755625 0.237813
0.0075725 0.237937
0.00758875 0.238063
0.007605 0.238125
0.00762125 0.23825
0.0076375 0.238375
0.00765375 0.2385
0.00767 0.238625
0.00768625 0.23875
0.0077025 0.238875
0.00771875 0.238937
0.007735 0.239063
0.00775125 0.239187
0.0077675 0.239313
0.00778375 0.239437
0.0078 0.239563
0.00781625 0.239625
0.0078325 0.23975
0.00784875 0.239875
0.007865 0.24
0.00788125 0.240125
0.0078975 0.240187
0.00791375 0.240313
0.00793 0.240437
0.00794625 0.240563
0.0079625 0.240687
0.00797875 0.24075
0.007995 0.240875
0.00801125 0.241
0.0080275 0.241125
0.00804375 0.241187
0.00806 0.241313
0.00807625 0.241437
0.0080925 0.241563
0.00810875 0.241625
0.008125 0.24175
0.00814125 0.241875
0.0081575 0.242
0.00817375 0.242063
0.00819 0.242188
0.00820625 0.242313
0.0082225 0.242438
0.00823875 0.2425
0.008255 0.242625
0.00827125 0.24275
0.0082875 0.242875
0.00830375 0.242938
0.00832 0.243063
0.00833625 0.243188
0.0083525 0.24325
0.00836875 0.243375
0.008385 0.2435
0.00840125 0.243563
0.0084175 0.243688
0.00843375 0.243813
0.00845 0.243875
0.00846625 0.244
0.0084825 0.244125
0.00849875 0.244188
0.008515 0.244313
0.00853125 0.244438
0.0085475 0.2445
0.00856375 0.244625
0.00858 0.24475
0.00859625 0.244813
0.0086125 0.244938
0.00862875 0.245063
0.008645 0.245125
0.00866125 0.24525
0.0086775 0.245375
0.00869375 0.245438
0.00871 0.245563
0.00872625 0.245688
0.0087425 0.24575
0.00875875 0.245875
0.008775 0.245938
0.00879125 0.246063
0.0088075 0.246188
0.00882375 0.24625
0.00884 0.246375
0.00885625 0.246438
0.0088725 0.246563
0.00888875 0.246688
0.008905 0.24675
0.00892125 0.246875
0.0089375 0.246938
0.00895375 0.247063
0.00897 0.247125
0.00898625 0.24725
0.0090025 0.247375
0.00901875 0.247438
0.009035 0.247563
0.00905125 0.247625
0.0090675 0.24775
0.00908375 0.247813
0.0091 0.247938
0.00911625 0.248062
0.0091325 0.248125
0.00914875 0.24825
0.009165 0.248312
0.00918125 0.248438
0.0091975 0.2485
0.00921375 0.248625
0.00923 0.248688
0.00924625 0.248812
0.0092625 0.248875
0.00927875 0.249
0.009295 0.249062
0.00931125 0.249188
0.0093275 0.24925
0.00934375 0.249375
0.00936 0.249438
0.00937625 0.249562
0.0093925 0.249625
0.00940875 0.24975
0.009425 0.249812
0.00944125 0.249938
0.0094575 0.25
0.00947375 0.250125
0.00949 0.250188
0.00950625 0.250312
0.0095225 0.250375
0.00953875 0.2505
0.009555 0.250563
0.00957125 0.250688
0.0095875 0.25075
0.00960375 0.250875
0.00962 0.250937
0.00963625 0.251
0.0096525 0.251125
0.00966875 0.251188
0.009685 0.251312
0.00970125 0.251375
0.0097175 0.2515
0.00973375 0.251563
0.00975 0.251688
0.00976625 0.25175
0.0097825 0.251812
0.00979875 0.251937
0.009815 0.252
0.00983125 0.252125
0.0098475 0.252188
0.00986375 0.252312
0.00988 0.252375
0.00989625 0.252437
0.0099125 0.252563
0.00992875 0.252625
0.009945 0.25275
0.00996125 0.252812
0.0099775 0.252875
0.00999375 0.253
0.01001 0.253063
0.0100263 0.253188
0.0100425 0.25325
0.0100588 0.253312
0.010075 0.253437
0.0100913 0.2535
0.0101075 0.253563
0.0101238 0.253688
0.01014 0.25375
0.0101563 0.253875
0.0101725 0.253937
0.0101888 0.254
0.010205 0.254125
0.0102213 0.254188
0.0102375 0.25425
0.0102538 0.254375
0.01027 0.254437
0.0102863 0.2545
0.0103025 0.254625
0.0103188 0.254688
0.010335 0.25475
0.0103513 0.254875
0.0103675 0.254937
0.0103838 0.255
0.0104 0.255125
0.0104163 0.255188
0.0104325 0.25525
0.0104488 0.255375
0.010465 0.255437
0.0104813 0.2555
0.0104975 0.255625
0.0105138 0.255688
0.01053 0.25575
0.0105463 0.255875
0.0105625 0.255937
0.0105788 0.256
0.010595 0.256125
0.0106113 0.256188
0.0106275 0.25625
0.0106438 0.256312
0.01066 0.256437
0.0106763 0.2565
0.0106925 0.256563
0.0107088 0.256688
0.010725 0.25675
0.0107413 0.256812
0.0107575 0.256875
0.0107738 0.257
0.01079 0.257063
0.0108063 0.257125
0.0108225 0.25725
0.0108388 0.257312
0.010855 0.257375
0.0108713 0.257437
0.0108875 0.257563
0.0109038 0.257625
0.01092 0.257688
0.0109363 0.25775
0.0109525 0.257875
0.0109688 0.257937
0.010985 0.258
0.0110013 0.258063
0.0110175 0.258188
0.0110338 0.25825
0.01105 0.258313
0.0110663 0.258375
0.0110825 0.258437
0.0110988 0.258563
0.011115 0.258625
0.0111313 0.258688
0.0111475 0.25875
0.0111638 0.258875
0.01118 0.258937
0.0111963 0.259
0.0112125 0.259063
0.0112288 0.259125
0.011245 0.25925
0.0112613 0.259313
0.0112775 0.259375
0.0112938 0.259437
0.01131 0.2595
0.0113263 0.259625
0.0113425 0.259688
0.0113588 0.25975
0.011375 0.259813
0.0113913 0.259875
0.0114075 0.26
0.0114238 0.260063
0.01144 0.260125
0.0114563 0.260188
0.0114725 0.26025
0.0114888 0.260313
0.011505 0.260437
0.0115213 0.2605
0.0115375 0.260563
0.0115538 0.260625
0.01157 0.260688
0.0115863 0.26075
0.0116025 0.260875
0.0116188 0.260937
0.011635 0.261
0.0116513 0.261063
0.0116675 0.261125
0.0116838 0.261188
0.0117 0.26125
0.0117163 0.261375
0.0117325 0.261437
0.0117488 0.2615
0.011765 0.261563
0.0117813 0.261625
0.0117975 0.261688
0.0118138 0.26175
0.01183 0.261875
0.0118463 0.261937
0.0118625 0.262
0.0118788 0.262063
0.011895 0.262125
0.0119113 0.262188
0.0119275 0.26225
0.0119438 0.262313
0.01196 0.262375
0.0119763 0.2625
0.0119925 0.262563
0.0120088 0.262625
0.012025 0.262688
0.0120413 0.26275
0.0120575 0.262813
0.0120738 0.262875
0.01209 0.262937
0.0121063 0.263
0.0121225 0.263063
0.0121388 0.263188
0.012155 0.26325
0.0121713 0.263313
0.0121875 0.263375
0.0122038 0.263437
0.01222 0.2635
0.0122363 0.263563
0.0122525 0.263625
0.0122688 0.263688
0.012285 0.26375
0.0123013 0.263813
0.0123175 0.263875
0.0123338 0.263937
0.01235 0.264062
0.0123663 0.264125
0.0123825 0.264188
0.0123988 0.26425
0.012415 0.264313
0.0124313 0.264375
0.0124475 0.264437
0.0124638 0.2645
0.01248 0.264562
0.0124963 0.264625
0.0125125 0.264688
0.0125288 0.26475
0.012545 0.264813
0.0125613 0.264875
0.0125775 0.264937
0.0125938 0.265
0.01261 0.265062
0.0126263 0.265125
0.0126425 0.265188
0.0126588 0.26525
0.012675 0.265313
0.0126913 0.265375
0.0127075 0.265437
0.0127238 0.2655
0.01274 0.265562
0.0127563 0.265625
0.0127725 0.265688
0.0127888 0.26575
0.012805 0.265813
0.0128213 0.265875
0.0128375 0.265937
0.0128538 0.266
0.01287 0.266062
0.0128863 0.266125
0.0129025 0.266188
0.0129188 0.26625
0.012935 0.266313
0.0129513 0.266375
0.0129675 0.266437
0.0129838 0.2665
0.013 0.266562
0.0130163 0.266625
0.0130325 0.266688
0.0130488 0.26675
0.013065 0.266813
0.0130813 0.266875
0.0130975 0.266937
0.0131138 0.267
0.01313 0.267062
0.0131463 0.267125
0.0131625 0.267188
0.0131788 0.26725
0.013195 0.267313
0.0132113 0.267375
0.0132275 0.267437
0.0132438 0.2675
0.01326 0.267562
0.0132763 0.267625
0.0132925 0.267688
0.0133088 0.26775
0.013325 0.267813
0.0133413 0.267875
0.0133575 0.267937
0.0133738 0.268
0.01339 0.268
0.0134063 0.268062
0.0134225 0.268125
0.0134388 0.268188
0.013455 0.26825
0.0134713 0.268313
0.0134875 0.268375
0.0135038 0.268437
0.01352 0.2685
0.0135363 0.268562
0.0135525 0.268625
0.0135688 0.268688
0.013585 0.26875
0.0136013 0.268813
0.0136175 0.268813
0.0136338 0.268875
0.01365 0.268937
0.0136663 0.269
0.0136825 0.269062
0.0136988 0.269125
0.013715 0.269188
0.0137313 0.26925
0.0137475 0.269313
0.0137638 0.269375
0.01378 0.269437
0.0137963 0.269437
0.0138125 0.2695
0.0138288 0.269562
0.013845 0.269625
0.0138613 0.269688
0.0138775 0.26975
0.0138938 0.269813
0.01391 0.269875
0.0139263 0.269937
0.0139425 0.269937
0.0139588 0.27
0.013975 0.270062
0.0139913 0.270125
0.0140075 0.270188
0.0140238 0.27025
0.01404 0.270313
0.0140563 0.270375
0.0140725 0.270375
0.0140888 0.270437
0.014105 0.2705
0.0141213 0.270562
0.0141375 0.270625
0.0141538 0.270688
0.01417 0.27075
0.0141863 0.27075
0.0142025 0.270813
0.0142188 0.270875
0.014235 0.270937
0.0142513 0.271
0.0142675 0.271062
0.0142838 0.271125
0.0143 0.271125
0.0143163 0.271188
0.0143325 0.27125
0.0143488 0.271313
0.014365 0.271375
0.0143813 0.271437
0.0143975 0.271437
0.0144138 0.2715
0.01443 0.271562
0.0144463 0.271625
0.0144625 0.271688
0.0144788 0.27175
0.014495 0.27175
0.0145113 0.271813
0.0145275 0.271875
0.0145438 0.271937
0.01456 0.272
0.0145763 0.272062
0.0145925 0.272062
0.0146088 0.272125
0.014625 0.272188
0.0146413 0.27225
0.0146575 0.272313
0.0146738 0.272313
0.01469 0.272375
0.0147063 0.272437
0.0147225 0.2725
0.0147388 0.272562
0.014755 0.272562
0.0147713 0.272625
0.0147875 0.272688
0.0148038 0.27275
0.01482 0.272813
0.0148363 0.272813
0.0148525 0.272875
0.0148688 0.272937
0.014885 0.273
0.0149013 0.273062
0.0149175 0.273062
0.0149338 0.273125
0.01495 0.273188
0.0149663 0.27325
0.0149825 0.273313
0.0149988 0.273313
0.015015 0.273375
0.0150313 0.273438
0.0150475 0.2735
0.0150638 0.2735
0.01508 0.273562
0.0150963 0.273625
0.0151125 0.273688
0.0151288 0.27375
0.015145 0.27375
0.0151613 0.273813
0.0151775 0.273875
0.0151938 0.273938
0.01521 0.273938
0.0152263 0.274
0.0152425 0.274062
0.0152588 0.274125
0.015275 0.274125
0.0152913 0.274188
0.0153075 0.27425
0.0153238 0.274313
0.01534 0.274313
0.0153563 0.274375
0.0153725 0.274438
0.0153888 0.2745
0.015405 0.2745
0.0154213 0.274562
0.0154375 0.274625
0.0154538 0.274688
0.01547 0.274688
0.0154863 0.27475
0.0155025 0.274813
0.0155188 0.274813
0.015535 0.274875
0.0155513 0.274938
0.0155675 0.275
0.0155838 0.275
0.0156 0.275062
0.0156163 0.275125
0.0156325 0.275188
0.0156488 0.275188
0.015665 0.27525
0.0156813 0.275313
0.0156975 0.275313
0.0157138 0.275375
0.01573 0.275438
0.0157463 0.2755
0.0157625 0.2755
0.0157788 0.275562
0.015795 0.275625
0.0158113 0.275625
0.0158275 0.275688
0.0158438 0.27575
0.01586 0.275813
0.0158763 0.275813
0.0158925 0.275875
0.0159088 0.275938
0.015925 0.275938
0.0159413 0.276
0.0159575 0.276062
0.0159738 0.276062
0.01599 0.276125
0.0160063 0.276188
0.0160225 0.276188
0.0160388 0.27625
0.016055 0.276313
0.0160713 0.276375
0.0160875 0.276375
0.0161038 0.276438
0.01612 0.2765
0.0161363 0.2765
0.0161525 0.276562
0.0161688 0.276625
0.016185 0.276625
0.0162013 0.276688
0.0162175 0.27675
0.0162338 0.27675
0.01625 0.276813
0.0162663 0.276875
0.0162825 0.276875
0.0162988 0.276938
0.016315 0.277
0.0163313 0.277
0.0163475 0.277062
0.0163638 0.277125
0.01638 0.277125
0.0163963 0.277188
0.0164125 0.27725
0.0164288 0.27725
0.016445 0.277313
0.0164613 0.277375
0.0164775 0.277375
0.0164938 0.277438
0.01651 0.277438
0.0165263 0.2775
0.0165425 0.277562
0.0165588 0.277562
0.016575 0.277625
0.0165913 0.277688
0.0166075 0.277688
0.0166238 0.27775
0.01664 0.277813
0.0166563 0.277813
0.0166725 0.277875
0.0166888 0.277875
0.016705 0.277938
0.0167213 0.278
0.0167375 0.278
0.0167538 0.278062
0.01677 0.278125
0.0167863 0.278125
0.0168025 0.278188
0.0168188 0.27825
0.016835 0.27825
0.0168513 0.278313
0.0168675 0.278313
0.0168838 0.278375
0.0169 0.278438
0.0169163 0.278438
0.0169325 0.2785
0.0169488 0.2785
0.016965 0.278562
0.0169813 0.278625
0.0169975 0.278625
0.0170138 0.278688
0.01703 0.278688
0.0170463 0.27875
0.0170625 0.278813
0.0170788 0.278813
0.017095 0.278875
0.0171113 0.278875
0.0171275 0.278938
0.0171438 0.279
0.01716 0.279
0.0171763 0.279062
0.0171925 0.279062
0.0172088 0.279125
0.017225 0.279188
0.0172413 0.279188
0.0172575 0.27925
0.0172738 0.27925
0.01729 0.279313
0.0173063 0.279375
0.0173225 0.279375
0.0173388 0.279438
0.017355 0.279438
0.0173713 0.2795
0.0173875 0.2795
0.0174038 0.279562
0.01742 0.279625
0.0174363 0.279625
0.0174525 0.279688
0.0174688 0.279688
0.017485 0.27975
0.0175013 0.27975
0.0175175 0.279813
0.0175338 0.279875
0.01755 0.279875
0.0175663 0.279938
0.0175825 0.279938
0.0175988 0.28
0.017615 0.28
0.0176313 0.280062
0.0176475 0.280125
0.0176638 0.280125
0.01768 0.280187
0.0176963 0.280187
0.0177125 0.28025
0.0177288 0.28025
0.017745 0.280313
0.0177613 0.280313
0.0177775 0.280375
0.0177938 0.280438
0.01781 0.280438
0.0178263 0.2805
0.0178425 0.2805
0.0178588 0.280562
0.017875 0.280562
0.0178913 0.280625
0.0179075 0.280625
0.0179238 0.280687
0.01794 0.280687
0.0179563 0.28075
0.0179725 0.28075
0.0179888 0.280813
0.018005 0.280875
0.0180213 0.280875
0.0180375 0.280938
0.0180538 0.280938
0.01807 0.281
0.0180863 0.281
0.0181025 0.281062
0.0181188 0.281062
0.018135 0.281125
0.0181513 0.281125
0.0181675 0.281187
0.0181838 0.281187
0.0182 0.28125
0.0182163 0.28125
0.0182325 0.281313
0.0182488 0.281313
0.018265 0.281375
0.0182813 0.281375
0.0182975 0.281438
0.0183138 0.281438
0.01833 0.2815
0.0183463 0.2815
0.0183625 0.281562
0.0183788 0.281562
0.018395 0.281625
0.0184113 0.281625
0.0184275 0.281687
0.0184438 0.281687
0.01846 0.28175
0.0184763 0.28175
0.0184925 0.281813
0.0185088 0.281813
0.018525 0.281875
0.0185413 0.281875
0.0185575 0.281938
0.0185738 0.281938
0.01859 0.282
0.0186063 0.282
0.0186225 0.282062
0.0186388 0.282062
0.018655 0.282125
0.0186713 0.282125
0.0186875 0.282187
0.0187038 0.282187
0.01872 0.28225
0.0187363 0.28225
0.0187525 0.282313
0.0187688 0.282313
0.018785 0.282375
0.0188013 0.282375
0.0188175 0.282438
0.0188338 0.282438
0.01885 0.2825
0.0188663 0.2825
0.0188825 0.2825
0.0188988 0.282562
0.018915 0.282562
0.0189313 0.282625
0.0189475 0.282625
0.0189638 0.282687
0.01898 0.282687
0.0189963 0.28275
0.0190125 0.28275
0.0190288 0.282813
0.019045 0.282813
0.0190613 0.282875
0.0190775 0.282875
0.0190938 0.282875
0.01911 0.282938
0.0191263 0.282938
0.0191425 0.283
0.0191588 0.283
0.019175 0.283062
0.0191913 0.283062
0.0192075 0.283125
0.0192238 0.283125
0.01924 0.283187
0.0192563 0.283187
0.0192725 0.283187
0.0192888 0.28325
0.019305 0.28325
0.0193213 0.283313
0.0193375 0.283313
0.0193538 0.283375
0.01937 0.283375
0.0193863 0.283438
0.0194025 0.283438
0.0194188 0.283438
0.019435 0.2835
0.0194513 0.2835
0.0194675 0.283562
0.0194838 0.283562
0.0195 0.283625
0.0195163 0.283625
0.0195325 0.283625
0.0195488 0.283687
0.019565 0.283687
0.0195813 0.28375
0.0195975 0.28375
0.0196138 0.28375
0.01963 0.283813
0.0196463 0.283813
0.0196625 0.283875
0.0196788 0.283875
0.019695 0.283938
0.0197113 0.283938
0.0197275 0.283938
0.0197438 0.284
0.01976 0.284
0.0197763 0.284062
0.0197925 0.284062
0.0198088 0.284062
0.019825 0.284125
0.0198413 0.284125
0.0198575 0.284187
0.0198738 0.284187
0.01989 0.284187
0.0199063 0.28425
0.0199225 0.28425
0.0199388 0.284313
0.019955 0.284313
0.0199713 0.284313
0.0199875 0.284375
0.0200038 0.284375
0.02002 0.284438
0.0200363 0.284438
0.0200525 0.284438
0.0200688 0.2845
0.020085 0.2845
0.0201013 0.284562
0.0201175 0.284562
0.0201338 0.284562
0.02015 0.284625
0.0201663 0.284625
0.0201825 0.284687
0.0201988 0.284687
0.020215 0.284687
0.0202313 0.28475
0.0202475 0.28475
0.0202638 0.28475
0.02028 0.284813
0.0202963 0.284813
0.0203125 0.284875
0.0203288 0.284875
0.020345 0.284875
0.0203613 0.284938
0.0203775 0.284938
0.0203938 0.284938
0.02041 0.285
0.0204263 0.285
0.0204425 0.285062
0.0204588 0.285062
0.020475 0.285062
0.0204913 0.285125
0.0205075 0.285125
0.0205238 0.285125
0.02054 0.285187
0.0205563 0.285187
0.0205725 0.285187
0.0205888 0.28525
0.020605 0.28525
0.0206213 0.285313
0.0206375 0.285313
0.0206538 0.285313
0.02067 0.285375
0.0206863 0.285375
0.0207025 0.285375
0.0207188 0.285438
0.020735 0.285438
0.0207513 0.285438
0.0207675 0.2855
0.0207838 0.2855
0.0208 0.2855
0.0208163 0.285562
0.0208325 0.285562
0.0208488 0.285562
0.020865 0.285625
0.0208813 0.285625
0.0208975 0.285625
0.0209138 0.285687
0.02093 0.285687
0.0209463 0.285687
0.0209625 0.28575
0.0209788 0.28575
0.020995 0.28575
0.0210113 0.285813
0.0210275 0.285813
0.0210438 0.285813
0.02106 0.285875
0.0210763 0.285875
0.0210925 0.285875
0.0211088 0.285938
0.021125 0.285938
0.0211413 0.285938
0.0211575 0.286
0.0211738 0.286
0.02119 0.286
0.0212063 0.286062
0.0212225 0.286062
0.0212388 0.286062
0.021255 0.286125
0.0212713 0.286125
0.0212875 0.286125
0.0213038 0.286187
0.02132 0.286187
0.0213363 0.286187
0.0213525 0.28625
0.0213688 0.28625
0.021385 0.28625
0.0214013 0.286313
0.0214175 0.286313
0.0214338 0.286313
0.02145 0.286313
0.0214663 0.286375
0.0214825 0.286375
0.0214988 0.286375
0.021515 0.286438
0.0215313 0.286438
0.0215475 0.286438
0.0215638 0.2865
0.02158 0.2865
0.0215963 0.2865
0.0216125 0.2865
0.0216288 0.286562
0.021645 0.286562
0.0216613 0.286562
0.0216775 0.286625
0.0216938 0.286625
0.02171 0.286625
0.0217263 0.286687
0.0217425 0.286687
0.0217588 0.286687
0.021775 0.286687
0.0217913 0.28675
0.0218075 0.28675
0.0218238 0.28675
0.02184 0.286813
0.0218563 0.286813
0.0218725 0.286813
0.0218888 0.286813
0.021905 0.286875
0.0219213 0.286875
0.0219375 0.286875
0.0219538 0.286875
0.02197 0.286938
0.0219863 0.286938
0.0220025 0.286938
0.0220188 0.287
0.022035 0.287
0.0220513 0.287
0.0220675 0.287
0.0220838 0.287062
0.0221 0.287062
0.0221163 0.287062
0.0221325 0.287062
0.0221488 0.287125
0.022165 0.287125
0.0221813 0.287125
0.0221975 0.287187
0.0222138 0.287187
0.02223 0.287187
0.0222463 0.287187
0.0222625 0.28725
0.0222788 0.28725
0.022295 0.28725
0.0223113 0.28725
0.0223275 0.287313
0.0223438 0.287313
0.02236 0.287313
0.0223763 0.287313
0.0223925 0.287375
0.0224088 0.287375
0.022425 0.287375
0.0224413 0.287375
0.0224575 0.287438
0.0224738 0.287438
0.02249 0.287438
0.0225063 0.287438
0.0225225 0.2875
0.0225388 0.2875
0.022555 0.2875
0.0225713 0.2875
0.0225875 0.287562
0.0226038 0.287562
0.02262 0.287562
0.0226363 0.287562
0.0226525 0.287625
0.0226688 0.287625
0.022685 0.287625
0.0227013 0.287625
0.0227175 0.287687
0.0227338 0.287687
0.02275 0.287687
0.0227663 0.287687
0.0227825 0.287687
0.0227988 0.28775
0.022815 0.28775
0.0228313 0.28775
0.0228475 0.28775
0.0228638 0.287813
0.02288 0.287813
0.0228963 0.287813
0.0229125 0.287813
0.0229288 0.287875
0.022945 0.287875
0.0229613 0.287875
0.0229775 0.287875
0.0229938 0.287875
0.02301 0.287938
0.0230263 0.287938
0.0230425 0.287938
0.0230588 0.287938
0.023075 0.288
0.0230913 0.288
0.0231075 0.288
0.0231238 0.288
0.02314 0.288
0.0231563 0.288062
0.0231725 0.288062
0.0231888 0.288062
0.023205 0.288062
0.0232213 0.288062
0.0232375 0.288125
0.0232538 0.288125
0.02327 0.288125
0.0232863 0.288125
0.0233025 0.288125
0.0233188 0.288187
0.023335 0.288187
0.0233513 0.288187
0.0233675 0.288187
0.0233838 0.288187
0.0234 0.28825
0.0234163 0.28825
0.0234325 0.28825
0.0234488 0.28825
0.023465 0.28825
0.0234813 0.288313
0.0234975 0.288313
0.0235138 0.288313
0.02353 0.288313
0.0235463 0.288313
0.0235625 0.288375
0.0235788 0.288375
0.023595 0.288375
0.0236113 0.288375
0.0236275 0.288375
0.0236438 0.288438
0.02366 0.288438
0.0236763 0.288438
0.0236925 0.288438
0.0237088 0.288438
0.023725 0.288438
0.0237413 0.2885
0.0237575 0.2885
0.0237738 0.2885
0.02379 0.2885
0.0238063 0.2885
0.0238225 0.288562
0.0238388 0.288562
0.023855 0.288562
0.0238713 0.288562
0.0238875 0.288562
0.0239038 0.288562
0.02392 0.288625
0.0239363 0.288625
0.0239525 0.288625
0.0239688 0.288625
0.023985 0.288625
0.0240013 0.288625
0.0240175 0.288687
0.0240338 0.288687
0.02405 0.288687
0.0240663 0.288687
0.0240825 0.288687
0.0240988 0.288687
0.024115 0.28875
0.0241313 0.28875
0.0241475 0.28875
0.0241638 0.28875
0.02418 0.28875
0.0241963 0.28875
0.0242125 0.288813
0.0242288 0.288813
0.024245 0.288813
0.0242613 0.288813
0.0242775 0.288813
0.0242938 0.288813
0.02431 0.288875
0.0243263 0.288875
0.0243425 0.288875
0.0243588 0.288875
0.024375 0.288875
0.0243913 0.288875
0.0244075 0.288875
0.0244238 0.288938
0.02444 0.288938
0.0244563 0.288938
0.0244725 0.288938
0.0244888 0.288938
0.024505 0.288938
0.0245213 0.288938
0.0245375 0.289
0.0245538 0.289
0.02457 0.289
0.0245863 0.289
0.0246025 0.289
0.0246188 0.289
0.024635 0.289
0.0246513 0.289062
0.0246675 0.289062
0.0246838 0.289062
0.0247 0.289062
0.0247163 0.289062
0.0247325 0.289062
0.0247488 0.289062
0.024765 0.289125
0.0247813 0.289125
0.0247975 0.289125
0.0248138 0.289125
0.02483 0.289125
0.0248463 0.289125
0.0248625 0.289125
0.0248788 0.289125
0.024895 0.289187
0.0249113 0.289187
0.0249275 0.289187
0.0249438 0.289187
0.02496 0.289187
0.0249763 0.289187
0.0249925 0.289187
0.0250088 0.289187
0.025025 0.28925
0.0250413 0.28925
0.0250575 0.28925
0.0250738 0.28925
0.02509 0.28925
0.0251063 0.28925
0.0251225 0.28925
0.0251388 0.28925
0.025155 0.28925
0.0251713 0.289313
0.0251875 0.289313
0.0252038 0.289313
0.02522 0.289313
0.0252363 0.289313
0.0252525 0.289313
0.0252688 0.289313
0.025285 0.289313
0.0253013 0.289313
0.0253175 0.289375
0.0253338 0.289375
0.02535 0.289375
0.0253663 0.289375
0.0253825 0.289375
0.0253988 0.289375
0.025415 0.289375
0.0254313 0.289375
0.0254475 0.289375
0.0254638 0.289375
0.02548 0.289438
0.0254963 0.289438
0.0255125 0.289438
0.0255288 0.289438
0.025545 0.289438
0.0255613 0.289438
0.0255775 0.289438
0.0255938 0.289438
0.02561 0.289438
0.0256263 0.289438
0.0256425 0.289438
0.0256588 0.2895
0.025675 0.2895
0.0256913 0.2895
0.0257075 0.2895
0.0257238 0.2895
0.02574 0.2895
0.0257563 0.2895
0.0257725 0.2895
0.0257888 0.2895
0.025805 0.2895
0.0258213 0.2895
0.0258375 0.289563
0.0258538 0.289563
0.02587 0.289563
0.0258863 0.289563
0.0259025 0.289563
0.0259188 0.289563
0.025935 0.289563
0.0259513 0.289563
0.0259675 0.289563
0.0259838 0.289563
0.026 0.289563
0.0260163 0.289563
0.0260325 0.289563
0.0260488 0.289625
0.026065 0.289625
0.0260813 0.289625
0.0260975 0.289625
0.0261138 0.289625
0.02613 0.289625
0.0261463 0.289625
0.0261625 0.289625
0.0261788 0.289625
0.026195 0.289625
0.0262113 0.289625
0.0262275 0.289625
0.0262438 0.289625
0.02626 0.289625
0.0262763 0.289625
0.0262925 0.289687
0.0263088 0.289687
0.026325 0.289687
0.0263413 0.289687
0.0263575 0.289687
0.0263738 0.289687
0.02639 0.289687
0.0264063 0.289687
0.0264225 0.289687
0.0264388 0.289687
0.026455 0.289687
0.0264713 0.289687
0.0264875 0.289687
0.0265038 0.289687
0.02652 0.289687
0.0265363 0.289687
0.0265525 0.289687
0.0265688 0.28975
0.026585 0.28975
0.0266013 0.28975
0.0266175 0.28975
0.0266338 0.28975
0.02665 0.28975
0.0266663 0.28975
0.0266825 0.28975
0.0266988 0.28975
0.026715 0.28975
0.0267313 0.28975
0.0267475 0.28975
0.0267638 0.28975
0.02678 0.28975
0.0267963 0.28975
0.0268125 0.28975
0.0268288 0.28975
0.026845 0.28975
0.0268613 0.28975
0.0268775 0.28975
0.0268938 0.28975
0.02691 0.28975
0.0269263 0.289813
0.0269425 0.289813
0.0269588 0.289813
0.026975 0.289813
0.0269913 0.289813
0.0270075 0.289813
0.0270238 0.289813
0.02704 0.289813
0.0270563 0.289813
0.0270725 0.289813
0.0270888 0.289813
0.027105 0.289813
0.0271213 0.289813
0.0271375 0.289813
0.0271538 0.289813
0.02717 0.289813
0.0271863 0.289813
0.0272025 0.289813
0.0272188 0.289813
0.027235 0.289813
0.0272513 0.289813
0.0272675 0.289813
0.0272838 0.289813
0.0273 0.289813
0.0273163 0.289813
0.0273325 0.289813
0.0273488 0.289813
0.027365 0.289813
0.0273813 0.289813
0.0273975 0.289813
0.0274138 0.289813
0.02743 0.289813
0.0274463 0.289813
0.0274625 0.289813
0.0274788 0.289813
0.027495 0.289813
0.0275113 0.289813
0.0275275 0.289875
0.0275438 0.289875
0.02756 0.289875
0.0275763 0.289875
0.0275925 0.289875
0.0276088 0.289875
0.027625 0.289875
0.0276413 0.289875
0.0276575 0.289875
0.0276738 0.289875
0.02769 0.289875
0.0277063 0.289875
0.0277225 0.289875
0.0277388 0.289875
0.027755 0.289875
0.0277713 0.289875
0.0277875 0.289875
0.0278038 0.289875
0.02782 0.289875
0.0278363 0.289875
0.0278525 0.289875
0.0278688 0.289875
0.027885 0.289875
0.0279013 0.289875
0.0279175 0.289875
0.0279338 0.289875
0.02795 0.289875
0.0279663 0.289875
0.0279825 0.289875
0.0279988 0.289875
0.028015 0.289875
0.0280313 0.289875
0.0280475 0.289875
0.0280638 0.289875
0.02808 0.289875
0.0280963 0.289875
0.0281125 0.289875
0.0281288 0.289875
0.028145 0.289875
0.0281613 0.289875
0.0281775 0.289875
0.0281938 0.289875
0.02821 0.289875
0.0282263 0.289875
0.0282425 0.289813
0.0282588 0.289813
0.028275 0.289813
0.0282913 0.289813
0.0283075 0.289813
0.0283238 0.289813
0.02834 0.289813
0.0283563 0.289813
0.0283725 0.289813
0.0283888 0.289813
0.028405 0.289813
0.0284213 0.289813
0.0284375 0.289813
0.0284538 0.289813
0.02847 0.289813
0.0284863 0.289813
0.0285025 0.28975
0.0285188 0.28975
0.028535 0.28975
0.0285513 0.28975
0.0285675 0.28975
0.0285838 0.28975
0.0286 0.28975
0.0286163 0.28975
0.0286325 0.28975
0.0286488 0.28975
0.028665 0.28975
0.0286813 0.28975
0.0286975 0.28975
0.0287138 0.289687
0.02873 0.289687
0.0287463 0.289687
0.0287625 0.289687
0.0287788 0.289687
0.028795 0.289687
0.0288113 0.289687
0.0288275 0.289687
0.0288438 0.289687
0.02886 0.289687
0.0288763 0.289687
0.0288925 0.289687
0.0289088 0.289687
0.028925 0.289625
0.0289413 0.289625
0.0289575 0.289625
0.0289738 0.289625
0.02899 0.289625
0.0290063 0.289625
0.0290225 0.289625
0.0290388 0.289625
0.029055 0.289625
0.0290713 0.289625
0.0290875 0.289563
0.0291038 0.289563
0.02912 0.289563
0.0291363 0.289563
0.0291525 0.289563
0.0291688 0.289563
0.029185 0.289563
0.0292013 0.289563
0.0292175 0.289563
0.0292338 0.289563
0.02925 0.289563
0.0292663 0.289563
0.0292825 0.2895
0.0292988 0.2895
0.029315 0.2895
0.0293313 0.2895
0.0293475 0.2895
0.0293638 0.2895
0.02938 0.2895
0.0293963 0.2895
0.0294125 0.2895
0.0294288 0.2895
0.029445 0.289438
0.0294613 0.289438
0.0294775 0.289438
0.0294938 0.289438
0.02951 0.289438
0.0295263 0.289438
0.0295425 0.289438
0.0295588 0.289438
0.029575 0.289438
0.0295913 0.289438
0.0296075 0.289375
0.0296238 0.289375
0.02964 0.289375
0.0296563 0.289375
0.0296725 0.289375
0.0296888 0.289375
0.029705 0.289375
0.0297213 0.289375
0.0297375 0.289313
0.0297538 0.289313
0.02977 0.289313
0.0297863 0.289313
0.0298025 0.289313
0.0298188 0.289313
0.029835 0.289313
0.0298513 0.289313
0.0298675 0.28925
0.0298838 0.28925
0.0299 0.28925
0.0299163 0.28925
0.0299325 0.28925
0.0299488 0.28925
0.029965 0.28925
0.0299813 0.28925
0.0299975 0.289187
0.0300138 0.289187
0.03003 0.289187
0.0300463 0.289187
0.0300625 0.289187
0.0300788 0.289187
0.030095 0.289187
0.0301113 0.289187
0.0301275 0.289125
0.0301438 0.289125
0.03016 0.289125
0.0301763 0.289125
0.0301925 0.289125
0.0302088 0.289125
0.030225 0.289125
0.0302413 0.289062
0.0302575 0.289062
0.0302738 0.289062
0.03029 0.289062
0.0303063 0.289062
0.0303225 0.289062
0.0303388 0.289062
0.030355 0.289
0.0303713 0.289
0.0303875 0.289
0.0304038 0.289
0.03042 0.289
0.0304363 0.289
0.0304525 0.289
0.0304688 0.288938
0.030485 0.288938
0.0305013 0.288938
0.0305175 0.288938
0.0305338 0.288938
0.03055 0.288938
0.0305663 0.288938
0.0305825 0.288875
0.0305988 0.288875
0.030615 0.288875
0.0306313 0.288875
0.0306475 0.288875
0.0306638 0.288875
0.03068 0.288813
0.0306963 0.288813
0.0307125 0.288813
0.0307288 0.288813
0.030745 0.288813
0.0307613 0.288813
0.0307775 0.288813
0.0307938 0.28875
0.03081 0.28875
0.0308263 0.28875
0.0308425 0.28875
0.0308588 0.28875
0.030875 0.28875
0.0308913 0.288687
0.0309075 0.288687
0.0309238 0.288687
0.03094 0.288687
0.0309563 0.288687
0.0309725 0.288625
0.0309888 0.288625
0.031005 0.288625
0.0310213 0.288625
0.0310375 0.288625
0.0310538 0.288625
0.03107 0.288562
0.0310863 0.288562
0.0311025 0.288562
0.0311188 0.288562
0.031135 0.288562
0.0311513 0.288562
0.0311675 0.2885
0.0311838 0.2885
0.0312 0.2885
0.0312163 0.2885
0.0312325 0.2885
0.0312488 0.288438
0.031265 0.288438
0.0312813 0.288438
0.0312975 0.288438
0.0313138 0.288438
0.03133 0.288438
0.0313463 0.288375
0.0313625 0.288375
0.0313788 0.288375
0.031395 0.288375
0.0314113 0.288375
0.0314275 0.288313
0.0314438 0.288313
0.03146 0.288313
0.0314763 0.288313
0.0314925 0.288313
0.0315088 0.28825
0.031525 0.28825
0.0315413 0.28825
0.0315575 0.28825
0.0315738 0.28825
0.03159 0.28825
0.0316063 0.288187
0.0316225 0.288187
0.0316388 0.288187
0.031655 0.288187
0.0316713 0.288187
0.0316875 0.288125
0.0317038 0.288125
0.03172 0.288125
0.0317363 0.288125
0.0317525 0.288062
0.0317688 0.288062
0.031785 0.288062
0.0318013 0.288062
0.0318175 0.288062
0.0318338 0.288
0.03185 0.288
0.0318663 0.288
0.0318825 0.288
0.0318988 0.288
0.031915 0.287938
0.0319313 0.287938
0.0319475 0.287938
0.0319638 0.287938
0.03198 0.287938
0.0319963 0.287875
0.0320125 0.287875
0.0320288 0.287875
0.032045 0.287875
0.0320613 0.287813
0.0320775 0.287813
0.0320938 0.287813
0.03211 0.287813
0.0321263 0.287813
0.0321425 0.28775
0.0321588 0.28775
0.032175 0.28775
0.0321913 0.28775
0.0322075 0.287687
0.0322238 0.287687
0.03224 0.287687
0.0322563 0.287687
0.0322725 0.287687
0.0322888 0.287625
0.032305 0.287625
0.0323213 0.287625
0.0323375 0.287625
0.0323538 0.287562
0.03237 0.287562
0.0323863 0.287562
0.0324025 0.287562
0.0324188 0.287562
0.032435 0.2875
0.0324513 0.2875
0.0324675 0.2875
0.0324838 0.2875
0.0325 0.287438
0.0325163 0.287438
0.0325325 0.287438
0.0325488 0.287438
0.032565 0.287375
0.0325813 0.287375
0.0325975 0.287375
0.0326138 0.287375
0.03263 0.287313
0.0326463 0.287313
0.0326625 0.287313
0.0326788 0.287313
0.032695 0.287313
0.0327113 0.28725
0.0327275 0.28725
0.0327438 0.28725
0.03276 0.28725
0.0327763 0.287187
0.0327925 0.287187
0.0328088 0.287187
0.032825 0.287187
0.0328413 0.287125
0.0328575 0.287125
0.0328738 0.287125
0.03289 0.287125
0.0329063 0.287062
0.0329225 0.287062
0.0329388 0.287062
0.032955 0.287062
0.0329713 0.287
0.0329875 0.287
0.0330038 0.287
0.03302 0.287
0.0330363 0.286938
0.0330525 0.286938
0.0330688 0.286938
0.033085 0.286875
0.0331013 0.286875
0.0331175 0.286875
0.0331338 0.286875
0.03315 0.286813
0.0331663 0.286813
0.0331825 0.286813
0.0331988 0.286813
0.033215 0.28675
0.0332313 0.28675
0.0332475 0.28675
0.0332638 0.28675
0.03328 0.286687
0.0332963 0.286687
0.0333125 0.286687
0.0333288 0.286687
0.033345 0.286625
0.0333613 0.286625
0.0333775 0.286625
0.0333938 0.286625
0.03341 0.286562
0.0334263 0.286562
0.0334425 0.286562
0.0334588 0.2865
0.033475 0.2865
0.0334913 0.2865
0.0335075 0.2865
0.0335238 0.286438
0.03354 0.286438
0.0335563 0.286438
0.0335725 0.286375
0.0335888 0.286375
0.033605 0.286375
0.0336213 0.286375
0.0336375 0.286313
0.0336538 0.286313
0.03367 0.286313
0.0336863 0.28625
0.0337025 0.28625
0.0337188 0.28625
0.033735 0.28625
0.0337513 0.286187
0.0337675 0.286187
0.0337838 0.286187
0.0338 0.286125
0.0338163 0.286125
0.0338325 0.286125
0.0338488 0.286125
0.033865 0.286062
0.0338813 0.286062
0.0338975 0.286062
0.0339138 0.286
0.03393 0.286
0.0339463 0.286
0.0339625 0.286
0.0339788 0.285938
0.033995 0.285938
0.0340113 0.285938
0.0340275 0.285875
0.0340438 0.285875
0.03406 0.285875
0.0340763 0.285875
0.0340925 0.285813
0.0341088 0.285813
0.034125 0.285813
0.0341413 0.28575
0.0341575 0.28575
0.0341738 0.28575
0.03419 0.285687
0.0342063 0.285687
0.0342225 0.285687
0.0342388 0.285687
0.034255 0.285625
0.0342713 0.285625
0.0342875 0.285625
0.0343038 0.285562
0.03432 0.285562
0.0343363 0.285562
0.0343525 0.2855
0.0343688 0.2855
0.034385 0.2855
0.0344013 0.285438
0.0344175 0.285438
0.0344338 0.285438
0.03445 0.285438
0.0344663 0.285375
0.0344825 0.285375
0.0344988 0.285375
0.034515 0.285313
0.0345313 0.285313
0.0345475 0.285313
0.0345638 0.28525
0.03458 0.28525
0.0345963 0.28525
0.0346125 0.285187
0.0346288 0.285187
0.034645 0.285187
0.0346613 0.285125
0.0346775 0.285125
0.0346938 0.285125
0.03471 0.285062
0.0347263 0.285062
0.0347425 0.285062
0.0347588 0.285
0.034775 0.285
0.0347913 0.285
0.0348075 0.284938
0.0348238 0.284938
0.03484 0.284938
0.0348563 0.284875
0.0348725 0.284875
0.0348888 0.284875
0.034905 0.284813
0.0349213 0.284813
0.0349375 0.284813
0.0349538 0.28475
0.03497 0.28475
0.0349863 0.28475
0.0350025 0.284687
0.0350188 0.284687
0.035035 0.284687
0.0350513 0.284625
0.0350675 0.284625
0.0350838 0.284625
0.0351 0.284562
0.0351163 0.284562
0.0351325 0.284562
0.0351488 0.2845
0.035165 0.2845
0.0351813 0.2845
0.0351975 0.284438
0.0352138 0.284438
0.03523 0.284438
0.0352463 0.284375
0.0352625 0.284375
0.0352788 0.284375
0.035295 0.284313
0.0353113 0.284313
0.0353275 0.284313
0.0353438 0.28425
0.03536 0.28425
0.0353763 0.28425
0.0353925 0.284187
0.0354088 0.284187
0.035425 0.284187
0.0354413 0.284125
0.0354575 0.284125
0.0354738 0.284125
0.03549 0.284062
0.0355063 0.284062
0.0355225 0.284
0.0355388 0.284
0.035555 0.284
0.0355713 0.283938
0.0355875 0.283938
0.0356038 0.283938
0.03562 0.283875
0.0356363 0.283875
0.0356525 0.283875
0.0356688 0.283813
0.035685 0.283813
0.0357013 0.28375
0.0357175 0.28375
0.0357338 0.28375
0.03575 0.283687
0.0357663 0.283687
0.0357825 0.283687
0.0357988 0.283625
0.035815 0.283625
0.0358313 0.283625
0.0358475 0.283562
0.0358638 0.283562
0.03588 0.2835
0.0358963 0.2835
0.0359125 0.2835
0.0359288 0.283438
0.035945 0.283438
0.0359613 0.283438
0.0359775 0.283375
0.0359938 0.283375
0.03601 0.283375
0.0360263 0.283313
0.0360425 0.283313
0.0360588 0.28325
0.036075 0.28325
0.0360913 0.28325
0.0361075 0.283187
0.0361238 0.283187
0.03614 0.283187
0.0361563 0.283125
0.0361725 0.283125
0.0361888 0.283062
0.036205 0.283062
0.0362213 0.283062
0.0362375 0.283
0.0362538 0.283
0.03627 0.282938
0.0362863 0.282938
0.0363025 0.282938
0.0363188 0.282875
0.036335 0.282875
0.0363513 0.282875
0.0363675 0.282813
0.0363838 0.282813
0.0364 0.28275
0.0364163 0.28275
0.0364325 0.28275
0.0364488 0.282687
0.036465 0.282687
0.0364813 0.282625
0.0364975 0.282625
0.0365138 0.282625
0.03653 0.282562
0.0365463 0.282562
0.0365625 0.2825
0.0365788 0.2825
0.036595 0.2825
0.0366113 0.282438
0.0366275 0.282438
0.0366438 0.282375
0.03666 0.282375
0.0366763 0.282375
0.0366925 0.282313
0.0367088 0.282313
0.036725 0.28225
0.0367413 0.28225
0.0367575 0.28225
0.0367738 0.282187
0.03679 0.282187
0.0368063 0.282125
0.0368225 0.282125
0.0368388 0.282125
0.036855 0.282062
0.0368713 0.282062
0.0368875 0.282
0.0369038 0.282
0.03692 0.282
0.0369363 0.281938
0.0369525 0.281938
0.0369688 0.281875
0.036985 0.281875
0.0370013 0.281875
0.0370175 0.281813
0.0370338 0.281813
0.03705 0.28175
0.0370663 0.28175
0.0370825 0.28175
0.0370988 0.281687
0.037115 0.281687
0.0371313 0.281625
0.0371475 0.281625
0.0371638 0.281562
0.03718 0.281562
0.0371963 0.281562
0.0372125 0.2815
0.0372288 0.2815
0.037245 0.281438
0.0372613 0.281438
0.0372775 0.281438
0.0372938 0.281375
0.03731 0.281375
0.0373263 0.281313
0.0373425 0.281313
0.0373588 0.28125
0.037375 0.28125
0.0373913 0.28125
0.0374075 0.281187
0.0374238 0.281187
0.03744 0.281125
0.0374563 0.281125
0.0374725 0.281062
0.0374888 0.281062
0.037505 0.281062
0.0375213 0.281
0.0375375 0.281
0.0375538 0.280938
0.03757 0.280938
0.0375863 0.280875
0.0376025 0.280875
0.0376188 0.280875
0.037635 0.280813
0.0376513 0.280813
0.0376675 0.28075
0.0376838 0.28075
0.0377 0.280687
0.0377163 0.280687
0.0377325 0.280625
0.0377488 0.280625
0.037765 0.280625
0.0377813 0.280562
0.0377975 0.280562
0.0378138 0.2805
0.03783 0.2805
0.0378463 0.280438
0.0378625 0.280438
0.0378788 0.280375
0.037895 0.280375
0.0379113 0.280375
0.0379275 0.280313
0.0379438 0.280313
0.03796 0.28025
0.0379763 0.28025
0.0379925 0.280187
0.0380088 0.280187
0.038025 0.280125
0.0380413 0.280125
0.0380575 0.280125
0.0380738 0.280062
0.03809 0.280062
0.0381063 0.28
0.0381225 0.28
0.0381388 0.279938
0.038155 0.279938
0.0381713 0.279875
0.0381875 0.279875
0.0382038 0.279813
0.03822 0.279813
0.0382363 0.279813
0.0382525 0.27975
0.0382688 0.27975
0.038285 0.279688
0.0383013 0.279688
0.0383175 0.279625
0.0383338 0.279625
0.03835 0.279562
0.0383663 0.279562
0.0383825 0.2795
0.0383988 0.2795
0.038415 0.2795
0.0384313 0.279438
0.0384475 0.279438
0.0384638 0.279375
0.03848 0.279375
0.0384963 0.279313
0.0385125 0.279313
0.0385288 0.27925
0.038545 0.27925
0.0385613 0.279188
0.0385775 0.279188
0.0385938 0.279125
0.03861 0.279125
0.0386263 0.279062
0.0386425 0.279062
0.0386588 0.279
0.038675 0.279
0.0386913 0.279
0.0387075 0.278938
0.0387238 0.278938
0.03874 0.278875
0.0387563 0.278875
0.0387725 0.278813
0.0387888 0.278813
0.038805 0.27875
0.0388213 0.27875
0.0388375 0.278688
0.0388538 0.278688
0.03887 0.278625
0.0388863 0.278625
0.0389025 0.278562
0.0389188 0.278562
0.038935 0.2785
0.0389513 0.2785
0.0389675 0.278438
0.0389838 0.278438
0.039 0.278375
0.0390163 0.278375
0.0390325 0.278313
0.0390488 0.278313
0.039065 0.27825
0.0390813 0.27825
0.0390975 0.278188
0.0391138 0.278188
0.03913 0.278125
0.0391463 0.278125
0.0391625 0.278125
0.0391788 0.278062
0.039195 0.278062
0.0392113 0.278
0.0392275 0.278
0.0392438 0.277938
0.03926 0.277938
0.0392763 0.277875
0.0392925 0.277875
0.0393088 0.277813
0.039325 0.277813
0.0393413 0.27775
0.0393575 0.27775
0.0393738 0.277688
0.03939 0.277688
0.0394063 0.277625
0.0394225 0.277625
0.0394388 0.277562
0.039455 0.277562
0.0394713 0.2775
0.0394875 0.2775
0.0395038 0.277438
0.03952 0.277438
0.0395363 0.277375
0.0395525 0.277375
0.0395688 0.277313
0.039585 0.277313
0.0396013 0.27725
0.0396175 0.27725
0.0396338 0.277188
0.03965 0.277188
0.0396663 0.277125
0.0396825 0.277125
0.0396988 0.277062
0.039715 0.277
0.0397313 0.277
0.0397475 0.276938
0.0397638 0.276938
0.03978 0.276875
0.0397963 0.276875
0.0398125 0.276813
0.0398288 0.276813
0.039845 0.27675
0.0398613 0.27675
0.0398775 0.276688
0.0398938 0.276688
0.03991 0.276625
0.0399263 0.276625
0.0399425 0.276562
0.0399588 0.276562
0.039975 0.2765
0.0399913 0.2765
0.0400075 0.276438
0.0400238 0.276438
0.04004 0.276375
0.0400563 0.276375
0.0400725 0.276313
0.0400888 0.276313
0.040105 0.27625
0.0401213 0.276188
0.0401375 0.276188
0.0401538 0.276125
0.04017 0.276125
0.0401863 0.276062
0.0402025 0.276062
0.0402188 0.276
0.040235 0.276
0.0402513 0.275938
0.0402675 0.275938
0.0402838 0.275875
0.0403 0.275875
0.0403163 0.275813
0.0403325 0.275813
0.0403488 0.27575
0.040365 0.27575
0.0403813 0.275688
0.0403975 0.275625
0.0404138 0.275625
0.04043 0.275562
0.0404463 0.275562
0.0404625 0.2755
0.0404788 0.2755
0.040495 0.275438
0.0405113 0.275438
0.0405275 0.275375
0.0405438 0.275375
0.04056 0.275313
0.0405763 0.275313
0.0405925 0.27525
0.0406088 0.275188
0.040625 0.275188
0.0406413 0.275125
0.0406575 0.275125
0.0406738 0.275062
0.04069 0.275062
0.0407063 0.275
0.0407225 0.275
0.0407388 0.274938
0.040755 0.274938
0.0407713 0.274875
0.0407875 0.274813
0.0408038 0.274813
0.04082 0.27475
0.0408363 0.27475
0.0408525 0.274688
0.0408688 0.274688
0.040885 0.274625
0.0409013 0.274625
0.0409175 0.274562
0.0409338 0.2745
0.04095 0.2745
0.0409663 0.274438
0.0409825 0.274438
0.0409988 0.274375
0.041015 0.274375
0.0410313 0.274313
0.0410475 0.274313
0.0410638 0.27425
0.04108 0.274188
0.0410963 0.274188
0.0411125 0.274125
0.0411288 0.274125
0.041145 0.274062
0.0411613 0.274062
0.0411775 0.274
0.0411938 0.273938
0.04121 0.273938
0.0412263 0.273875
0.0412425 0.273875
0.0412588 0.273813
0.041275 0.273813
0.0412913 0.27375
0.0413075 0.273688
0.0413238 0.273688
0.04134 0.273625
0.0413563 0.273625
0.0413725 0.273562
0.0413888 0.273562
0.041405 0.2735
0.0414213 0.273438
0.0414375 0.273438
0.0414538 0.273375
0.04147 0.273375
0.0414863 0.273313
0.0415025 0.273313
0.0415188 0.27325
0.041535 0.273188
0.0415513 0.273188
0.0415675 0.273125
0.0415838 0.273125
0.0416 0.273062
0.0416163 0.273062
0.0416325 0.273
0.0416488 0.272937
0.041665 0.272937
0.0416813 0.272875
0.0416975 0.272875
0.0417138 0.272813
0.04173 0.27275
0.0417463 0.27275
0.0417625 0.272688
0.0417788 0.272688
0.041795 0.272625
0.0418113 0.272625
0.0418275 0.272562
0.0418438 0.2725
0.04186 0.2725
0.0418763 0.272437
0.0418925 0.272437
0.0419088 0.272375
0.041925 0.272313
0.0419413 0.272313
0.0419575 0.27225
0.0419738 0.27225
0.04199 0.272188
0.0420063 0.272125
0.0420225 0.272125
0.0420388 0.272062
0.042055 0.272062
0.0420713 0.272
0.0420875 0.271937
0.0421038 0.271937
0.04212 0.271875
0.0421363 0.271875
0.0421525 0.271813
0.0421688 0.27175
0.042185 0.27175
0.0422013 0.271688
0.0422175 0.271688
0.0422338 0.271625
0.04225 0.271562
0.0422663 0.271562
0.0422825 0.2715
0.0422988 0.2715
0.042315 0.271437
0.0423313 0.271375
0.0423475 0.271375
0.0423638 0.271313
0.04238 0.271313
0.0423963 0.27125
0.0424125 0.271188
0.0424288 0.271188
0.042445 0.271125
0.0424613 0.271125
0.0424775 0.271062
0.0424938 0.271
0.04251 0.271
0.0425263 0.270937
0.0425425 0.270875
0.0425588 0.270875
0.042575 0.270813
0.0425913 0.270813
0.0426075 0.27075
0.0426238 0.270688
0.04264 0.270688
0.0426563 0.270625
0.0426725 0.270625
0.0426888 0.270562
0.042705 0.2705
0.0427213 0.2705
0.0427375 0.270437
0.0427538 0.270375
0.04277 0.270375
0.0427863 0.270313
0.0428025 0.270313
0.0428188 0.27025
0.042835 0.270188
0.0428513 0.270188
0.0428675 0.270125
0.0428838 0.270062
0.0429 0.270062
0.0429163 0.27
0.0429325 0.27
0.0429488 0.269937
0.042965 0.269875
0.0429813 0.269875
0.0429975 0.269813
0.0430138 0.26975
0.04303 0.26975
0.0430463 0.269688
0.0430625 0.269688
0.0430788 0.269625
0.043095 0.269562
0.0431113 0.269562
0.0431275 0.2695
0.0431438 0.269437
0.04316 0.269437
0.0431763 0.269375
0.0431925 0.269313
0.0432088 0.269313
0.043225 0.26925
0.0432413 0.26925
0.0432575 0.269188
0.0432738 0.269125
0.04329 0.269125
0.0433063 0.269062
0.0433225 0.269
0.0433388 0.269
0.043355 0.268937
0.0433713 0.268875
0.0433875 0.268875
0.0434038 0.268813
0.04342 0.26875
0.0434363 0.26875
0.0434525 0.268688
0.0434688 0.268688
0.043485 0.268625
0.0435013 0.268562
0.0435175 0.268562
0.0435338 0.2685
0.04355 0.268437
0.0435663 0.268437
0.0435825 0.268375
0.0435988 0.268313
0.043615 0.268313
0.0436313 0.26825
0.0436475 0.268188
0.0436638 0.268188
0.04368 0.268125
0.0436963 0.268062
0.0437125 0.268062
0.0437288 0.268
0.043745 0.267937
0.0437613 0.267937
0.0437775 0.267875
0.0437938 0.267813
0.04381 0.267813
0.0438263 0.26775
0.0438425 0.267688
0.0438588 0.267688
0.043875 0.267625
0.0438913 0.267625
0.0439075 0.267562
0.0439238 0.2675
0.04394 0.2675
0.0439563 0.267437
0.0439725 0.267375
0.0439888 0.267375
0.044005 0.267313
0.0440213 0.26725
0.0440375 0.26725
0.0440538 0.267188
0.04407 0.267125
0.0440863 0.267125
0.0441025 0.267062
0.0441188 0.267
0.044135 0.267
0.0441513 0.266937
0.0441675 0.266875
0.0441838 0.266875
0.0442 0.266813
0.0442163 0.26675
0.0442325 0.266688
0.0442488 0.266688
0.044265 0.266625
0.0442813 0.266562
0.0442975 0.266562
0.0443138 0.2665
0.04433 0.266437
0.0443463 0.266437
0.0443625 0.266375
0.0443788 0.266313
0.044395 0.266313
0.0444113 0.26625
0.0444275 0.266188
0.0444438 0.266188
0.04446 0.266125
0.0444763 0.266062
0.0444925 0.266062
0.0445088 0.266
0.044525 0.265937
0.0445413 0.265937
0.0445575 0.265875
0.0445738 0.265813
0.04459 0.26575
0.0446063 0.26575
0.0446225 0.265688
0.0446388 0.265625
0.044655 0.265625
0.0446713 0.265562
0.0446875 0.2655
0.0447038 0.2655
0.04472 0.265437
0.0447363 0.265375
0.0447525 0.265375
0.0447688 0.265313
0.044785 0.26525
0.0448013 0.26525
0.0448175 0.265188
0.0448338 0.265125
0.04485 0.265062
0.0448663 0.265062
0.0448825 0.265
0.0448988 0.264937
0.044915 0.264937
0.0449313 0.264875
0.0449475 0.264813
0.0449638 0.264813
0.04498 0.26475
0.0449963 0.264688
0.0450125 0.264625
0.0450288 0.264625
0.045045 0.264562
0.0450613 0.2645
0.0450775 0.2645
0.0450938 0.264437
0.04511 0.264375
0.0451263 0.264375
0.0451425 0.264313
0.0451588 0.26425
0.045175 0.264188
0.0451913 0.264188
0.0452075 0.264125
0.0452238 0.264062
0.04524 0.264062
0.0452563 0.264
0.0452725 0.263937
0.0452888 0.263875
0.045305 0.263875
0.0453213 0.263813
0.0453375 0.26375
0.0453538 0.26375
0.04537 0.263688
0.0453863 0.263625
0.0454025 0.263563
0.0454188 0.263563
0.045435 0.2635
0.0454513 0.263437
0.0454675 0.263437
0.0454838 0.263375
0.0455 0.263313
0.0455163 0.26325
0.0455325 0.26325
0.0455488 0.263188
0.045565 0.263125
0.0455813 0.263063
0.0455975 0.263063
0.0456138 0.263
0.04563 0.262937
0.0456463 0.262937
0.0456625 0.262875
0.0456788 0.262813
0.045695 0.26275
0.0457113 0.26275
0.0457275 0.262688
0.0457438 0.262625
0.04576 0.262625
0.0457763 0.262563
0.0457925 0.2625
0.0458088 0.262437
0.045825 0.262437
0.0458413 0.262375
0.0458575 0.262313
0.0458738 0.26225
0.04589 0.26225
0.0459063 0.262188
0.0459225 0.262125
0.0459388 0.262063
0.045955 0.262063
0.0459713 0.262
0.0459875 0.261937
0.0460038 0.261937
0.04602 0.261875
0.0460363 0.261813
0.0460525 0.26175
0.0460688 0.26175
0.046085 0.261688
0.0461013 0.261625
0.0461175 0.261563
0.0461338 0.261563
0.04615 0.2615
0.0461663 0.261437
0.0461825 0.261375
0.0461988 0.261375
0.046215 0.261313
0.0462313 0.26125
0.0462475 0.261188
0.0462638 0.261188
0.04628 0.261125
0.0462963 0.261063
0.0463125 0.261
0.0463288 0.261
0.046345 0.260937
0.0463613 0.260875
0.0463775 0.260813
0.0463938 0.260813
0.04641 0.26075
0.0464263 0.260688
0.0464425 0.260625
0.0464588 0.260625
0.046475 0.260563
0.0464913 0.2605
0.0465075 0.260437
0.0465238 0.260437
0.04654 0.260375
0.0465563 0.260313
0.0465725 0.26025
0.0465888 0.26025
0.046605 0.260188
0.0466213 0.260125
0.0466375 0.260063
0.0466538 0.260063
0.04667 0.26
0.0466863 0.259937
0.0467025 0.259875
0.0467188 0.259875
0.046735 0.259813
0.0467513 0.25975
0.0467675 0.259688
0.0467838 0.259625
0.0468 0.259625
0.0468163 0.259563
0.0468325 0.2595
0.0468488 0.259437
0.046865 0.259437
0.0468813 0.259375
0.0468975 0.259313
0.0469138 0.25925
0.04693 0.25925
0.0469463 0.259188
0.0469625 0.259125
0.0469788 0.259063
0.046995 0.259
0.0470113 0.259
0.0470275 0.258937
0.0470438 0.258875
0.04706 0.258813
0.0470763 0.258813
0.0470925 0.25875
0.0471088 0.258688
0.047125 0.258625
0.0471413 0.258563
0.0471575 0.258563
0.0471738 0.2585
0.04719 0.258437
0.0472063 0.258375
0.0472225 0.258375
0.0472388 0.258313
0.047255 0.25825
0.0472713 0.258188
0.0472875 0.258125
0.0473038 0.258125
0.04732 0.258063
0.0473363 0.258
0.0473525 0.257937
0.0473688 0.257937
0.047385 0.257875
0.0474013 0.257812
0.0474175 0.25775
0.0474338 0.257688
0.04745 0.257688
0.0474663 0.257625
0.0474825 0.257563
0.0474988 0.2575
0.047515 0.257437
0.0475313 0.257437
0.0475475 0.257375
0.0475638 0.257312
0.04758 0.25725
0.0475963 0.257188
0.0476125 0.257188
0.0476288 0.257125
0.047645 0.257063
0.0476613 0.257
0.0476775 0.256937
0.0476938 0.256937
0.04771 0.256875
0.0477263 0.256812
0.0477425 0.25675
0.0477588 0.256688
0.047775 0.256688
0.0477913 0.256625
0.0478075 0.256563
0.0478238 0.2565
0.04784 0.256437
0.0478563 0.256437
0.0478725 0.256375
0.0478888 0.256312
0.047905 0.25625
0.0479213 0.256188
0.0479375 0.256188
0.0479538 0.256125
0.04797 0.256063
0.0479863 0.256
0.0480025 0.255937
0.0480188 0.255937
0.048035 0.255875
0.0480513 0.255812
0.0480675 0.25575
0.0480838 0.255688
0.0481 0.255688
0.0481163 0.255625
0.0481325 0.255563
0.0481488 0.2555
0.048165 0.255437
0.0481813 0.255437
0.0481975 0.255375
0.0482138 0.255312
0.04823 0.25525
0.0482463 0.255188
0.0482625 0.255125
0.0482788 0.255125
0.048295 0.255063
0.0483113 0.255
0.0483275 0.254937
0.0483438 0.254875
0.04836 0.254875
0.0483763 0.254812
0.0483925 0.25475
0.0484088 0.254688
0.048425 0.254625
0.0484413 0.254563
0.0484575 0.254563
0.0484738 0.2545
0.04849 0.254437
0.0485063 0.254375
0.0485225 0.254312
0.0485388 0.25425
0.048555 0.25425
0.0485713 0.254188
0.0485875 0.254125
0.0486038 0.254063
0.04862 0.254
0.0486363 0.253937
0.0486525 0.253937
0.0486688 0.253875
0.048685 0.253812
0.0487013 0.25375
0.0487175 0.253688
0.0487338 0.253625
0.04875 0.253625
0.0487663 0.253563
0.0487825 0.2535
0.0487988 0.253437
0.048815 0.253375
0.0488313 0.253312
0.0488475 0.253312
0.0488638 0.25325
0.04888 0.253188
0.0488963 0.253125
0.0489125 0.253063
0.0489288 0.253
0.048945 0.253
0.0489613 0.252937
0.0489775 0.252875
0.0489938 0.252812
0.04901 0.25275
0.0490263 0.252688
0.0490425 0.252625
0.0490588 0.252625
0.049075 0.252563
0.0490913 0.2525
0.0491075 0.252437
0.0491238 0.252375
0.04914 0.252312
0.0491563 0.252312
0.0491725 0.25225
0.0491888 0.252188
0.049205 0.252125
0.0492213 0.252063
0.0492375 0.252
0.0492538 0.251937
0.04927 0.251937
0.0492863 0.251875
0.0493025 0.251812
0.0493188 0.25175
0.049335 0.251688
0.0493513 0.251625
0.0493675 0.251563
0.0493838 0.251563
0.0494 0.2515
0.0494163 0.251437
0.0494325 0.251375
0.0494488 0.251312
0.049465 0.25125
0.0494813 0.251188
0.0494975 0.251188
0.0495138 0.251125
0.04953 0.251063
0.0495463 0.251
0.0495625 0.250937
0.0495788 0.250875
0.049595 0.250812
0.0496113 0.25075
0.0496275 0.25075
0.0496438 0.250688
0.04966 0.250625
0.0496763 0.250563
0.0496925 0.2505
0.0497088 0.250437
0.049725 0.250375
0.0497413 0.250375
0.0497575 0.250312
0.0497738 0.25025
0.04979 0.250188
0.0498063 0.250125
0.0498225 0.250063
0.0498388 0.25
0.049855 0.249938
0.0498713 0.249938
0.0498875 0.249875
0.0499038 0.249812
0.04992 0.24975
0.0499363 0.249688
0.0499525 0.249625
0.0499688 0.249562
0.049985 0.2495
0.0500013 0.2495
0.0500175 0.249438
0.0500338 0.249375
0.05005 0.249312
0.0500663 0.24925
0.0500825 0.249188
0.0500988 0.249125
0.050115 0.249062
0.0501313 0.249
0.0501475 0.249
0.0501638 0.248938
0.05018 0.248875
0.0501963 0.248812
0.0502125 0.24875
0.0502288 0.248688
0.050245 0.248625
0.0502613 0.248562
0.0502775 0.2485
0.0502938 0.2485
0.05031 0.248438
0.0503263 0.248375
0.0503425 0.248312
0.0503588 0.24825
0.050375 0.248188
0.0503913 0.248125
0.0504075 0.248062
0.0504238 0.248
0.05044 0.248
0.0504563 0.247938
0.0504725 0.247875
0.0504888 0.247813
0.050505 0.24775
0.0505213 0.247688
0.0505375 0.247625
0.0505538 0.247563
0.05057 0.2475
0.0505863 0.247438
0.0506025 0.247438
0.0506188 0.247375
0.050635 0.247313
0.0506513 0.24725
0.0506675 0.247188
0.0506838 0.247125
0.0507 0.247063
0.0507163 0.247
0.0507325 0.246938
0.0507488 0.246875
0.050765 0.246813
0.0507813 0.246813
0.0507975 0.24675
0.0508138 0.246688
0.05083 0.246625
0.0508463 0.246563
0.0508625 0.2465
0.0508788 0.246438
0.050895 0.246375
0.0509113 0.246313
0.0509275 0.24625
0.0509438 0.246188
0.05096 0.246125
0.0509763 0.246125
0.0509925 0.246063
0.0510088 0.246
0.051025 0.245938
0.0510413 0.245875
0.0510575 0.245813
0.0510738 0.24575
0.05109 0.245688
0.0511063 0.245625
0.0511225 0.245563
0.0511388 0.2455
0.051155 0.245438
0.0511713 0.245438
0.0511875 0.245375
0.0512038 0.245313
0.05122 0.24525
0.0512363 0.245188
0.0512525 0.245125
0.0512688 0.245063
0.051285 0.245
0.0513013 0.244938
0.0513175 0.244875
0.0513338 0.244813
0.05135 0.24475
0.0513663 0.244688
0.0513825 0.244625
0.0513988 0.244625
0.051415 0.244563
0.0514313 0.2445
0.0514475 0.244438
0.0514638 0.244375
0.05148 0.244313
0.0514963 0.24425
0.0515125 0.244188
0.0515288 0.244125
0.051545 0.244063
0.0515613 0.244
0.0515775 0.243938
0.0515938 0.243875
0.05161 0.243813
0.0516263 0.24375
0.0516425 0.243688
0.0516588 0.243688
0.051675 0.243625
0.0516913 0.243563
0.0517075 0.2435
0.0517238 0.243438
0.05174 0.243375
0.0517563 0.243313
0.0517725 0.24325
0.0517888 0.243188
0.051805 0.243125
0.0518213 0.243063
0.0518375 0.243
0.0518538 0.242938
0.05187 0.242875
0.0518863 0.242813
0.0519025 0.24275
0.0519188 0.242688
0.051935 0.242625
0.0519513 0.242563
0.0519675 0.242563
0.0519838 0.2425
0.052 0.242438
0.0520163 0.242375
0.0520325 0.242313
0.0520488 0.24225
0.052065 0.242188
0.0520813 0.242125
0.0520975 0.242063
0.0521138 0.242
0.05213 0.241937
0.0521463 0.241875
0.0521625 0.241813
0.0521788 0.24175
0.052195 0.241687
0.0522113 0.241625
0.0522275 0.241563
0.0522438 0.2415
0.05226 0.241437
0.0522763 0.241375
0.0522925 0.241313
0.0523088 0.24125
0.052325 0.241187
0.0523413 0.241125
0.0523575 0.241063
0.0523738 0.241
0.05239 0.241
0.0524063 0.240937
0.0524225 0.240875
0.0524388 0.240813
0.052455 0.24075
0.0524713 0.240687
0.0524875 0.240625
0.0525038 0.240563
0.05252 0.2405
0.0525363 0.240437
0.0525525 0.240375
0.0525688 0.240313
0.052585 0.24025
0.0526013 0.240187
0.0526175 0.240125
0.0526338 0.240063
0.05265 0.24
0.0526663 0.239937
0.0526825 0.239875
0.0526988 0.239813
0.052715 0.23975
0.0527313 0.239687
0.0527475 0.239625
0.0527638 0.239563
0.05278 0.2395
0.0527963 0.239437
0.0528125 0.239375
0.0528288 0.239313
0.052845 0.23925
0.0528613 0.239187
0.0528775 0.239125
0.0528938 0.239063
0.05291 0.239
0.0529263 0.238937
0.0529425 0.238875
0.0529588 0.238813
0.052975 0.23875
0.0529913 0.238687
0.0530075 0.238625
0.0530238 0.238563
0.05304 0.2385
0.0530563 0.238437
0.0530725 0.238375
0.0530888 0.238313
0.053105 0.23825
0.0531213 0.238187
0.0531375 0.238125
0.0531538 0.238063
0.05317 0.238
0.0531863 0.237937
0.0532025 0.237875
0.0532188 0.237813
0.053235 0.23775
0.0532513 0.237687
0.0532675 0.237625
0.0532838 0.237563
0.0533 0.2375
0.0533163 0.237437
0.0533325 0.237375
0.0533488 0.237313
0.053365 0.23725
0.0533813 0.237187
0.0533975 0.237125
0.0534138 0.237063
0.05343 0.237
0.0534463 0.236937
0.0534625 0.236875
0.0534788 0.236813
0.053495 0.23675
0.0535113 0.236687
0.0535275 0.236625
0.0535438 0.236563
0.05356 0.2365
0.0535763 0.236437
0.0535925 0.236375
0.0536088 0.236313
0.053625 0.23625
0.0536413 0.236187
0.0536575 0.236125
0.0536738 0.236063
0.05369 0.236
0.0537063 0.235937
0.0537225 0.235875
0.0537388 0.235813
0.053755 0.23575
0.0537713 0.235687
0.0537875 0.235625
0.0538038 0.235563
0.05382 0.2355
0.0538363 0.235437
0.0538525 0.235375
0.0538688 0.235313
0.053885 0.23525
0.0539013 0.235187
0.0539175 0.235125
0.0539338 0.235063
0.05395 0.235
0.0539663 0.234937
0.0539825 0.234875
0.0539988 0.234813
0.054015 0.23475
0.0540313 0.234625
0.0540475 0.234563
0.0540638 0.2345
0.05408 0.234437
0.0540963 0.234375
0.0541125 0.234313
0.0541288 0.23425
0.054145 0.234187
0.0541613 0.234125
0.0541775 0.234063
0.0541938 0.234
0.05421 0.233937
0.0542263 0.233875
0.0542425 0.233813
0.0542588 0.23375
0.054275 0.233687
0.0542913 0.233625
0.0543075 0.233563
0.0543238 0.2335
0.05434 0.233437
0.0543563 0.233375
0.0543725 0.233313
0.0543888 0.23325
0.054405 0.233187
0.0544213 0.233125
0.0544375 0.233
0.0544538 0.232937
0.05447 0.232875
0.0544863 0.232813
0.0545025 0.23275
0.0545188 0.232687
0.054535 0.232625
0.0545513 0.232563
0.0545675 0.2325
0.0545838 0.232437
0.0546 0.232375
0.0546163 0.232313
0.0546325 0.23225
0.0546488 0.232187
0.054665 0.232125
0.0546813 0.232063
0.0546975 0.232
0.0547138 0.231938
0.05473 0.231875
0.0547463 0.23175
0.0547625 0.231688
0.0547788 0.231625
0.054795 0.231563
0.0548113 0.2315
0.0548275 0.231438
0.0548438 0.231375
0.05486 0.231313
0.0548763 0.23125
0.0548925 0.231188
0.0549088 0.231125
0.054925 0.231063
0.0549413 0.231
0.0549575 0.230938
0.0549738 0.230875
0.05499 0.23075
0.0550063 0.230688
0.0550225 0.230625
0.0550388 0.230563
0.055055 0.2305
0.0550713 0.230438
0.0550875 0.230375
0.0551038 0.230313
0.05512 0.23025
0.0551363 0.230188
0.0551525 0.230125
0.0551688 0.230063
0.055185 0.23
0.0552013 0.229938
0.0552175 0.229813
0.0552338 0.22975
0.05525 0.229688
0.0552663 0.229625
0.0552825 0.229563
0.0552988 0.2295
0.055315 0.229438
0.0553313 0.229375
0.0553475 0.229313
0.0553638 0.22925
0.05538 0.229188
0.0553963 0.229125
0.0554125 0.229
0.0554288 0.228938
0.055445 0.228875
0.0554613 0.228813
0.0554775 0.22875
0.0554938 0.228688
0.05551 0.228625
0.0555263 0.228563
0.0555425 0.2285
0.0555588 0.228438
0.055575 0.228375
0.0555913 0.22825
0.0556075 0.228188
0.0556238 0.228125
0.05564 0.228063
0.0556563 0.228
0.0556725 0.227938
0.0556888 0.227875
0.055705 0.227813
0.0557213 0.22775
0.0557375 0.227688
0.0557538 0.227563
0.05577 0.2275
0.0557863 0.227438
0.0558025 0.227375
0.0558188 0.227313
0.055835 0.22725
0.0558513 0.227188
0.0558675 0.227125
0.0558838 0.227063
0.0559 0.227
0.0559163 0.226875
0.0559325 0.226813
0.0559488 0.22675
0.055965 0.226688
0.0559813 0.226625
0.0559975 0.226562
0.0560138 0.2265
0.05603 0.226438
0.0560463 0.226375
0.0560625 0.22625
0.0560788 0.226188
0.056095 0.226125
0.0561113 0.226062
0.0561275 0.226
0.0561438 0.225938
0.05616 0.225875
0.0561763 0.225812
0.0561925 0.22575
0.0562088 0.225625
0.056225 0.225562
0.0562413 0.2255
0.0562575 0.225438
0.0562738 0.225375
0.05629 0.225312
0.0563063 0.22525
0.0563225 0.225188
0.0563388 0.225062
0.056355 0.225
0.0563713 0.224938
0.0563875 0.224875
0.0564038 0.224812
0.05642 0.22475
0.0564363 0.224688
0.0564525 0.224625
0.0564688 0.2245
0.056485 0.224438
0.0565013 0.224375
0.0565175 0.224312
0.0565338 0.22425
0.05655 0.224188
0.0565663 0.224125
0.0565825 0.224062
0.0565988 0.223938
0.056615 0.223875
0.0566313 0.223812
0.0566475 0.22375
0.0566638 0.223688
0.05668 0.223625
0.0566963 0.223562
0.0567125 0.223438
0.0567288 0.223375
0.056745 0.223312
0.0567613 0.22325
0.0567775 0.223188
0.0567938 0.223125
0.05681 0.223062
0.0568263 0.222938
0.0568425 0.222875
0.0568588 0.222812
0.056875 0.22275
0.0568913 0.222688
0.0569075 0.222625
0.0569238 0.222562
0.05694 0.222438
0.0569563 0.222375
0.0569725 0.222312
0.0569888 0.22225
0.057005 0.222188
0.0570213 0.222125
0.0570375 0.222062
0.0570538 0.221938
0.05707 0.221875
0.0570863 0.221812
0.0571025 0.22175
0.0571188 0.221688
0.057135 0.221625
0.0571513 0.2215
0.0571675 0.221438
0.0571838 0.221375
0.0572 0.221312
0.0572163 0.22125
0.0572325 0.221188
0.0572488 0.221062
0.057265 0.221
0.0572813 0.220938
0.0572975 0.220875
0.0573138 0.220812
0.05733 0.22075
0.0573463 0.220688
0.0573625 0.220562
0.0573788 0.2205
0.057395 0.220438
0.0574113 0.220375
0.0574275 0.220312
0.0574438 0.22025
0.05746 0.220125
0.0574763 0.220062
0.0574925 0.22
0.0575088 0.219938
0.057525 0.219875
0.0575413 0.21975
0.0575575 0.219688
0.0575738 0.219625
0.05759 0.219562
0.0576063 0.2195
0.0576225 0.219438
0.0576388 0.219312
0.057655 0.21925
0.0576713 0.219188
0.0576875 0.219125
0.0577038 0.219062
0.05772 0.219
0.0577363 0.218875
0.0577525 0.218812
0.0577688 0.21875
0.057785 0.218688
0.0578013 0.218625
0.0578175 0.2185
0.0578338 0.218438
0.05785 0.218375
0.0578663 0.218312
0.0578825 0.21825
0.0578988 0.218188
0.057915 0.218062
0.0579313 0.218
0.0579475 0.217938
0.0579638 0.217875
0.05798 0.217812
0.0579963 0.217688
0.0580125 0.217625
0.0580288 0.217562
0.058045 0.2175
0.0580613 0.217438
0.0580775 0.217312
0.0580938 0.21725
0.05811 0.217188
0.0581263 0.217125
0.0581425 0.217062
0.0581588 0.216938
0.058175 0.216875
0.0581913 0.216812
0.0582075 0.21675
0.0582238 0.216688
0.05824 0.216562
0.0582563 0.2165
0.0582725 0.216438
0.0582888 0.216375
0.058305 0.216312
0.0583213 0.216188
0.0583375 0.216125
0.0583538 0.216062
0.05837 0.216
0.0583863 0.215938
0.0584025 0.215813
0.0584188 0.21575
0.058435 0.215688
0.0584513 0.215625
0.0584675 0.2155
0.0584838 0.215438
0.0585 0.215375
0.0585163 0.215313
0.0585325 0.21525
0.0585488 0.215125
0.058565 0.215063
0.0585813 0.215
0.0585975 0.214938
0.0586138 0.214875
0.05863 0.21475
0.0586463 0.214688
0.0586625 0.214625
0.0586788 0.214563
0.058695 0.214438
0.0587113 0.214375
0.0587275 0.214313
0.0587438 0.21425
0.05876 0.214188
0.0587763 0.214063
0.0587925 0.214
0.0588088 0.213938
0.058825 0.213875
0.0588413 0.21375
0.0588575 0.213688
0.0588738 0.213625
0.05889 0.213563
0.0589063 0.213438
0.0589225 0.213375
0.0589388 0.213313
0.058955 0.21325
0.0589713 0.213188
0.0589875 0.213063
0.0590038 0.213
0.05902 0.212938
0.0590363 0.212875
0.0590525 0.21275
0.0590688 0.212688
0.059085 0.212625
0.0591013 0.212563
0.0591175 0.212438
0.0591338 0.212375
0.05915 0.212313
0.0591663 0.21225
0.0591825 0.212125
0.0591988 0.212063
0.059215 0.212
0.0592313 0.211938
0.0592475 0.211813
0.0592638 0.21175
0.05928 0.211688
0.0592963 0.211625
0.0593125 0.2115
0.0593288 0.211438
0.059345 0.211375
0.0593613 0.211313
0.0593775 0.211188
0.0593938 0.211125
0.05941 0.211063
0.0594263 0.211
0.0594425 0.210875
0.0594588 0.210813
0.059475 0.21075
0.0594913 0.210687
0.0595075 0.210563
0.0595238 0.2105
0.05954 0.210437
0.0595563 0.210375
0.0595725 0.21025
0.0595888 0.210187
0.059605 0.210125
0.0596213 0.210063
0.0596375 0.209937
0.0596538 0.209875
0.05967 0.209813
0.0596863 0.20975
0.0597025 0.209625
0.0597188 0.209563
0.059735 0.2095
0.0597513 0.209375
0.0597675 0.209313
0.0597838 0.20925
0.0598 0.209187
0.0598163 0.209063
0.0598325 0.209
0.0598488 0.208937
0.059865 0.208875
0.0598813 0.20875
0.0598975 0.208687
0.0599138 0.208625
0.05993 0.2085
0.0599463 0.208437
0.0599625 0.208375
0.0599788 0.208313
0.059995 0.208187
0.0600113 0.208125
0.0600275 0.208063
0.0600438 0.207937
0.06006 0.207875
0.0600763 0.207813
0.0600925 0.20775
0.0601088 0.207625
0.060125 0.207563
0.0601413 0.2075
0.0601575 0.207375
0.0601738 0.207313
0.06019 0.20725
0.0602063 0.207187
0.0602225 0.207063
0.0602388 0.207
0.060255 0.206937
0.0602713 0.206813
0.0602875 0.20675
0.0603038 0.206687
0.06032 0.206625
0.0603363 0.2065
0.0603525 0.206437
0.0603688 0.206375
0.060385 0.20625
0.0604013 0.206187
0.0604175 0.206125
0.0604338 0.206
0.06045 0.205937
0.0604663 0.205875
0.0604825 0.205813
0.0604988 0.205687
0.060515 0.205625
0.0605313 0.205563
0.0605475 0.205437
0.0605638 0.205375
0.06058 0.205313
0.0605963 0.205187
0.0606125 0.205125
0.0606288 0.205063
0.060645 0.204937
0.0606613 0.204875
0.0606775 0.204813
0.0606938 0.20475
0.06071 0.204625
0.0607263 0.204563
0.0607425 0.2045
0.0607588 0.204375
0.060775 0.204313
0.0607913 0.20425
0.0608075 0.204125
0.0608238 0.204063
0.06084 0.204
0.0608563 0.203875
0.0608725 0.203813
0.0608888 0.20375
0.060905 0.203625
0.0609213 0.203563
0.0609375 0.2035
0.0609538 0.203375
0.06097 0.203313
0.0609863 0.20325
0.0610025 0.203125
0.0610188 0.203063
0.061035 0.203
0.0610513 0.202875
0.0610675 0.202813
0.0610838 0.20275
0.0611 0.202625
0.0611163 0.202563
0.0611325 0.2025
0.0611488 0.202375
0.061165 0.202313
0.0611813 0.20225
0.0611975 0.202125
0.0612138 0.202063
0.06123 0.202
0.0612463 0.201875
0.0612625 0.201813
0.0612788 0.20175
0.061295 0.201625
0.0613113 0.201563
0.0613275 0.2015
0.0613438 0.201375
0.06136 0.201313
0.0613763 0.20125
0.0613925 0.201125
0.0614088 0.201063
0.061425 0.201
0.0614413 0.200875
0.0614575 0.200813
0.0614738 0.20075
0.06149 0.200625
0.0615063 0.200563
0.0615225 0.2005
0.0615388 0.200375
0.061555 0.200313
0.0615713 0.200187
0.0615875 0.200125
0.0616038 0.200063
0.06162 0.199938
0.0616363 0.199875
0.0616525 0.199813
0.0616688 0.199688
0.061685 0.199625
0.0617013 0.199563
0.0617175 0.199438
0.0617338 0.199375
0.06175 0.199313
0.0617663 0.199188
0.0617825 0.199125
0.0617988 0.199
0.061815 0.198938
0.0618313 0.198875
0.0618475 0.19875
0.0618638 0.198688
0.06188 0.198625
0.0618963 0.1985
0.0619125 0.198438
0.0619288 0.198375
0.061945 0.19825
0.0619613 0.198188
0.0619775 0.198063
0.0619938 0.198
0.06201 0.197938
0.0620263 0.197813
0.0620425 0.19775
0.0620588 0.197625
0.062075 0.197563
0.0620913 0.1975
0.0621075 0.197375
0.0621238 0.197313
0.06214 0.19725
0.0621563 0.197125
0.0621725 0.197063
0.0621888 0.196938
0.062205 0.196875
0.0622213 0.196813
0.0622375 0.196688
0.0622538 0.196625
0.06227 0.1965
0.0622863 0.196438
0.0623025 0.196375
0.0623188 0.19625
0.062335 0.196188
0.0623513 0.196125
0.0623675 0.196
0.0623838 0.195938
0.0624 0.195813
0.0624163 0.19575
0.0624325 0.195688
0.0624488 0.195563
0.062465 0.1955
0.0624813 0.195375
0.0624975 0.195312
0.0625138 0.19525
0.06253 0.195125
0.0625463 0.195062
0.0625625 0.194938
0.0625788 0.194875
0.062595 0.194812
0.0626113 0.194688
0.0626275 0.194625
0.0626438 0.1945
0.06266 0.194438
0.0626763 0.194375
0.0626925 0.19425
0.0627088 0.194188
0.062725 0.194062
0.0627413 0.194
0.0627575 0.193875
0.0627738 0.193812
0.06279 0.19375
0.0628063 0.193625
0.0628225 0.193562
0.0628388 0.193438
0.062855 0.193375
0.0628713 0.193312
0.0628875 0.193188
0.0629038 0.193125
0.06292 0.193
0.0629363 0.192938
0.0629525 0.192812
0.0629688 0.19275
0.062985 0.192688
0.0630013 0.192562
0.0630175 0.1925
0.0630338 0.192375
0.06305 0.192312
0.0630663 0.192188
0.0630825 0.192125
0.0630988 0.192062
0.063115 0.191938
0.0631313 0.191875
0.0631475 0.19175
0.0631638 0.191688
0.06318 0.191562
0.0631963 0.1915
0.0632125 0.191438
0.0632288 0.191312
0.063245 0.19125
0.0632613 0.191125
0.0632775 0.191062
0.0632938 0.190938
0.06331 0.190875
0.0633263 0.19075
0.0633425 0.190688
0.0633588 0.190625
0.063375 0.1905
0.0633913 0.190438
0.0634075 0.190312
0.0634238 0.19025
0.06344 0.190125
0.0634563 0.190062
0.0634725 0.189938
0.0634888 0.189875
0.063505 0.189812
0.0635213 0.189688
0.0635375 0.189625
0.0635538 0.1895
0.06357 0.189438
0.0635863 0.189312
0.0636025 0.18925
0.0636188 0.189125
0.063635 0.189062
0.0636513 0.188938
0.0636675 0.188875
0.0636838 0.188812
0.0637 0.188688
0.0637163 0.188625
0.0637325 0.1885
0.0637488 0.188438
0.063765 0.188312
0.0637813 0.18825
0.0637975 0.188125
0.0638138 0.188062
0.06383 0.187938
0.0638463 0.187875
0.0638625 0.18775
0.0638788 0.187688
0.063895 0.187562
0.0639113 0.1875
0.0639275 0.187438
0.0639438 0.187312
0.06396 0.18725
0.0639763 0.187125
0.0639925 0.187062
0.0640088 0.186938
0.064025 0.186875
0.0640413 0.18675
0.0640575 0.186688
0.0640738 0.186562
0.06409 0.1865
0.0641063 0.186375
0.0641225 0.186312
0.0641388 0.186188
0.064155 0.186125
0.0641713 0.186
0.0641875 0.185938
0.0642038 0.185812
0.06422 0.18575
0.0642363 0.185625
0.0642525 0.185562
0.0642688 0.185438
0.064285 0.185375
0.0643013 0.18525
0.0643175 0.185188
0.0643338 0.185062
0.06435 0.185
0.0643663 0.184875
0.0643825 0.184812
0.0643988 0.184688
0.064415 0.184625
0.0644313 0.1845
0.0644475 0.184438
0.0644638 0.184312
0.06448 0.18425
0.0644963 0.184125
0.0645125 0.184062
0.0645288 0.183938
0.064545 0.183875
0.0645613 0.18375
0.0645775 0.183688
0.0645938 0.183563
0.06461 0.1835
0.0646263 0.183375
0.0646425 0.183313
0.0646588 0.183188
0.064675 0.183125
0.0646913 0.183
0.0647075 0.182938
0.0647238 0.182813
0.06474 0.18275
0.0647563 0.182625
0.0647725 0.182563
0.0647888 0.182438
0.064805 0.182375
0.0648213 0.18225
0.0648375 0.182188
0.0648538 0.182063
0.06487 0.182
0.0648863 0.181875
0.0649025 0.18175
0.0649188 0.181688
0.064935 0.181563
0.0649513 0.1815
0.0649675 0.181375
0.0649838 0.181313
0.065 0.181188
0.0650163 0.181125
0.0650325 0.181
0.0650488 0.180938
0.065065 0.180813
0.0650813 0.18075
0.0650975 0.180625
0.0651138 0.180563
0.06513 0.180438
0.0651463 0.180313
0.0651625 0.18025
0.0651788 0.180125
0.065195 0.180063
0.0652113 0.179938
0.0652275 0.179875
0.0652438 0.17975
0.06526 0.179688
0.0652763 0.179563
0.0652925 0.1795
0.0653088 0.179375
0.065325 0.17925
0.0653413 0.179187
0.0653575 0.179063
0.0653738 0.179
0.06539 0.178875
0.0654063 0.178813
0.0654225 0.178687
0.0654388 0.178625
0.065455 0.1785
0.0654713 0.178375
0.0654875 0.178313
0.0655038 0.178187
0.06552 0.178125
0.0655363 0.178
0.0655525 0.177937
0.0655688 0.177813
0.065585 0.177687
0.0656013 0.177625
0.0656175 0.1775
0.0656338 0.177437
0.06565 0.177313
0.0656663 0.17725
0.0656825 0.177125
0.0656988 0.177
0.065715 0.176937
0.0657313 0.176813
0.0657475 0.17675
0.0657638 0.176625
0.06578 0.176563
0.0657963 0.176437
0.0658125 0.176313
0.0658288 0.17625
0.065845 0.176125
0.0658613 0.176063
0.0658775 0.175937
0.0658938 0.175875
0.06591 0.17575
0.0659263 0.175625
0.0659425 0.175563
0.0659588 0.175437
0.065975 0.175375
0.0659913 0.17525
0.0660075 0.175125
0.0660238 0.175063
0.06604 0.174937
0.0660563 0.174875
0.0660725 0.17475
0.0660888 0.174625
0.066105 0.174563
0.0661213 0.174437
0.0661375 0.174375
0.0661538 0.17425
0.06617 0.174125
0.0661863 0.174063
0.0662025 0.173937
0.0662188 0.173875
0.066235 0.17375
0.0662513 0.173625
0.0662675 0.173563
0.0662838 0.173437
0.0663 0.173375
0.0663163 0.17325
0.0663325 0.173125
0.0663488 0.173063
0.066365 0.172937
0.0663813 0.172875
0.0663975 0.17275
0.0664138 0.172625
0.06643 0.172563
0.0664463 0.172437
0.0664625 0.172313
0.0664788 0.17225
0.066495 0.172125
0.0665113 0.172063
0.0665275 0.171937
0.0665438 0.171813
0.06656 0.17175
0.0665763 0.171625
0.0665925 0.1715
0.0666088 0.171437
0.066625 0.171313
0.0666413 0.17125
0.0666575 0.171125
0.0666738 0.171
0.06669 0.170937
0.0667063 0.170813
0.0667225 0.170687
0.0667388 0.170625
0.066755 0.1705
0.0667713 0.170375
0.0667875 0.170313
0.0668038 0.170187
0.06682 0.170125
0.0668363 0.17
0.0668525 0.169875
0.0668688 0.169813
0.066885 0.169687
0.0669013 0.169563
0.0669175 0.1695
0.0669338 0.169375
0.06695 0.16925
0.0669663 0.169187
0.0669825 0.169063
0.0669988 0.168937
0.067015 0.168875
0.0670313 0.16875
0.0670475 0.168687
0.0670638 0.168563
0.06708 0.168437
0.0670963 0.168375
0.0671125 0.16825
0.0671288 0.168125
0.067145 0.168063
0.0671613 0.167938
0.0671775 0.167813
0.0671938 0.16775
0.06721 0.167625
0.0672263 0.1675
0.0672425 0.167438
0.0672588 0.167313
0.067275 0.167188
0.0672913 0.167125
0.0673075 0.167
0.0673238 0.166875
0.06734 0.166813
0.0673563 0.166688
0.0673725 0.166563
0.0673888 0.1665
0.067405 0.166375
0.0674213 0.16625
0.0674375 0.166125
0.0674538 0.166063
0.06747 0.165938
0.0674863 0.165813
0.0675025 0.16575
0.0675188 0.165625
0.067535 0.1655
0.0675513 0.165438
0.0675675 0.165313
0.0675838 0.165188
0.0676 0.165125
0.0676163 0.165
0.0676325 0.164875
0.0676488 0.164813
0.067665 0.164688
0.0676813 0.164563
0.0676975 0.164438
0.0677138 0.164375
0.06773 0.16425
0.0677463 0.164125
0.0677625 0.164062
0.0677788 0.163938
0.067795 0.163812
0.0678113 0.16375
0.0678275 0.163625
0.0678438 0.1635
0.06786 0.163375
0.0678763 0.163312
0.0678925 0.163188
0.0679088 0.163062
0.067925 0.163
0.0679413 0.162875
0.0679575 0.16275
0.0679738 0.162625
0.06799 0.162562
0.0680063 0.162438
0.0680225 0.162312
0.0680388 0.16225
0.068055 0.162125
0.0680713 0.162
0.0680875 0.161875
0.0681038 0.161812
0.06812 0.161688
0.0681363 0.161562
0.0681525 0.1615
0.0681688 0.161375
0.068185 0.16125
0.0682013 0.161125
0.0682175 0.161062
0.0682338 0.160938
0.06825 0.160812
0.0682663 0.160688
0.0682825 0.160625
0.0682988 0.1605
0.068315 0.160375
0.0683313 0.16025
0.0683475 0.160188
0.0683638 0.160062
0.06838 0.159938
0.0683963 0.159812
0.0684125 0.15975
0.0684288 0.159625
0.068445 0.1595
0.0684613 0.159375
0.0684775 0.159312
0.0684938 0.159188
0.06851 0.159062
0.0685263 0.158938
0.0685425 0.158875
0.0685588 0.15875
0.068575 0.158625
0.0685913 0.1585
0.0686075 0.158438
0.0686238 0.158312
0.06864 0.158188
0.0686563 0.158062
0.0686725 0.158
0.0686888 0.157875
0.068705 0.15775
0.0687213 0.157625
0.0687375 0.157562
0.0687538 0.157438
0.06877 0.157312
0.0687863 0.157188
0.0688025 0.157125
0.0688188 0.157
0.068835 0.156875
0.0688513 0.15675
0.0688675 0.156625
0.0688838 0.156562
0.0689 0.156438
0.0689163 0.156312
0.0689325 0.156188
0.0689488 0.156125
0.068965 0.156
0.0689813 0.155875
0.0689975 0.15575
0.0690138 0.155625
0.06903 0.155562
0.0690463 0.155438
0.0690625 0.155312
0.0690788 0.155188
0.069095 0.155062
0.0691113 0.155
0.0691275 0.154875
0.0691438 0.15475
0.06916 0.154625
0.0691763 0.1545
0.0691925 0.154438
0.0692088 0.154312
0.069225 0.154188
0.0692413 0.154062
0.0692575 0.153938
0.0692738 0.153875
0.06929 0.15375
0.0693063 0.153625
0.0693225 0.1535
0.0693388 0.153375
0.069355 0.153312
0.0693713 0.153188
0.0693875 0.153062
0.0694038 0.152938
0.06942 0.152812
0.0694363 0.15275
0.0694525 0.152625
0.0694688 0.1525
0.069485 0.152375
0.0695013 0.15225
0.0695175 0.152125
0.0695338 0.152062
0.06955 0.151938
0.0695663 0.151813
0.0695825 0.151688
0.0695988 0.151563
0.069615 0.151438
0.0696313 0.151375
0.0696475 0.15125
0.0696638 0.151125
0.06968 0.151
0.0696963 0.150875
0.0697125 0.15075
0.0697288 0.150688
0.069745 0.150563
0.0697613 0.150438
0.0697775 0.150313
0.0697938 0.150188
0.06981 0.150063
0.0698263 0.15
0.0698425 0.149875
0.0698588 0.14975
0.069875 0.149625
0.0698913 0.1495
0.0699075 0.149375
0.0699238 0.14925
0.06994 0.149188
0.0699563 0.149063
0.0699725 0.148938
0.0699888 0.148813
0.070005 0.148688
0.0700213 0.148563
0.0700375 0.148438
0.0700538 0.148375
0.07007 0.14825
0.0700863 0.148125
0.0701025 0.148
0.0701188 0.147875
0.070135 0.14775
0.0701513 0.147625
0.0701675 0.1475
0.0701838 0.147437
0.0702 0.147313
0.0702163 0.147187
0.0702325 0.147063
0.0702488 0.146937
0.070265 0.146813
0.0702813 0.146687
0.0702975 0.146563
0.0703138 0.1465
0.07033 0.146375
0.0703463 0.14625
0.0703625 0.146125
0.0703788 0.146
0.070395 0.145875
0.0704113 0.14575
0.0704275 0.145625
0.0704438 0.1455
0.07046 0.145437
0.0704763 0.145313
0.0704925 0.145187
0.0705088 0.145063
0.070525 0.144937
0.0705413 0.144813
0.0705575 0.144687
0.0705738 0.144563
0.07059 0.144437
0.0706063 0.144313
0.0706225 0.14425
0.0706388 0.144125
0.070655 0.144
0.0706713 0.143875
0.0706875 0.14375
0.0707038 0.143625
0.07072 0.1435
0.0707363 0.143375
0.0707525 0.14325
0.0707688 0.143125
0.070785 0.143
0.0708013 0.142875
0.0708175 0.142813
0.0708338 0.142687
0.07085 0.142563
0.0708663 0.142437
0.0708825 0.142313
0.0708988 0.142187
0.070915 0.142063
0.0709313 0.141937
0.0709475 0.141813
0.0709638 0.141687
0.07098 0.141563
0.0709963 0.141437
0.0710125 0.141313
0.0710288 0.141187
0.071045 0.141063
0.0710613 0.141
0.0710775 0.140875
0.0710938 0.14075
0.07111 0.140625
0.0711263 0.1405
0.0711425 0.140375
0.0711588 0.14025
0.071175 0.140125
0.0711913 0.14
0.0712075 0.139875
0.0712238 0.13975
0.07124 0.139625
0.0712563 0.1395
0.0712725 0.139375
0.0712888 0.13925
0.071305 0.139125
0.0713213 0.139
0.0713375 0.138875
0.0713538 0.13875
0.07137 0.138625
0.0713863 0.1385
0.0714025 0.138375
0.0714188 0.13825
0.071435 0.138125
0.0714513 0.138
0.0714675 0.137875
0.0714838 0.13775
0.0715 0.137687
0.0715163 0.137563
0.0715325 0.137437
0.0715488 0.137313
0.071565 0.137187
0.0715813 0.137063
0.0715975 0.136937
0.0716138 0.136813
0.07163 0.136687
0.0716463 0.136563
0.0716625 0.136437
0.0716788 0.136313
0.071695 0.136187
0.0717113 0.136063
0.0717275 0.135938
0.0717438 0.135813
0.07176 0.135688
0.0717763 0.135563
0.0717925 0.135438
0.0718088 0.135313
0.071825 0.135188
0.0718413 0.135063
0.0718575 0.134938
0.0718738 0.134813
0.07189 0.134688
0.0719063 0.134563
0.0719225 0.134438
0.0719388 0.13425
0.071955 0.134125
0.0719713 0.134
0.0719875 0.133875
0.0720038 0.13375
0.07202 0.133625
0.0720363 0.1335
0.0720525 0.133375
0.0720688 0.13325
0.072085 0.133125
0.0721013 0.133
0.0721175 0.132875
0.0721338 0.13275
0.07215 0.132625
0.0721663 0.1325
0.0721825 0.132375
0.0721988 0.13225
0.072215 0.132125
0.0722313 0.132
0.0722475 0.131875
0.0722638 0.13175
0.07228 0.131625
0.0722963 0.1315
0.0723125 0.131375
0.0723288 0.13125
0.072345 0.131125
0.0723613 0.130938
0.0723775 0.130812
0.0723938 0.130688
0.07241 0.130562
0.0724263 0.130438
0.0724425 0.130312
0.0724588 0.130188
0.072475 0.130062
0.0724913 0.129938
0.0725075 0.129812
0.0725238 0.129688
0.07254 0.129562
0.0725563 0.129438
0.0725725 0.129312
0.0725888 0.129188
0.072605 0.129
0.0726213 0.128875
0.0726375 0.12875
0.0726538 0.128625
0.07267 0.1285
0.0726863 0.128375
0.0727025 0.12825
0.0727188 0.128125
0.072735 0.128
0.0727513 0.127875
0.0727675 0.12775
0.0727838 0.127562
0.0728 0.127438
0.0728163 0.127312
0.0728325 0.127188
0.0728488 0.127062
0.072865 0.126938
0.0728813 0.126812
0.0728975 0.126688
0.0729138 0.126562
0.07293 0.126375
0.0729463 0.12625
0.0729625 0.126125
0.0729788 0.126
0.072995 0.125875
0.0730113 0.12575
0.0730275 0.125625
0.0730438 0.1255
0.07306 0.125375
0.0730763 0.125188
0.0730925 0.125062
0.0731088 0.124938
0.073125 0.124813
0.0731413 0.124688
0.0731575 0.124563
0.0731738 0.124438
0.07319 0.12425
0.0732063 0.124125
0.0732225 0.124
0.0732388 0.123875
0.073255 0.12375
0.0732713 0.123625
0.0732875 0.1235
0.0733038 0.123313
0.07332 0.123188
0.0733363 0.123063
0.0733525 0.122938
0.0733688 0.122813
0.073385 0.122688
0.0734013 0.122563
0.0734175 0.122375
0.0734338 0.12225
0.07345 0.122125
0.0734663 0.122
0.0734825 0.121875
0.0734988 0.12175
0.073515 0.121563
0.0735313 0.121438
0.0735475 0.121313
0.0735638 0.121188
0.07358 0.121063
0.0735963 0.120938
0.0736125 0.12075
0.0736288 0.120625
0.073645 0.1205
0.0736613 0.120375
0.0736775 0.12025
0.0736938 0.120063
0.07371 0.119938
0.0737263 0.119813
0.0737425 0.119688
0.0737588 0.119563
0.073775 0.119375
0.0737913 0.11925
0.0738075 0.119125
0.0738238 0.119
0.07384 0.118875
0.0738563 0.118688
0.0738725 0.118563
0.0738888 0.118438
0.073905 0.118313
0.0739213 0.118188
0.0739375 0.118
0.0739538 0.117875
0.07397 0.11775
0.0739863 0.117625
0.0740025 0.1175
0.0740188 0.117313
0.074035 0.117188
0.0740513 0.117062
0.0740675 0.116937
0.0740838 0.11675
0.0741 0.116625
0.0741163 0.1165
0.0741325 0.116375
0.0741488 0.116187
0.074165 0.116062
0.0741813 0.115937
0.0741975 0.115812
0.0742138 0.115625
0.07423 0.1155
0.0742463 0.115375
0.0742625 0.11525
0.0742788 0.115062
0.074295 0.114937
0.0743113 0.114812
0.0743275 0.114687
0.0743438 0.1145
0.07436 0.114375
0.0743763 0.11425
0.0743925 0.114125
0.0744088 0.113937
0.074425 0.113812
0.0744413 0.113687
0.0744575 0.113562
0.0744738 0.113375
0.07449 0.11325
0.0745063 0.113125
0.0745225 0.112937
0.0745388 0.112812
0.074555 0.112687
0.0745713 0.112562
0.0745875 0.112375
0.0746038 0.11225
0.07462 0.112125
0.0746363 0.111938
0.0746525 0.111813
0.0746688 0.111688
0.074685 0.111563
0.0747013 0.111375
0.0747175 0.11125
0.0747338 0.111125
0.07475 0.110938
0.0747663 0.110813
0.0747825 0.110688
0.0747988 0.1105
0.074815 0.110375
0.0748313 0.11025
0.0748475 0.110063
0.0748638 0.109938
0.07488 0.109813
0.0748963 0.109625
0.0749125 0.1095
0.0749288 0.109375
0.074945 0.109188
0.0749613 0.109063
0.0749775 0.108938
0.0749938 0.10875
0.07501 0.108625
0.0750263 0.1085
0.0750425 0.108313
0.0750588 0.108188
0.075075 0.108063
0.0750913 0.107875
0.0751075 0.10775
0.0751238 0.107625
0.07514 0.107438
0.0751563 0.107313
0.0751725 0.107188
0.0751888 0.107
0.075205 0.106875
0.0752213 0.10675
0.0752375 0.106563
0.0752538 0.106438
0.07527 0.10625
0.0752863 0.106125
0.0753025 0.106
0.0753188 0.105813
0.075335 0.105688
0.0753513 0.105563
0.0753675 0.105375
0.0753838 0.10525
0.0754 0.105063
0.0754163 0.104938
0.0754325 0.104813
0.0754488 0.104625
0.075465 0.1045
0.0754813 0.104313
0.0754975 0.104188
0.0755138 0.104063
0.07553 0.103875
0.0755463 0.10375
0.0755625 0.103563
0.0755788 0.103438
0.075595 0.103313
0.0756113 0.103125
0.0756275 0.103
0.0756438 0.102813
0.07566 0.102688
0.0756763 0.1025
0.0756925 0.102375
0.0757088 0.10225
0.075725 0.102063
0.0757413 0.101938
0.0757575 0.10175
0.0757738 0.101625
0.07579 0.101437
0.0758063 0.101312
0.0758225 0.101187
0.0758388 0.101
0.075855 0.100875
0.0758713 0.100687
0.0758875 0.100562
0.0759038 0.100375
0.07592 0.10025
0.0759363 0.100062
0.0759525 0.0999375
0.0759688 0.09975
0.075985 0.099625
0.0760013 0.0995
0.0760175 0.0993125
0.0760338 0.0991875
0.07605 0.099
0.0760663 0.098875
0.0760825 0.0986875
0.0760988 0.0985625
0.076115 0.098375
0.0761313 0.09825
0.0761475 0.0980625
0.0761638 0.0979375
0.07618 0.09775
0.0761963 0.097625
0.0762125 0.0974375
0.0762288 0.0973125
0.076245 0.097125
0.0762613 0.097
0.0762775 0.0968125
0.0762938 0.0966875
0.07631 0.0965
0.0763263 0.096375
0.0763425 0.0961875
0.0763588 0.0960625
0.076375 0.095875
0.0763913 0.09575
0.0764075 0.0955625
0.0764238 0.095375
0.07644 0.09525
0.0764563 0.0950625
0.0764725 0.0949375
0.0764888 0.09475
0.076505 0.094625
0.0765213 0.0944375
0.0765375 0.0943125
0.0765538 0.094125
0.07657 0.094
0.0765863 0.0938125
0.0766025 0.093625
0.0766188 0.0935
0.076635 0.0933125
0.0766513 0.0931875
0.0766675 0.093
0.0766838 0.092875
0.0767 0.0926875
0.0767163 0.0925
0.0767325 0.092375
0.0767488 0.0921875
0.076765 0.0920625
0.0767813 0.091875
0.0767975 0.09175
0.0768138 0.0915625
0.07683 0.091375
0.0768463 0.09125
0.0768625 0.0910625
0.0768788 0.0909375
0.076895 0.09075
0.0769113 0.0905625
0.0769275 0.0904375
0.0769438 0.09025
0.07696 0.0900625
0.0769763 0.0899375
0.0769925 0.08975
0.0770088 0.089625
0.077025 0.0894375
0.0770413 0.08925
0.0770575 0.089125
0.0770738 0.0889375
0.07709 0.08875
0.0771063 0.088625
0.0771225 0.0884375
0.0771388 0.08825
0.077155 0.088125
0.0771713 0.0879375
0.0771875 0.08775
0.0772038 0.087625
0.07722 0.0874375
0.0772363 0.08725
0.0772525 0.087125
0.0772688 0.0869375
0.077285 0.08675
0.0773013 0.086625
0.0773175 0.0864375
0.0773338 0.08625
0.07735 0.086125
0.0773663 0.0859375
0.0773825 0.08575
0.0773988 0.085625
0.077415 0.0854375
0.0774313 0.08525
0.0774475 0.085125
0.0774638 0.0849375
0.07748 0.08475
0.0774963 0.0845625
0.0775125 0.0844375
0.0775288 0.08425
0.077545 0.0840625
0.0775613 0.083875
0.0775775 0.08375
0.0775938 0.0835625
0.07761 0.083375
0.0776263 0.08325
0.0776425 0.0830625
0.0776588 0.082875
0.077675 0.0826875
0.0776913 0.0825625
0.0777075 0.082375
0.0777238 0.0821875
0.07774 0.082
0.0777563 0.0818125
0.0777725 0.0816875
0.0777888 0.0815
0.077805 0.0813125
0.0778213 0.081125
0.0778375 0.081
0.0778538 0.0808125
0.07787 0.080625
0.0778863 0.0804375
0.0779025 0.08025
0.0779188 0.080125
0.077935 0.0799375
0.0779513 0.07975
0.0779675 0.0795625
0.0779838 0.079375
0.078 0.0791875
0.0780163 0.0790625
0.0780325 0.078875
0.0780488 0.0786875
0.078065 0.0785
0.0780813 0.0783125
0.0780975 0.078125
0.0781138 0.078
0.07813 0.0778125
0.0781463 0.077625
0.0781625 0.0774375
0.0781788 0.07725
0.078195 0.0770625
0.0782113 0.076875
0.0782275 0.07675
0.0782438 0.0765625
0.07826 0.076375
0.0782763 0.0761875
0.0782925 0.076
0.0783088 0.0758125
0.078325 0.075625
0.0783413 0.0754375
0.0783575 0.07525
0.0783738 0.0750625
0.07839 0.0749375
0.0784063 0.07475
0.0784225 0.0745625
0.0784388 0.074375
0.078455 0.0741875
0.0784713 0.074
0.0784875 0.0738125
0.0785038 0.073625
0.07852 0.0734375
0.0785363 0.07325
0.0785525 0.0730625
0.0785688 0.072875
0.078585 0.0726875
0.0786013 0.0725
0.0786175 0.0723125
0.0786338 0.072125
0.07865 0.0719375
0.0786663 0.07175
0.0786825 0.0715625
0.0786988 0.071375
0.078715 0.0711875
0.0787313 0.071
0.0787475 0.0708125
0.0787638 0.070625
0.07878 0.0704375
0.0787963 0.07025
0.0788125 0.0700625
0.0788288 0.069875
0.078845 0.0696875
0.0788613 0.0695
0.0788775 0.0693125
0.0788938 0.069125
0.07891 0.0689375
0.0789263 0.06875
0.0789425 0.0685625
0.0789588 0.068375
0.078975 0.068125
0.0789913 0.0679375
0.0790075 0.06775
0.0790238 0.0675625
0.07904 0.067375
0.0790563 0.0671875
0.0790725 0.067
0.0790888 0.0668125
0.079105 0.066625
0.0791213 0.066375
0.0791375 0.0661875
0.0791538 0.066
0.07917 0.0658125
0.0791863 0.065625
0.0792025 0.0654375
0.0792188 0.0651875
0.079235 0.065
0.0792513 0.0648125
0.0792675 0.064625
0.0792838 0.0644375
0.0793 0.0641875
0.0793163 0.064
0.0793325 0.0638125
0.0793488 0.063625
0.079365 0.0634375
0.0793813 0.0631875
0.0793975 0.063
0.0794138 0.0628125
0.07943 0.062625
0.0794463 0.062375
0.0794625 0.0621875
0.0794788 0.062
0.079495 0.06175
0.0795113 0.0615625
0.0795275 0.061375
0.0795438 0.0611875
0.07956 0.0609375
0.0795763 0.06075
0.0795925 0.0605625
0.0796088 0.0603125
0.079625 0.060125
0.0796413 0.0599375
0.0796575 0.0596875
0.0796738 0.0595
0.07969 0.0593125
0.0797063 0.0590625
0.0797225 0.058875
0.0797388 0.058625
0.079755 0.0584375
0.0797713 0.05825
0.0797875 0.058
0.0798038 0.0578125
0.07982 0.0575625
0.0798363 0.057375
0.0798525 0.057125
0.0798688 0.0569375
0.079885 0.0566875
0.0799013 0.0565
0.0799175 0.05625
0.0799338 0.0560625
0.07995 0.0558125
0.0799663 0.055625
0.0799825 0.055375
0.0799988 0.0551875
0.080015 0.0549375
0.0800313 0.05475
0.0800475 0.0545
0.0800638 0.0543125
0.08008 0.0540625
0.0800963 0.0538125
0.0801125 0.053625
0.0801288 0.053375
0.080145 0.053125
0.0801613 0.0529375
0.0801775 0.0526875
0.0801938 0.0524375
0.08021 0.05225
0.0802263 0.052
0.0802425 0.05175
0.0802588 0.0515625
0.080275 0.0513125
0.0802913 0.0510625
0.0803075 0.0508125
0.0803238 0.050625
0.08034 0.050375
0.0803563 0.050125
0.0803725 0.049875
0.0803888 0.0496875
0.080405 0.0494375
0.0804213 0.0491875
0.0804375 0.0489375
0.0804538 0.0486875
0.08047 0.0484375
0.0804863 0.0481875
0.0805025 0.0479375
0.0805188 0.0476875
0.080535 0.0475
0.0805513 0.04725
0.0805675 0.047
0.0805838 0.04675
0.0806 0.0465
0.0806163 0.04625
0.0806325 0.0459375
0.0806488 0.0456875
0.080665 0.0454375
0.0806813 0.0451875
0.0806975 0.0449375
0.0807138 0.0446875
0.08073 0.0444375
0.0807463 0.0441875
0.0807625 0.043875
0.0807788 0.043625
0.080795 0.043375
0.0808113 0.043125
0.0808275 0.0428125
0.0808438 0.0425625
0.08086 0.0423125
0.0808763 0.042
0.0808925 0.04175
0.0809088 0.0415
0.080925 0.0411875
0.0809413 0.0409375
0.0809575 0.040625
0.0809738 0.040375
0.08099 0.0400625
0.0810063 0.0398125
0.0810225 0.0395
0.0810388 0.0391875
0.081055 0.0389375
0.0810713 0.038625
0.0810875 0.0383125
0.0811038 0.0380625
0.08112 0.03775
0.0811363 0.0374375
0.0811525 0.037125
0.0811688 0.0368125
0.081185 0.0365
0.0812013 0.0361875
0.0812175 0.035875
0.0812338 0.0355625
0.08125 0.03525
0.0812663 0.0349375
0.0812825 0.034625
0.0812988 0.0343125
0.081315 0.034
0.0813313 0.033625
0.0813475 0.0333125
0.0813638 0.0329375
0.08138 0.032625
0.0813963 0.03225
0.0814125 0.0319375
0.0814288 0.0315625
0.081445 0.0311875
0.0814613 0.030875
0.0814775 0.0305
0.0814938 0.030125
0.08151 0.02975
0.0815263 0.029375
0.0815425 0.029
0.0815588 0.0285625
0.081575 0.0281875
0.0815913 0.0278125
0.0816075 0.027375
0.0816238 0.0269375
0.08164 0.0265
0.0816563 0.026125
0.0816725 0.0256875
0.0816888 0.0251875
0.081705 0.02475
0.0817213 0.0243125
0.0817375 0.0238125
0.0817538 0.0233125
0.08177 0.0228125
0.0817863 0.0223125
0.0818025 0.02175
0.0818188 0.0211875
0.081835 0.020625
0.0818513 0.0200625
0.0818675 0.0194375
0.0818838 0.0188125
0.0819 0.0181875
0.0819163 0.0175
0.0819325 0.01675
0.0819488 0.016
0.081965 0.0151875
0.0819813 0.0143125
0.0819975 0.0133125
0.0820138 0.01225
0.08203 0.0110625
0.0820463 0.0096875
0.0820625 0.008
0.0820788 0.00575
0.082095 0
0.0821113 0
0.0821275 0
0.0821438 0
0.08216 0
0.0821763 0
0.0821925 0
0.0822088 0
0.082225 0
0.0822413 0
0.0822575 0
0.0822738 0
0.08229 0
0.0823063 0
0.0823225 0
0.0823388 0
0.082355 0
0.0823713 0
0.0823875 0
0.0824038 0
0.08242 0
0.0824363 0
0.0824525 0
0.0824688 0
0.082485 0
0.0825013 0
0.0825175 0
0.0825338 0
0.08255 0
0.0825663 0
0.0825825 0
0.0825988 0
0.082615 0
0.0826313 0
0.0826475 0
0.0826638 0
0.08268 0
0.0826963 0
0.0827125 0
0.0827288 0
0.082745 0
0.0827613 0
0.0827775 0
0.0827938 0
0.08281 0
0.0828263 0
0.0828425 0
0.0828588 0
0.082875 0
0.0828913 0
0.0829075 0
0.0829238 0
0.08294 0
0.0829563 0
0.0829725 0
0.0829888 0
0.083005 0
0.0830213 0
0.0830375 0
0.0830538 0
0.08307 0
0.0830863 0
0.0831025 0
0.0831188 0
0.083135 0
0.0831513 0
0.0831675 0
0.0831838 0
0.0832 0
0.0832163 0
0.0832325 0
0.0832488 0
0.083265 0
0.0832813 0
0.0832975 0
0.0833138 0
0.08333 0
0.0833463 0
0.0833625 0
0.0833788 0
0.083395 0
0.0834113 0
0.0834275 0
0.0834438 0
0.08346 0
0.0834763 0
0.0834925 0
0.0835088 0
0.083525 0
0.0835413 0
0.0835575 0
0.0835738 0
0.08359 0
0.0836063 0
0.0836225 0
0.0836388 0
0.083655 0
0.0836713 0
0.0836875 0
0.0837038 0
0.08372 0
0.0837363 0
0.0837525 0
0.0837688 0
0.083785 0
0.0838013 0
0.0838175 0
0.0838338 0
0.08385 0
0.0838663 0
0.0838825 0
0.0838988 0
0.083915 0
0.0839313 0
0.0839475 0
0.0839638 0
0.08398 0
0.0839963 0
0.0840125 0
0.0840288 0
0.084045 0
0.0840613 0
0.0840775 0
0.0840938 0
0.08411 0
0.0841263 0
0.0841425 0
0.0841588 0
0.084175 0
0.0841913 0
0.0842075 0
0.0842238 0
0.08424 0
0.0842563 0
0.0842725 0
0.0842888 0
0.084305 0
0.0843213 0
0.0843375 0
0.0843538 0
0.08437 0
0.0843863 0
0.0844025 0
0.0844188 0
0.084435 0
0.0844513 0
0.0844675 0
0.0844838 0
0.0845 0
0.0845163 0
0.0845325 0
0.0845488 0
0.084565 0
0.0845813 0
