0 0.07325
1.625e-05 0.0769375
3.25e-05 0.07975
4.875e-05 0.082125
6.5e-05 0.0841875
8.125e-05 0.086125
9.75e-05 0.087875
0.00011375 0.0895
0.00013 0.091
0.00014625 0.0924375
0.0001625 0.0938125
0.00017875 0.095125
0.000195 0.096375
0.00021125 0.0975625
0.0002275 0.09875
0.00024375 0.099875
0.00026 0.101
0.00027625 0.102063
0.0002925 0.103125
0.00030875 0.104125
0.000325 0.105125
0.00034125 0.106063
0.0003575 0.107
0.00037375 0.107875
0.00039 0.108813
0.00040625 0.109625
0.0004225 0.1105
0.00043875 0.111313
0.000455 0.112125
0.00047125 0.112937
0.0004875 0.11375
0.00050375 0.1145
0.00052 0.11525
0.00053625 0.116
0.0005525 0.11675
0.00056875 0.117438
0.000585 0.118188
0.00060125 0.118875
0.0006175 0.119563
0.00063375 0.12025
0.00065 0.120875
0.00066625 0.121563
0.0006825 0.12225
0.00069875 0.122875
0.000715 0.1235
0.00073125 0.124125
0.0007475 0.12475
0.00076375 0.125375
0.00078 0.126
0.00079625 0.126562
0.0008125 0.127188
0.00082875 0.12775
0.000845 0.128312
0.00086125 0.128875
0.0008775 0.129438
0.00089375 0.13
0.00091 0.130562
0.00092625 0.131125
0.0009425 0.131688
0.00095875 0.132188
0.000975 0.13275
0.00099125 0.13325
0.0010075 0.13375
0.00102375 0.134313
0.00104 0.134813
0.00105625 0.135313
0.0010725 0.135813
0.00108875 0.136313
0.001105 0.136813
0.00112125 0.137313
0.0011375 0.13775
0.00115375 0.13825
0.00117 0.138687
0.00118625 0.139187
0.0012025 0.139625
0.00121875 0.140125
0.001235 0.140563
0.00125125 0.141063
0.0012675 0.1415
0.00128375 0.141937
0.0013 0.142375
0.00131625 0.142813
0.0013325 0.14325
0.00134875 0.143687
0.001365 0.144125
0.00138125 0.144563
0.0013975 0.145
0.00141375 0.145437
0.00143 0.145875
0.00144625 0.14625
0.0014625 0.146687
0.00147875 0.147125
0.001495 0.1475
0.00151125 0.147937
0.0015275 0.148313
0.00154375 0.148688
0.00156 0.149125
0.00157625 0.1495
0.0015925 0.149875
0.00160875 0.150313
0.001625 0.150688
0.00164125 0.151063
0.0016575 0.151438
0.00167375 0.151813
0.00169 0.152188
0.00170625 0.152562
0.0017225 0.152938
0.00173875 0.153312
0.001755 0.153688
0.00177125 0.154062
0.0017875 0.154438
0.00180375 0.154812
0.00182 0.155125
0.00183625 0.1555
0.0018525 0.155875
0.00186875 0.15625
0.001885 0.156562
0.00190125 0.156938
0.0019175 0.15725
0.00193375 0.157625
0.00195 0.157938
0.00196625 0.158312
0.0019825 0.158625
0.00199875 0.159
0.002015 0.159312
0.00203125 0.159688
0.0020475 0.16
0.00206375 0.160312
0.00208 0.160688
0.00209625 0.161
0.0021125 0.161312
0.00212875 0.161625
0.002145 0.162
0.00216125 0.162312
0.0021775 0.162625
0.00219375 0.162938
0.00221 0.16325
0.00222625 0.163562
0.0022425 0.163875
0.00225875 0.164188
0.002275 0.1645
0.00229125 0.164813
0.0023075 0.165125
0.00232375 0.165438
0.00234 0.16575
0.00235625 0.166063
0.0023725 0.166313
0.00238875 0.166625
0.002405 0.166938
0.00242125 0.16725
0.0024375 0.167563
0.00245375 0.167813
0.00247 0.168125
0.00248625 0.168437
0.0025025 0.168687
0.00251875 0.169
0.002535 0.169313
0.00255125 0.169563
0.0025675 0.169875
0.00258375 0.170125
0.0026 0.170437
0.00261625 0.170687
0.0026325 0.171
0.00264875 0.17125
0.002665 0.171563
0.00268125 0.171813
0.0026975 0.172125
0.00271375 0.172375
0.00273 0.172625
0.00274625 0.172937
0.0027625 0.173187
0.00277875 0.1735
0.002795 0.17375
0.00281125 0.174
0.0028275 0.17425
0.00284375 0.174563
0.00286 0.174813
0.00287625 0.175063
0.0028925 0.175313
0.00290875 0.175625
0.002925 0.175875
0.00294125 0.176125
0.0029575 0.176375
0.00297375 0.176625
0.00299 0.176875
0.00300625 0.177125
0.0030225 0.177375
0.00303875 0.177625
0.003055 0.177937
0.00307125 0.178187
0.0030875 0.178437
0.00310375 0.178687
0.00312 0.178937
0.00313625 0.179187
0.0031525 0.179375
0.00316875 0.179625
0.003185 0.179875
0.00320125 0.180125
0.0032175 0.180375
0.00323375 0.180625
0.00325 0.180875
0.00326625 0.181125
0.0032825 0.181375
0.00329875 0.181563
0.003315 0.181813
0.00333125 0.182063
0.0033475 0.182313
0.00336375 0.1825
0.00338 0.18275
0.00339625 0.183
0.0034125 0.18325
0.00342875 0.183438
0.003445 0.183688
0.00346125 0.183938
0.0034775 0.184125
0.00349375 0.184375
0.00351 0.184625
0.00352625 0.184812
0.0035425 0.185062
0.00355875 0.185312
0.003575 0.1855
0.00359125 0.18575
0.0036075 0.185938
0.00362375 0.186188
0.00364 0.186438
0.00365625 0.186625
0.0036725 0.186875
0.00368875 0.187062
0.003705 0.187312
0.00372125 0.1875
0.0037375 0.18775
0.00375375 0.187938
0.00377 0.188125
0.00378625 0.188375
0.0038025 0.188562
0.00381875 0.188812
0.003835 0.189
0.00385125 0.18925
0.0038675 0.189438
0.00388375 0.189625
0.0039 0.189875
0.00391625 0.190062
0.0039325 0.19025
0.00394875 0.1905
0.003965 0.190688
0.00398125 0.190875
0.0039975 0.191125
0.00401375 0.191312
0.00403 0.1915
0.00404625 0.191688
0.0040625 0.191938
0.00407875 0.192125
0.004095 0.192312
0.00411125 0.1925
0.0041275 0.19275
0.00414375 0.192938
0.00416 0.193125
0.00417625 0.193312
0.0041925 0.1935
0.00420875 0.193688
0.004225 0.193938
0.00424125 0.194125
0.0042575 0.194312
0.00427375 0.1945
0.00429 0.194688
0.00430625 0.194875
0.0043225 0.195062
0.00433875 0.19525
0.004355 0.195438
0.00437125 0.195688
0.0043875 0.195875
0.00440375 0.196063
0.00442 0.19625
0.00443625 0.196438
0.0044525 0.196625
0.00446875 0.196813
0.004485 0.197
0.00450125 0.197188
0.0045175 0.197375
0.00453375 0.197563
0.00455 0.19775
0.00456625 0.197938
0.0045825 0.198125
0.00459875 0.19825
0.004615 0.198438
0.00463125 0.198625
0.0046475 0.198813
0.00466375 0.199
0.00468 0.199188
0.00469625 0.199375
0.0047125 0.199563
0.00472875 0.19975
0.004745 0.199938
0.00476125 0.200063
0.0047775 0.20025
0.00479375 0.200437
0.00481 0.200625
0.00482625 0.200813
0.0048425 0.201
0.00485875 0.201125
0.004875 0.201313
0.00489125 0.2015
0.0049075 0.201687
0.00492375 0.201813
0.00494 0.202
0.00495625 0.202187
0.0049725 0.202375
0.00498875 0.2025
0.005005 0.202687
0.00502125 0.202875
0.0050375 0.203063
0.00505375 0.203187
0.00507 0.203375
0.00508625 0.203563
0.0051025 0.203687
0.00511875 0.203875
0.005135 0.204063
0.00515125 0.204187
0.0051675 0.204375
0.00518375 0.204563
0.0052 0.204687
0.00521625 0.204875
0.0052325 0.205063
0.00524875 0.205187
0.005265 0.205375
0.00528125 0.205563
0.0052975 0.205687
0.00531375 0.205875
0.00533 0.206
0.00534625 0.206187
0.0053625 0.206313
0.00537875 0.2065
0.005395 0.206687
0.00541125 0.206813
0.0054275 0.207
0.00544375 0.207125
0.00546 0.207313
0.00547625 0.207437
0.0054925 0.207625
0.00550875 0.20775
0.005525 0.207937
0.00554125 0.208063
0.0055575 0.20825
0.00557375 0.208375
0.00559 0.208563
0.00560625 0.208687
0.0056225 0.208875
0.00563875 0.209
0.005655 0.209187
0.00567125 0.209313
0.0056875 0.209437
0.00570375 0.209625
0.00572 0.20975
0.00573625 0.209937
0.0057525 0.210063
0.00576875 0.21025
0.005785 0.210375
0.00580125 0.2105
0.0058175 0.210687
0.00583375 0.210813
0.00585 0.211
0.00586625 0.211125
0.0058825 0.21125
0.00589875 0.211438
0.005915 0.211563
0.00593125 0.211688
0.0059475 0.211875
0.00596375 0.212
0.00598 0.212125
0.00599625 0.212313
0.0060125 0.212438
0.00602875 0.212563
0.006045 0.21275
0.00606125 0.212875
0.0060775 0.213
0.00609375 0.213125
0.00611 0.213313
0.00612625 0.213438
0.0061425 0.213563
0.00615875 0.21375
0.006175 0.213875
0.00619125 0.214
0.0062075 0.214125
0.00622375 0.214313
0.00624 0.214438
0.00625625 0.214563
0.0062725 0.214688
0.00628875 0.214813
0.006305 0.215
0.00632125 0.215125
0.0063375 0.21525
0.00635375 0.215375
0.00637 0.2155
0.00638625 0.215688
0.0064025 0.215813
0.00641875 0.215938
0.006435 0.216062
0.00645125 0.216188
0.0064675 0.216312
0.00648375 0.2165
0.0065 0.216625
0.00651625 0.21675
0.0065325 0.216875
0.00654875 0.217
0.006565 0.217125
0.00658125 0.21725
0.0065975 0.217438
0.00661375 0.217562
0.00663 0.217688
0.00664625 0.217812
0.0066625 0.217938
0.00667875 0.218062
0.006695 0.218188
0.00671125 0.218312
0.0067275 0.218438
0.00674375 0.218562
0.00676 0.218688
0.00677625 0.218875
0.0067925 0.219
0.00680875 0.219125
0.006825 0.21925
0.00684125 0.219375
0.0068575 0.2195
0.00687375 0.219625
0.00689 0.21975
0.00690625 0.219875
0.0069225 0.22
0.00693875 0.220125
0.006955 0.22025
0.00697125 0.220375
0.0069875 0.2205
0.00700375 0.220625
0.00702 0.22075
0.00703625 0.220875
0.0070525 0.221
0.00706875 0.221125
0.007085 0.22125
0.00710125 0.221375
0.0071175 0.2215
0.00713375 0.221625
0.00715 0.22175
0.00716625 0.221875
0.0071825 0.221938
0.00719875 0.222062
0.007215 0.222188
0.00723125 0.222312
0.0072475 0.222438
0.00726375 0.222562
0.00728 0.222688
0.00729625 0.222812
0.0073125 0.222938
0.00732875 0.223062
0.007345 0.223188
0.00736125 0.223312
0.0073775 0.223375
0.00739375 0.2235
0.00741 0.223625
0.00742625 0.22375
0.0074425 0.223875
0.00745875 0.224
0.007475 0.224125
0.00749125 0.22425
0.0075075 0.224312
0.00752375 0.224438
0.00754 0.224562
0.00755625 0.224688
0.0075725 0.224812
0.00758875 0.224938
0.007605 0.225
0.00762125 0.225125
0.0076375 0.22525
0.00765375 0.225375
0.00767 0.2255
0.00768625 0.225562
0.0077025 0.225688
0.00771875 0.225812
0.007735 0.225938
0.00775125 0.226062
0.0077675 0.226125
0.00778375 0.22625
0.0078 0.226375
0.00781625 0.2265
0.0078325 0.226625
0.00784875 0.226688
0.007865 0.226813
0.00788125 0.226938
0.0078975 0.227063
0.00791375 0.227125
0.00793 0.22725
0.00794625 0.227375
0.0079625 0.2275
0.00797875 0.227563
0.007995 0.227688
0.00801125 0.227813
0.0080275 0.227938
0.00804375 0.228
0.00806 0.228125
0.00807625 0.22825
0.0080925 0.228313
0.00810875 0.228438
0.008125 0.228563
0.00814125 0.228625
0.0081575 0.22875
0.00817375 0.228875
0.00819 0.229
0.00820625 0.229063
0.0082225 0.229188
0.00823875 0.229313
0.008255 0.229375
0.00827125 0.2295
0.0082875 0.229625
0.00830375 0.229688
0.00832 0.229813
0.00833625 0.229938
0.0083525 0.23
0.00836875 0.230125
0.008385 0.230188
0.00840125 0.230313
0.0084175 0.230438
0.00843375 0.2305
0.00845 0.230625
0.00846625 0.23075
0.0084825 0.230813
0.00849875 0.230938
0.008515 0.231
0.00853125 0.231125
0.0085475 0.23125
0.00856375 0.231313
0.00858 0.231438
0.00859625 0.2315
0.0086125 0.231625
0.00862875 0.23175
0.008645 0.231813
0.00866125 0.231938
0.0086775 0.232
0.00869375 0.232125
0.00871 0.23225
0.00872625 0.232313
0.0087425 0.232437
0.00875875 0.2325
0.008775 0.232625
0.00879125 0.232687
0.0088075 0.232813
0.00882375 0.232875
0.00884 0.233
0.00885625 0.233125
0.0088725 0.233187
0.00888875 0.233313
0.008905 0.233375
0.00892125 0.2335
0.0089375 0.233563
0.00895375 0.233687
0.00897 0.23375
0.00898625 0.233875
0.0090025 0.233937
0.00901875 0.234063
0.009035 0.234125
0.00905125 0.23425
0.0090675 0.234313
0.00908375 0.234437
0.0091 0.2345
0.00911625 0.234625
0.0091325 0.234687
0.00914875 0.234813
0.009165 0.234875
0.00918125 0.235
0.0091975 0.235063
0.00921375 0.235187
0.00923 0.23525
0.00924625 0.235375
0.0092625 0.235437
0.00927875 0.2355
0.009295 0.235625
0.00931125 0.235687
0.0093275 0.235813
0.00934375 0.235875
0.00936 0.236
0.00937625 0.236063
0.0093925 0.236187
0.00940875 0.23625
0.009425 0.236313
0.00944125 0.236437
0.0094575 0.2365
0.00947375 0.236625
0.00949 0.236687
0.00950625 0.23675
0.0095225 0.236875
0.00953875 0.236937
0.009555 0.237063
0.00957125 0.237125
0.0095875 0.23725
0.00960375 0.237313
0.00962 0.237375
0.00963625 0.2375
0.0096525 0.237563
0.00966875 0.237625
0.009685 0.23775
0.00970125 0.237813
0.0097175 0.237937
0.00973375 0.238
0.00975 0.238063
0.00976625 0.238187
0.0097825 0.23825
0.00979875 0.238313
0.009815 0.238437
0.00983125 0.2385
0.0098475 0.238563
0.00986375 0.238687
0.00988 0.23875
0.00989625 0.238813
0.0099125 0.238937
0.00992875 0.239
0.009945 0.239125
0.00996125 0.239187
0.0099775 0.23925
0.00999375 0.239313
0.01001 0.239437
0.0100263 0.2395
0.0100425 0.239563
0.0100588 0.239687
0.010075 0.23975
0.0100913 0.239813
0.0101075 0.239937
0.0101238 0.24
0.01014 0.240063
0.0101563 0.240187
0.0101725 0.24025
0.0101888 0.240313
0.010205 0.240375
0.0102213 0.2405
0.0102375 0.240563
0.0102538 0.240625
0.01027 0.24075
0.0102863 0.240813
0.0103025 0.240875
0.0103188 0.240937
0.010335 0.241063
0.0103513 0.241125
0.0103675 0.241187
0.0103838 0.24125
0.0104 0.241375
0.0104163 0.241437
0.0104325 0.2415
0.0104488 0.241563
0.010465 0.241687
0.0104813 0.24175
0.0104975 0.241813
0.0105138 0.241875
0.01053 0.242
0.0105463 0.242063
0.0105625 0.242125
0.0105788 0.242188
0.010595 0.242313
0.0106113 0.242375
0.0106275 0.242438
0.0106438 0.2425
0.01066 0.242563
0.0106763 0.242688
0.0106925 0.24275
0.0107088 0.242813
0.010725 0.242875
0.0107413 0.243
0.0107575 0.243063
0.0107738 0.243125
0.01079 0.243188
0.0108063 0.24325
0.0108225 0.243313
0.0108388 0.243438
0.010855 0.2435
0.0108713 0.243563
0.0108875 0.243625
0.0109038 0.243688
0.01092 0.243813
0.0109363 0.243875
0.0109525 0.243938
0.0109688 0.244
0.010985 0.244063
0.0110013 0.244125
0.0110175 0.24425
0.0110338 0.244313
0.01105 0.244375
0.0110663 0.244438
0.0110825 0.2445
0.0110988 0.244563
0.011115 0.244625
0.0111313 0.24475
0.0111475 0.244813
0.0111638 0.244875
0.01118 0.244938
0.0111963 0.245
0.0112125 0.245063
0.0112288 0.245125
0.011245 0.24525
0.0112613 0.245313
0.0112775 0.245375
0.0112938 0.245438
0.01131 0.2455
0.0113263 0.245563
0.0113425 0.245625
0.0113588 0.245688
0.011375 0.24575
0.0113913 0.245875
0.0114075 0.245938
0.0114238 0.246
0.01144 0.246063
0.0114563 0.246125
0.0114725 0.246188
0.0114888 0.24625
0.011505 0.246313
0.0115213 0.246375
0.0115375 0.246438
0.0115538 0.2465
0.01157 0.246625
0.0115863 0.246688
0.0116025 0.24675
0.0116188 0.246813
0.011635 0.246875
0.0116513 0.246938
0.0116675 0.247
0.0116838 0.247063
0.0117 0.247125
0.0117163 0.247188
0.0117325 0.24725
0.0117488 0.247313
0.011765 0.247375
0.0117813 0.247438
0.0117975 0.2475
0.0118138 0.247625
0.01183 0.247688
0.0118463 0.24775
0.0118625 0.247813
0.0118788 0.247875
0.011895 0.247938
0.0119113 0.248
0.0119275 0.248062
0.0119438 0.248125
0.01196 0.248188
0.0119763 0.24825
0.0119925 0.248312
0.0120088 0.248375
0.012025 0.248438
0.0120413 0.2485
0.0120575 0.248562
0.0120738 0.248625
0.01209 0.248688
0.0121063 0.24875
0.0121225 0.248812
0.0121388 0.248875
0.012155 0.248938
0.0121713 0.249
0.0121875 0.249062
0.0122038 0.249125
0.01222 0.249188
0.0122363 0.24925
0.0122525 0.249312
0.0122688 0.249375
0.012285 0.249438
0.0123013 0.2495
0.0123175 0.249562
0.0123338 0.249625
0.01235 0.249688
0.0123663 0.24975
0.0123825 0.249812
0.0123988 0.249875
0.012415 0.249938
0.0124313 0.25
0.0124475 0.250063
0.0124638 0.250125
0.01248 0.250188
0.0124963 0.25025
0.0125125 0.25025
0.0125288 0.250312
0.012545 0.250375
0.0125613 0.250437
0.0125775 0.2505
0.0125938 0.250563
0.01261 0.250625
0.0126263 0.250688
0.0126425 0.25075
0.0126588 0.250812
0.012675 0.250875
0.0126913 0.250937
0.0127075 0.251
0.0127238 0.251063
0.01274 0.251125
0.0127563 0.251188
0.0127725 0.251188
0.0127888 0.25125
0.012805 0.251312
0.0128213 0.251375
0.0128375 0.251437
0.0128538 0.2515
0.01287 0.251563
0.0128863 0.251625
0.0129025 0.251688
0.0129188 0.25175
0.012935 0.251812
0.0129513 0.251812
0.0129675 0.251875
0.0129838 0.251937
0.013 0.252
0.0130163 0.252063
0.0130325 0.252125
0.0130488 0.252188
0.013065 0.25225
0.0130813 0.252312
0.0130975 0.252375
0.0131138 0.252375
0.01313 0.252437
0.0131463 0.2525
0.0131625 0.252563
0.0131788 0.252625
0.013195 0.252688
0.0132113 0.25275
0.0132275 0.252812
0.0132438 0.252812
0.01326 0.252875
0.0132763 0.252937
0.0132925 0.253
0.0133088 0.253063
0.013325 0.253125
0.0133413 0.253188
0.0133575 0.253188
0.0133738 0.25325
0.01339 0.253312
0.0134063 0.253375
0.0134225 0.253437
0.0134388 0.2535
0.013455 0.253563
0.0134713 0.253563
0.0134875 0.253625
0.0135038 0.253688
0.01352 0.25375
0.0135363 0.253812
0.0135525 0.253875
0.0135688 0.253875
0.013585 0.253937
0.0136013 0.254
0.0136175 0.254063
0.0136338 0.254125
0.01365 0.254125
0.0136663 0.254188
0.0136825 0.25425
0.0136988 0.254312
0.013715 0.254375
0.0137313 0.254437
0.0137475 0.254437
0.0137638 0.2545
0.01378 0.254563
0.0137963 0.254625
0.0138125 0.254688
0.0138288 0.254688
0.013845 0.25475
0.0138613 0.254812
0.0138775 0.254875
0.0138938 0.254937
0.01391 0.254937
0.0139263 0.255
0.0139425 0.255063
0.0139588 0.255125
0.013975 0.255188
0.0139913 0.255188
0.0140075 0.25525
0.0140238 0.255312
0.01404 0.255375
0.0140563 0.255375
0.0140725 0.255437
0.0140888 0.2555
0.014105 0.255563
0.0141213 0.255625
0.0141375 0.255625
0.0141538 0.255688
0.01417 0.25575
0.0141863 0.255812
0.0142025 0.255812
0.0142188 0.255875
0.014235 0.255937
0.0142513 0.256
0.0142675 0.256
0.0142838 0.256063
0.0143 0.256125
0.0143163 0.256188
0.0143325 0.256188
0.0143488 0.25625
0.014365 0.256312
0.0143813 0.256375
0.0143975 0.256375
0.0144138 0.256437
0.01443 0.2565
0.0144463 0.256563
0.0144625 0.256563
0.0144788 0.256625
0.014495 0.256688
0.0145113 0.25675
0.0145275 0.25675
0.0145438 0.256812
0.01456 0.256875
0.0145763 0.256875
0.0145925 0.256937
0.0146088 0.257
0.014625 0.257063
0.0146413 0.257063
0.0146575 0.257125
0.0146738 0.257188
0.01469 0.257188
0.0147063 0.25725
0.0147225 0.257312
0.0147388 0.257375
0.014755 0.257375
0.0147713 0.257437
0.0147875 0.2575
0.0148038 0.2575
0.01482 0.257563
0.0148363 0.257625
0.0148525 0.257688
0.0148688 0.257688
0.014885 0.25775
0.0149013 0.257812
0.0149175 0.257812
0.0149338 0.257875
0.01495 0.257937
0.0149663 0.257937
0.0149825 0.258
0.0149988 0.258063
0.015015 0.258063
0.0150313 0.258125
0.0150475 0.258188
0.0150638 0.258188
0.01508 0.25825
0.0150963 0.258313
0.0151125 0.258313
0.0151288 0.258375
0.015145 0.258437
0.0151613 0.258437
0.0151775 0.2585
0.0151938 0.258563
0.01521 0.258563
0.0152263 0.258625
0.0152425 0.258688
0.0152588 0.258688
0.015275 0.25875
0.0152913 0.258813
0.0153075 0.258813
0.0153238 0.258875
0.01534 0.258937
0.0153563 0.258937
0.0153725 0.259
0.0153888 0.259063
0.015405 0.259063
0.0154213 0.259125
0.0154375 0.259188
0.0154538 0.259188
0.01547 0.25925
0.0154863 0.25925
0.0155025 0.259313
0.0155188 0.259375
0.015535 0.259375
0.0155513 0.259437
0.0155675 0.2595
0.0155838 0.2595
0.0156 0.259563
0.0156163 0.259625
0.0156325 0.259625
0.0156488 0.259688
0.015665 0.259688
0.0156813 0.25975
0.0156975 0.259813
0.0157138 0.259813
0.01573 0.259875
0.0157463 0.259875
0.0157625 0.259937
0.0157788 0.26
0.015795 0.26
0.0158113 0.260063
0.0158275 0.260125
0.0158438 0.260125
0.01586 0.260188
0.0158763 0.260188
0.0158925 0.26025
0.0159088 0.260313
0.015925 0.260313
0.0159413 0.260375
0.0159575 0.260375
0.0159738 0.260437
0.01599 0.260437
0.0160063 0.2605
0.0160225 0.260563
0.0160388 0.260563
0.016055 0.260625
0.0160713 0.260625
0.0160875 0.260688
0.0161038 0.26075
0.01612 0.26075
0.0161363 0.260813
0.0161525 0.260813
0.0161688 0.260875
0.016185 0.260875
0.0162013 0.260937
0.0162175 0.261
0.0162338 0.261
0.01625 0.261063
0.0162663 0.261063
0.0162825 0.261125
0.0162988 0.261125
0.016315 0.261188
0.0163313 0.26125
0.0163475 0.26125
0.0163638 0.261313
0.01638 0.261313
0.0163963 0.261375
0.0164125 0.261375
0.0164288 0.261437
0.016445 0.261437
0.0164613 0.2615
0.0164775 0.261563
0.0164938 0.261563
0.01651 0.261625
0.0165263 0.261625
0.0165425 0.261688
0.0165588 0.261688
0.016575 0.26175
0.0165913 0.26175
0.0166075 0.261813
0.0166238 0.261813
0.01664 0.261875
0.0166563 0.261937
0.0166725 0.261937
0.0166888 0.262
0.016705 0.262
0.0167213 0.262063
0.0167375 0.262063
0.0167538 0.262125
0.01677 0.262125
0.0167863 0.262188
0.0168025 0.262188
0.0168188 0.26225
0.016835 0.26225
0.0168513 0.262313
0.0168675 0.262313
0.0168838 0.262375
0.0169 0.262375
0.0169163 0.262437
0.0169325 0.262437
0.0169488 0.2625
0.016965 0.2625
0.0169813 0.262563
0.0169975 0.262563
0.0170138 0.262625
0.01703 0.262625
0.0170463 0.262688
0.0170625 0.262688
0.0170788 0.26275
0.017095 0.26275
0.0171113 0.262813
0.0171275 0.262813
0.0171438 0.262875
0.01716 0.262875
0.0171763 0.262937
0.0171925 0.262937
0.0172088 0.263
0.017225 0.263
0.0172413 0.263063
0.0172575 0.263063
0.0172738 0.263125
0.01729 0.263125
0.0173063 0.263188
0.0173225 0.263188
0.0173388 0.26325
0.017355 0.26325
0.0173713 0.263313
0.0173875 0.263313
0.0174038 0.263375
0.01742 0.263375
0.0174363 0.263437
0.0174525 0.263437
0.0174688 0.2635
0.017485 0.2635
0.0175013 0.263563
0.0175175 0.263563
0.0175338 0.263563
0.01755 0.263625
0.0175663 0.263625
0.0175825 0.263688
0.0175988 0.263688
0.017615 0.26375
0.0176313 0.26375
0.0176475 0.263813
0.0176638 0.263813
0.01768 0.263875
0.0176963 0.263875
0.0177125 0.263875
0.0177288 0.263937
0.017745 0.263937
0.0177613 0.264
0.0177775 0.264
0.0177938 0.264062
0.01781 0.264062
0.0178263 0.264125
0.0178425 0.264125
0.0178588 0.264125
0.017875 0.264188
0.0178913 0.264188
0.0179075 0.26425
0.0179238 0.26425
0.01794 0.264313
0.0179563 0.264313
0.0179725 0.264375
0.0179888 0.264375
0.018005 0.264375
0.0180213 0.264437
0.0180375 0.264437
0.0180538 0.2645
0.01807 0.2645
0.0180863 0.264562
0.0181025 0.264562
0.0181188 0.264562
0.018135 0.264625
0.0181513 0.264625
0.0181675 0.264688
0.0181838 0.264688
0.0182 0.264688
0.0182163 0.26475
0.0182325 0.26475
0.0182488 0.264813
0.018265 0.264813
0.0182813 0.264813
0.0182975 0.264875
0.0183138 0.264875
0.01833 0.264937
0.0183463 0.264937
0.0183625 0.265
0.0183788 0.265
0.018395 0.265
0.0184113 0.265062
0.0184275 0.265062
0.0184438 0.265125
0.01846 0.265125
0.0184763 0.265125
0.0184925 0.265188
0.0185088 0.265188
0.018525 0.265188
0.0185413 0.26525
0.0185575 0.26525
0.0185738 0.265313
0.01859 0.265313
0.0186063 0.265313
0.0186225 0.265375
0.0186388 0.265375
0.018655 0.265437
0.0186713 0.265437
0.0186875 0.265437
0.0187038 0.2655
0.01872 0.2655
0.0187363 0.2655
0.0187525 0.265562
0.0187688 0.265562
0.018785 0.265625
0.0188013 0.265625
0.0188175 0.265625
0.0188338 0.265688
0.01885 0.265688
0.0188663 0.265688
0.0188825 0.26575
0.0188988 0.26575
0.018915 0.265813
0.0189313 0.265813
0.0189475 0.265813
0.0189638 0.265875
0.01898 0.265875
0.0189963 0.265875
0.0190125 0.265937
0.0190288 0.265937
0.019045 0.265937
0.0190613 0.266
0.0190775 0.266
0.0190938 0.266
0.01911 0.266062
0.0191263 0.266062
0.0191425 0.266062
0.0191588 0.266125
0.019175 0.266125
0.0191913 0.266188
0.0192075 0.266188
0.0192238 0.266188
0.01924 0.26625
0.0192563 0.26625
0.0192725 0.26625
0.0192888 0.266313
0.019305 0.266313
0.0193213 0.266313
0.0193375 0.266375
0.0193538 0.266375
0.01937 0.266375
0.0193863 0.266437
0.0194025 0.266437
0.0194188 0.266437
0.019435 0.2665
0.0194513 0.2665
0.0194675 0.2665
0.0194838 0.266562
0.0195 0.266562
0.0195163 0.266562
0.0195325 0.266625
0.0195488 0.266625
0.019565 0.266625
0.0195813 0.266625
0.0195975 0.266688
0.0196138 0.266688
0.01963 0.266688
0.0196463 0.26675
0.0196625 0.26675
0.0196788 0.26675
0.019695 0.266813
0.0197113 0.266813
0.0197275 0.266813
0.0197438 0.266875
0.01976 0.266875
0.0197763 0.266875
0.0197925 0.266937
0.0198088 0.266937
0.019825 0.266937
0.0198413 0.266937
0.0198575 0.267
0.0198738 0.267
0.01989 0.267
0.0199063 0.267062
0.0199225 0.267062
0.0199388 0.267062
0.019955 0.267062
0.0199713 0.267125
0.0199875 0.267125
0.0200038 0.267125
0.02002 0.267188
0.0200363 0.267188
0.0200525 0.267188
0.0200688 0.26725
0.020085 0.26725
0.0201013 0.26725
0.0201175 0.26725
0.0201338 0.267313
0.02015 0.267313
0.0201663 0.267313
0.0201825 0.267375
0.0201988 0.267375
0.020215 0.267375
0.0202313 0.267375
0.0202475 0.267437
0.0202638 0.267437
0.02028 0.267437
0.0202963 0.267437
0.0203125 0.2675
0.0203288 0.2675
0.020345 0.2675
0.0203613 0.267562
0.0203775 0.267562
0.0203938 0.267562
0.02041 0.267562
0.0204263 0.267625
0.0204425 0.267625
0.0204588 0.267625
0.020475 0.267625
0.0204913 0.267688
0.0205075 0.267688
0.0205238 0.267688
0.02054 0.267688
0.0205563 0.26775
0.0205725 0.26775
0.0205888 0.26775
0.020605 0.26775
0.0206213 0.267813
0.0206375 0.267813
0.0206538 0.267813
0.02067 0.267813
0.0206863 0.267875
0.0207025 0.267875
0.0207188 0.267875
0.020735 0.267875
0.0207513 0.267937
0.0207675 0.267937
0.0207838 0.267937
0.0208 0.267937
0.0208163 0.268
0.0208325 0.268
0.0208488 0.268
0.020865 0.268
0.0208813 0.268062
0.0208975 0.268062
0.0209138 0.268062
0.02093 0.268062
0.0209463 0.268125
0.0209625 0.268125
0.0209788 0.268125
0.020995 0.268125
0.0210113 0.268125
0.0210275 0.268188
0.0210438 0.268188
0.02106 0.268188
0.0210763 0.268188
0.0210925 0.26825
0.0211088 0.26825
0.021125 0.26825
0.0211413 0.26825
0.0211575 0.26825
0.0211738 0.268313
0.02119 0.268313
0.0212063 0.268313
0.0212225 0.268313
0.0212388 0.268375
0.021255 0.268375
0.0212713 0.268375
0.0212875 0.268375
0.0213038 0.268375
0.02132 0.268437
0.0213363 0.268437
0.0213525 0.268437
0.0213688 0.268437
0.021385 0.268437
0.0214013 0.2685
0.0214175 0.2685
0.0214338 0.2685
0.02145 0.2685
0.0214663 0.2685
0.0214825 0.268562
0.0214988 0.268562
0.021515 0.268562
0.0215313 0.268562
0.0215475 0.268562
0.0215638 0.268625
0.02158 0.268625
0.0215963 0.268625
0.0216125 0.268625
0.0216288 0.268625
0.021645 0.268688
0.0216613 0.268688
0.0216775 0.268688
0.0216938 0.268688
0.02171 0.268688
0.0217263 0.26875
0.0217425 0.26875
0.0217588 0.26875
0.021775 0.26875
0.0217913 0.26875
0.0218075 0.26875
0.0218238 0.268813
0.02184 0.268813
0.0218563 0.268813
0.0218725 0.268813
0.0218888 0.268813
0.021905 0.268875
0.0219213 0.268875
0.0219375 0.268875
0.0219538 0.268875
0.02197 0.268875
0.0219863 0.268875
0.0220025 0.268937
0.0220188 0.268937
0.022035 0.268937
0.0220513 0.268937
0.0220675 0.268937
0.0220838 0.268937
0.0221 0.269
0.0221163 0.269
0.0221325 0.269
0.0221488 0.269
0.022165 0.269
0.0221813 0.269
0.0221975 0.269062
0.0222138 0.269062
0.02223 0.269062
0.0222463 0.269062
0.0222625 0.269062
0.0222788 0.269062
0.022295 0.269125
0.0223113 0.269125
0.0223275 0.269125
0.0223438 0.269125
0.02236 0.269125
0.0223763 0.269125
0.0223925 0.269125
0.0224088 0.269188
0.022425 0.269188
0.0224413 0.269188
0.0224575 0.269188
0.0224738 0.269188
0.02249 0.269188
0.0225063 0.26925
0.0225225 0.26925
0.0225388 0.26925
0.022555 0.26925
0.0225713 0.26925
0.0225875 0.26925
0.0226038 0.26925
0.02262 0.26925
0.0226363 0.269313
0.0226525 0.269313
0.0226688 0.269313
0.022685 0.269313
0.0227013 0.269313
0.0227175 0.269313
0.0227338 0.269313
0.02275 0.269375
0.0227663 0.269375
0.0227825 0.269375
0.0227988 0.269375
0.022815 0.269375
0.0228313 0.269375
0.0228475 0.269375
0.0228638 0.269375
0.02288 0.269437
0.0228963 0.269437
0.0229125 0.269437
0.0229288 0.269437
0.022945 0.269437
0.0229613 0.269437
0.0229775 0.269437
0.0229938 0.269437
0.02301 0.2695
0.0230263 0.2695
0.0230425 0.2695
0.0230588 0.2695
0.023075 0.2695
0.0230913 0.2695
0.0231075 0.2695
0.0231238 0.2695
0.02314 0.269562
0.0231563 0.269562
0.0231725 0.269562
0.0231888 0.269562
0.023205 0.269562
0.0232213 0.269562
0.0232375 0.269562
0.0232538 0.269562
0.02327 0.269562
0.0232863 0.269562
0.0233025 0.269625
0.0233188 0.269625
0.023335 0.269625
0.0233513 0.269625
0.0233675 0.269625
0.0233838 0.269625
0.0234 0.269625
0.0234163 0.269625
0.0234325 0.269625
0.0234488 0.269625
0.023465 0.269688
0.0234813 0.269688
0.0234975 0.269688
0.0235138 0.269688
0.02353 0.269688
0.0235463 0.269688
0.0235625 0.269688
0.0235788 0.269688
0.023595 0.269688
0.0236113 0.269688
0.0236275 0.26975
0.0236438 0.26975
0.02366 0.26975
0.0236763 0.26975
0.0236925 0.26975
0.0237088 0.26975
0.023725 0.26975
0.0237413 0.26975
0.0237575 0.26975
0.0237738 0.26975
0.02379 0.26975
0.0238063 0.26975
0.0238225 0.269813
0.0238388 0.269813
0.023855 0.269813
0.0238713 0.269813
0.0238875 0.269813
0.0239038 0.269813
0.02392 0.269813
0.0239363 0.269813
0.0239525 0.269813
0.0239688 0.269813
0.023985 0.269813
0.0240013 0.269813
0.0240175 0.269813
0.0240338 0.269813
0.02405 0.269875
0.0240663 0.269875
0.0240825 0.269875
0.0240988 0.269875
0.024115 0.269875
0.0241313 0.269875
0.0241475 0.269875
0.0241638 0.269875
0.02418 0.269875
0.0241963 0.269875
0.0242125 0.269875
0.0242288 0.269875
0.024245 0.269875
0.0242613 0.269875
0.0242775 0.269875
0.0242938 0.269875
0.02431 0.269937
0.0243263 0.269937
0.0243425 0.269937
0.0243588 0.269937
0.024375 0.269937
0.0243913 0.269937
0.0244075 0.269937
0.0244238 0.269937
0.02444 0.269937
0.0244563 0.269937
0.0244725 0.269937
0.0244888 0.269937
0.024505 0.269937
0.0245213 0.269937
0.0245375 0.269937
0.0245538 0.269937
0.02457 0.269937
0.0245863 0.269937
0.0246025 0.269937
0.0246188 0.27
0.024635 0.27
0.0246513 0.27
0.0246675 0.27
0.0246838 0.27
0.0247 0.27
0.0247163 0.27
0.0247325 0.27
0.0247488 0.27
0.024765 0.27
0.0247813 0.27
0.0247975 0.27
0.0248138 0.27
0.02483 0.27
0.0248463 0.27
0.0248625 0.27
0.0248788 0.27
0.024895 0.27
0.0249113 0.27
0.0249275 0.27
0.0249438 0.27
0.02496 0.27
0.0249763 0.27
0.0249925 0.27
0.0250088 0.27
0.025025 0.27
0.0250413 0.27
0.0250575 0.27
0.0250738 0.270062
0.02509 0.270062
0.0251063 0.270062
0.0251225 0.270062
0.0251388 0.270062
0.025155 0.270062
0.0251713 0.270062
0.0251875 0.270062
0.0252038 0.270062
0.02522 0.270062
0.0252363 0.270062
0.0252525 0.270062
0.0252688 0.270062
0.025285 0.270062
0.0253013 0.270062
0.0253175 0.270062
0.0253338 0.270062
0.02535 0.270062
0.0253663 0.270062
0.0253825 0.270062
0.0253988 0.270062
0.025415 0.270062
0.0254313 0.270062
0.0254475 0.270062
0.0254638 0.270062
0.02548 0.270062
0.0254963 0.270062
0.0255125 0.270062
0.0255288 0.270062
0.025545 0.270062
0.0255613 0.270062
0.0255775 0.270062
0.0255938 0.270062
0.02561 0.270062
0.0256263 0.270062
0.0256425 0.270062
0.0256588 0.270062
0.025675 0.270062
0.0256913 0.270062
0.0257075 0.270062
0.0257238 0.270062
0.02574 0.270062
0.0257563 0.270062
0.0257725 0.270062
0.0257888 0.270062
0.025805 0.270062
0.0258213 0.270062
0.0258375 0.270062
0.0258538 0.270062
0.02587 0.270062
0.0258863 0.270062
0.0259025 0.270062
0.0259188 0.270062
0.025935 0.270062
0.0259513 0.270062
0.0259675 0.270062
0.0259838 0.270062
0.026 0.270062
0.0260163 0.270062
0.0260325 0.270062
0.0260488 0.270062
0.026065 0.270062
0.0260813 0.270062
0.0260975 0.27
0.0261138 0.27
0.02613 0.27
0.0261463 0.27
0.0261625 0.27
0.0261788 0.27
0.026195 0.27
0.0262113 0.27
0.0262275 0.27
0.0262438 0.27
0.02626 0.27
0.0262763 0.269937
0.0262925 0.269937
0.0263088 0.269937
0.026325 0.269937
0.0263413 0.269937
0.0263575 0.269937
0.0263738 0.269937
0.02639 0.269937
0.0264063 0.269937
0.0264225 0.269937
0.0264388 0.269875
0.026455 0.269875
0.0264713 0.269875
0.0264875 0.269875
0.0265038 0.269875
0.02652 0.269875
0.0265363 0.269875
0.0265525 0.269875
0.0265688 0.269875
0.026585 0.269875
0.0266013 0.269875
0.0266175 0.269813
0.0266338 0.269813
0.02665 0.269813
0.0266663 0.269813
0.0266825 0.269813
0.0266988 0.269813
0.026715 0.269813
0.0267313 0.269813
0.0267475 0.269813
0.0267638 0.26975
0.02678 0.26975
0.0267963 0.26975
0.0268125 0.26975
0.0268288 0.26975
0.026845 0.26975
0.0268613 0.26975
0.0268775 0.26975
0.0268938 0.26975
0.02691 0.269688
0.0269263 0.269688
0.0269425 0.269688
0.0269588 0.269688
0.026975 0.269688
0.0269913 0.269688
0.0270075 0.269688
0.0270238 0.269688
0.02704 0.269688
0.0270563 0.269625
0.0270725 0.269625
0.0270888 0.269625
0.027105 0.269625
0.0271213 0.269625
0.0271375 0.269625
0.0271538 0.269625
0.02717 0.269625
0.0271863 0.269625
0.0272025 0.269625
0.0272188 0.269562
0.027235 0.269562
0.0272513 0.269562
0.0272675 0.269562
0.0272838 0.269562
0.0273 0.269562
0.0273163 0.269562
0.0273325 0.269562
0.0273488 0.2695
0.027365 0.2695
0.0273813 0.2695
0.0273975 0.2695
0.0274138 0.2695
0.02743 0.2695
0.0274463 0.2695
0.0274625 0.2695
0.0274788 0.2695
0.027495 0.269437
0.0275113 0.269437
0.0275275 0.269437
0.0275438 0.269437
0.02756 0.269437
0.0275763 0.269437
0.0275925 0.269437
0.0276088 0.269375
0.027625 0.269375
0.0276413 0.269375
0.0276575 0.269375
0.0276738 0.269375
0.02769 0.269375
0.0277063 0.269375
0.0277225 0.269313
0.0277388 0.269313
0.027755 0.269313
0.0277713 0.269313
0.0277875 0.269313
0.0278038 0.269313
0.02782 0.269313
0.0278363 0.26925
0.0278525 0.26925
0.0278688 0.26925
0.027885 0.26925
0.0279013 0.26925
0.0279175 0.26925
0.0279338 0.26925
0.02795 0.269188
0.0279663 0.269188
0.0279825 0.269188
0.0279988 0.269188
0.028015 0.269188
0.0280313 0.269188
0.0280475 0.269125
0.0280638 0.269125
0.02808 0.269125
0.0280963 0.269125
0.0281125 0.269125
0.0281288 0.269125
0.028145 0.269062
0.0281613 0.269062
0.0281775 0.269062
0.0281938 0.269062
0.02821 0.269062
0.0282263 0.269062
0.0282425 0.269062
0.0282588 0.269
0.028275 0.269
0.0282913 0.269
0.0283075 0.269
0.0283238 0.269
0.02834 0.269
0.0283563 0.268937
0.0283725 0.268937
0.0283888 0.268937
0.028405 0.268937
0.0284213 0.268937
0.0284375 0.268875
0.0284538 0.268875
0.02847 0.268875
0.0284863 0.268875
0.0285025 0.268875
0.0285188 0.268875
0.028535 0.268813
0.0285513 0.268813
0.0285675 0.268813
0.0285838 0.268813
0.0286 0.268813
0.0286163 0.26875
0.0286325 0.26875
0.0286488 0.26875
0.028665 0.26875
0.0286813 0.26875
0.0286975 0.26875
0.0287138 0.268688
0.02873 0.268688
0.0287463 0.268688
0.0287625 0.268688
0.0287788 0.268688
0.028795 0.268625
0.0288113 0.268625
0.0288275 0.268625
0.0288438 0.268625
0.02886 0.268625
0.0288763 0.268625
0.0288925 0.268562
0.0289088 0.268562
0.028925 0.268562
0.0289413 0.268562
0.0289575 0.268562
0.0289738 0.2685
0.02899 0.2685
0.0290063 0.2685
0.0290225 0.2685
0.0290388 0.268437
0.029055 0.268437
0.0290713 0.268437
0.0290875 0.268437
0.0291038 0.268437
0.02912 0.268375
0.0291363 0.268375
0.0291525 0.268375
0.0291688 0.268375
0.029185 0.268375
0.0292013 0.268313
0.0292175 0.268313
0.0292338 0.268313
0.02925 0.268313
0.0292663 0.268313
0.0292825 0.26825
0.0292988 0.26825
0.029315 0.26825
0.0293313 0.26825
0.0293475 0.26825
0.0293638 0.268188
0.02938 0.268188
0.0293963 0.268188
0.0294125 0.268188
0.0294288 0.268125
0.029445 0.268125
0.0294613 0.268125
0.0294775 0.268125
0.0294938 0.268125
0.02951 0.268062
0.0295263 0.268062
0.0295425 0.268062
0.0295588 0.268062
0.029575 0.268
0.0295913 0.268
0.0296075 0.268
0.0296238 0.268
0.02964 0.268
0.0296563 0.267937
0.0296725 0.267937
0.0296888 0.267937
0.029705 0.267937
0.0297213 0.267875
0.0297375 0.267875
0.0297538 0.267875
0.02977 0.267875
0.0297863 0.267813
0.0298025 0.267813
0.0298188 0.267813
0.029835 0.267813
0.0298513 0.267813
0.0298675 0.26775
0.0298838 0.26775
0.0299 0.26775
0.0299163 0.26775
0.0299325 0.267688
0.0299488 0.267688
0.029965 0.267688
0.0299813 0.267688
0.0299975 0.267625
0.0300138 0.267625
0.03003 0.267625
0.0300463 0.267625
0.0300625 0.267562
0.0300788 0.267562
0.030095 0.267562
0.0301113 0.267562
0.0301275 0.2675
0.0301438 0.2675
0.03016 0.2675
0.0301763 0.2675
0.0301925 0.267437
0.0302088 0.267437
0.030225 0.267437
0.0302413 0.267437
0.0302575 0.267375
0.0302738 0.267375
0.03029 0.267375
0.0303063 0.267375
0.0303225 0.267313
0.0303388 0.267313
0.030355 0.267313
0.0303713 0.267313
0.0303875 0.26725
0.0304038 0.26725
0.03042 0.26725
0.0304363 0.26725
0.0304525 0.267188
0.0304688 0.267188
0.030485 0.267188
0.0305013 0.267188
0.0305175 0.267125
0.0305338 0.267125
0.03055 0.267125
0.0305663 0.267062
0.0305825 0.267062
0.0305988 0.267062
0.030615 0.267062
0.0306313 0.267
0.0306475 0.267
0.0306638 0.267
0.03068 0.267
0.0306963 0.266937
0.0307125 0.266937
0.0307288 0.266937
0.030745 0.266875
0.0307613 0.266875
0.0307775 0.266875
0.0307938 0.266875
0.03081 0.266813
0.0308263 0.266813
0.0308425 0.266813
0.0308588 0.26675
0.030875 0.26675
0.0308913 0.26675
0.0309075 0.26675
0.0309238 0.266688
0.03094 0.266688
0.0309563 0.266688
0.0309725 0.266688
0.0309888 0.266625
0.031005 0.266625
0.0310213 0.266625
0.0310375 0.266562
0.0310538 0.266562
0.03107 0.266562
0.0310863 0.266562
0.0311025 0.2665
0.0311188 0.2665
0.031135 0.2665
0.0311513 0.266437
0.0311675 0.266437
0.0311838 0.266437
0.0312 0.266437
0.0312163 0.266375
0.0312325 0.266375
0.0312488 0.266375
0.031265 0.266313
0.0312813 0.266313
0.0312975 0.266313
0.0313138 0.26625
0.03133 0.26625
0.0313463 0.26625
0.0313625 0.266188
0.0313788 0.266188
0.031395 0.266188
0.0314113 0.266188
0.0314275 0.266125
0.0314438 0.266125
0.03146 0.266125
0.0314763 0.266062
0.0314925 0.266062
0.0315088 0.266062
0.031525 0.266
0.0315413 0.266
0.0315575 0.266
0.0315738 0.265937
0.03159 0.265937
0.0316063 0.265937
0.0316225 0.265937
0.0316388 0.265875
0.031655 0.265875
0.0316713 0.265875
0.0316875 0.265813
0.0317038 0.265813
0.03172 0.265813
0.0317363 0.26575
0.0317525 0.26575
0.0317688 0.26575
0.031785 0.265688
0.0318013 0.265688
0.0318175 0.265688
0.0318338 0.265688
0.03185 0.265625
0.0318663 0.265625
0.0318825 0.265625
0.0318988 0.265562
0.031915 0.265562
0.0319313 0.265562
0.0319475 0.2655
0.0319638 0.2655
0.03198 0.2655
0.0319963 0.265437
0.0320125 0.265437
0.0320288 0.265437
0.032045 0.265375
0.0320613 0.265375
0.0320775 0.265375
0.0320938 0.265313
0.03211 0.265313
0.0321263 0.265313
0.0321425 0.26525
0.0321588 0.26525
0.032175 0.26525
0.0321913 0.265188
0.0322075 0.265188
0.0322238 0.265188
0.03224 0.265125
0.0322563 0.265125
0.0322725 0.265125
0.0322888 0.265062
0.032305 0.265062
0.0323213 0.265062
0.0323375 0.265
0.0323538 0.265
0.03237 0.265
0.0323863 0.264937
0.0324025 0.264937
0.0324188 0.264937
0.032435 0.264875
0.0324513 0.264875
0.0324675 0.264875
0.0324838 0.264813
0.0325 0.264813
0.0325163 0.26475
0.0325325 0.26475
0.0325488 0.26475
0.032565 0.264688
0.0325813 0.264688
0.0325975 0.264688
0.0326138 0.264625
0.03263 0.264625
0.0326463 0.264625
0.0326625 0.264562
0.0326788 0.264562
0.032695 0.264562
0.0327113 0.2645
0.0327275 0.2645
0.0327438 0.264437
0.03276 0.264437
0.0327763 0.264437
0.0327925 0.264375
0.0328088 0.264375
0.032825 0.264375
0.0328413 0.264313
0.0328575 0.264313
0.0328738 0.264313
0.03289 0.26425
0.0329063 0.26425
0.0329225 0.26425
0.0329388 0.264188
0.032955 0.264188
0.0329713 0.264125
0.0329875 0.264125
0.0330038 0.264125
0.03302 0.264062
0.0330363 0.264062
0.0330525 0.264062
0.0330688 0.264
0.033085 0.264
0.0331013 0.264
0.0331175 0.263937
0.0331338 0.263937
0.03315 0.263875
0.0331663 0.263875
0.0331825 0.263875
0.0331988 0.263813
0.033215 0.263813
0.0332313 0.263813
0.0332475 0.26375
0.0332638 0.26375
0.03328 0.263688
0.0332963 0.263688
0.0333125 0.263688
0.0333288 0.263625
0.033345 0.263625
0.0333613 0.263563
0.0333775 0.263563
0.0333938 0.263563
0.03341 0.2635
0.0334263 0.2635
0.0334425 0.2635
0.0334588 0.263437
0.033475 0.263437
0.0334913 0.263375
0.0335075 0.263375
0.0335238 0.263375
0.03354 0.263313
0.0335563 0.263313
0.0335725 0.26325
0.0335888 0.26325
0.033605 0.26325
0.0336213 0.263188
0.0336375 0.263188
0.0336538 0.263125
0.03367 0.263125
0.0336863 0.263125
0.0337025 0.263063
0.0337188 0.263063
0.033735 0.263063
0.0337513 0.263
0.0337675 0.263
0.0337838 0.262937
0.0338 0.262937
0.0338163 0.262937
0.0338325 0.262875
0.0338488 0.262875
0.033865 0.262813
0.0338813 0.262813
0.0338975 0.262813
0.0339138 0.26275
0.03393 0.26275
0.0339463 0.262688
0.0339625 0.262688
0.0339788 0.262688
0.033995 0.262625
0.0340113 0.262625
0.0340275 0.262563
0.0340438 0.262563
0.03406 0.2625
0.0340763 0.2625
0.0340925 0.2625
0.0341088 0.262437
0.034125 0.262437
0.0341413 0.262375
0.0341575 0.262375
0.0341738 0.262375
0.03419 0.262313
0.0342063 0.262313
0.0342225 0.26225
0.0342388 0.26225
0.034255 0.262188
0.0342713 0.262188
0.0342875 0.262188
0.0343038 0.262125
0.03432 0.262125
0.0343363 0.262063
0.0343525 0.262063
0.0343688 0.262063
0.034385 0.262
0.0344013 0.262
0.0344175 0.261937
0.0344338 0.261937
0.03445 0.261875
0.0344663 0.261875
0.0344825 0.261875
0.0344988 0.261813
0.034515 0.261813
0.0345313 0.26175
0.0345475 0.26175
0.0345638 0.26175
0.03458 0.261688
0.0345963 0.261688
0.0346125 0.261625
0.0346288 0.261625
0.034645 0.261563
0.0346613 0.261563
0.0346775 0.2615
0.0346938 0.2615
0.03471 0.2615
0.0347263 0.261437
0.0347425 0.261437
0.0347588 0.261375
0.034775 0.261375
0.0347913 0.261313
0.0348075 0.261313
0.0348238 0.261313
0.03484 0.26125
0.0348563 0.26125
0.0348725 0.261188
0.0348888 0.261188
0.034905 0.261125
0.0349213 0.261125
0.0349375 0.261063
0.0349538 0.261063
0.03497 0.261063
0.0349863 0.261
0.0350025 0.261
0.0350188 0.260937
0.035035 0.260937
0.0350513 0.260875
0.0350675 0.260875
0.0350838 0.260813
0.0351 0.260813
0.0351163 0.260813
0.0351325 0.26075
0.0351488 0.26075
0.035165 0.260688
0.0351813 0.260688
0.0351975 0.260625
0.0352138 0.260625
0.03523 0.260563
0.0352463 0.260563
0.0352625 0.260563
0.0352788 0.2605
0.035295 0.2605
0.0353113 0.260437
0.0353275 0.260437
0.0353438 0.260375
0.03536 0.260375
0.0353763 0.260313
0.0353925 0.260313
0.0354088 0.26025
0.035425 0.26025
0.0354413 0.260188
0.0354575 0.260188
0.0354738 0.260188
0.03549 0.260125
0.0355063 0.260125
0.0355225 0.260063
0.0355388 0.260063
0.035555 0.26
0.0355713 0.26
0.0355875 0.259937
0.0356038 0.259937
0.03562 0.259875
0.0356363 0.259875
0.0356525 0.259813
0.0356688 0.259813
0.035685 0.25975
0.0357013 0.25975
0.0357175 0.259688
0.0357338 0.259688
0.03575 0.259688
0.0357663 0.259625
0.0357825 0.259625
0.0357988 0.259563
0.035815 0.259563
0.0358313 0.2595
0.0358475 0.2595
0.0358638 0.259437
0.03588 0.259437
0.0358963 0.259375
0.0359125 0.259375
0.0359288 0.259313
0.035945 0.259313
0.0359613 0.25925
0.0359775 0.25925
0.0359938 0.259188
0.03601 0.259188
0.0360263 0.259125
0.0360425 0.259125
0.0360588 0.259063
0.036075 0.259063
0.0360913 0.259
0.0361075 0.259
0.0361238 0.259
0.03614 0.258937
0.0361563 0.258937
0.0361725 0.258875
0.0361888 0.258875
0.036205 0.258813
0.0362213 0.258813
0.0362375 0.25875
0.0362538 0.25875
0.03627 0.258688
0.0362863 0.258688
0.0363025 0.258625
0.0363188 0.258625
0.036335 0.258563
0.0363513 0.258563
0.0363675 0.2585
0.0363838 0.2585
0.0364 0.258437
0.0364163 0.258437
0.0364325 0.258375
0.0364488 0.258375
0.036465 0.258313
0.0364813 0.258313
0.0364975 0.25825
0.0365138 0.25825
0.03653 0.258188
0.0365463 0.258188
0.0365625 0.258125
0.0365788 0.258125
0.036595 0.258063
0.0366113 0.258063
0.0366275 0.258
0.0366438 0.258
0.03666 0.257937
0.0366763 0.257937
0.0366925 0.257875
0.0367088 0.257875
0.036725 0.257812
0.0367413 0.257812
0.0367575 0.25775
0.0367738 0.25775
0.03679 0.257688
0.0368063 0.257688
0.0368225 0.257625
0.0368388 0.257563
0.036855 0.257563
0.0368713 0.2575
0.0368875 0.2575
0.0369038 0.257437
0.03692 0.257437
0.0369363 0.257375
0.0369525 0.257375
0.0369688 0.257312
0.036985 0.257312
0.0370013 0.25725
0.0370175 0.25725
0.0370338 0.257188
0.03705 0.257188
0.0370663 0.257125
0.0370825 0.257125
0.0370988 0.257063
0.037115 0.257063
0.0371313 0.257
0.0371475 0.257
0.0371638 0.256937
0.03718 0.256937
0.0371963 0.256875
0.0372125 0.256812
0.0372288 0.256812
0.037245 0.25675
0.0372613 0.25675
0.0372775 0.256688
0.0372938 0.256688
0.03731 0.256625
0.0373263 0.256625
0.0373425 0.256563
0.0373588 0.256563
0.037375 0.2565
0.0373913 0.2565
0.0374075 0.256437
0.0374238 0.256437
0.03744 0.256375
0.0374563 0.256375
0.0374725 0.256312
0.0374888 0.25625
0.037505 0.25625
0.0375213 0.256188
0.0375375 0.256188
0.0375538 0.256125
0.03757 0.256125
0.0375863 0.256063
0.0376025 0.256063
0.0376188 0.256
0.037635 0.256
0.0376513 0.255937
0.0376675 0.255875
0.0376838 0.255875
0.0377 0.255812
0.0377163 0.255812
0.0377325 0.25575
0.0377488 0.25575
0.037765 0.255688
0.0377813 0.255688
0.0377975 0.255625
0.0378138 0.255625
0.03783 0.255563
0.0378463 0.2555
0.0378625 0.2555
0.0378788 0.255437
0.037895 0.255437
0.0379113 0.255375
0.0379275 0.255375
0.0379438 0.255312
0.03796 0.255312
0.0379763 0.25525
0.0379925 0.255188
0.0380088 0.255188
0.038025 0.255125
0.0380413 0.255125
0.0380575 0.255063
0.0380738 0.255063
0.03809 0.255
0.0381063 0.255
0.0381225 0.254937
0.0381388 0.254875
0.038155 0.254875
0.0381713 0.254812
0.0381875 0.254812
0.0382038 0.25475
0.03822 0.25475
0.0382363 0.254688
0.0382525 0.254625
0.0382688 0.254625
0.038285 0.254563
0.0383013 0.254563
0.0383175 0.2545
0.0383338 0.2545
0.03835 0.254437
0.0383663 0.254375
0.0383825 0.254375
0.0383988 0.254312
0.038415 0.254312
0.0384313 0.25425
0.0384475 0.25425
0.0384638 0.254188
0.03848 0.254125
0.0384963 0.254125
0.0385125 0.254063
0.0385288 0.254063
0.038545 0.254
0.0385613 0.254
0.0385775 0.253937
0.0385938 0.253875
0.03861 0.253875
0.0386263 0.253812
0.0386425 0.253812
0.0386588 0.25375
0.038675 0.25375
0.0386913 0.253688
0.0387075 0.253625
0.0387238 0.253625
0.03874 0.253563
0.0387563 0.253563
0.0387725 0.2535
0.0387888 0.253437
0.038805 0.253437
0.0388213 0.253375
0.0388375 0.253375
0.0388538 0.253312
0.03887 0.253312
0.0388863 0.25325
0.0389025 0.253188
0.0389188 0.253188
0.038935 0.253125
0.0389513 0.253125
0.0389675 0.253063
0.0389838 0.253
0.039 0.253
0.0390163 0.252937
0.0390325 0.252937
0.0390488 0.252875
0.039065 0.252812
0.0390813 0.252812
0.0390975 0.25275
0.0391138 0.25275
0.03913 0.252688
0.0391463 0.252625
0.0391625 0.252625
0.0391788 0.252563
0.039195 0.252563
0.0392113 0.2525
0.0392275 0.252437
0.0392438 0.252437
0.03926 0.252375
0.0392763 0.252375
0.0392925 0.252312
0.0393088 0.25225
0.039325 0.25225
0.0393413 0.252188
0.0393575 0.252188
0.0393738 0.252125
0.03939 0.252063
0.0394063 0.252063
0.0394225 0.252
0.0394388 0.252
0.039455 0.251937
0.0394713 0.251875
0.0394875 0.251875
0.0395038 0.251812
0.03952 0.251812
0.0395363 0.25175
0.0395525 0.251688
0.0395688 0.251688
0.039585 0.251625
0.0396013 0.251563
0.0396175 0.251563
0.0396338 0.2515
0.03965 0.2515
0.0396663 0.251437
0.0396825 0.251375
0.0396988 0.251375
0.039715 0.251312
0.0397313 0.251312
0.0397475 0.25125
0.0397638 0.251188
0.03978 0.251188
0.0397963 0.251125
0.0398125 0.251063
0.0398288 0.251063
0.039845 0.251
0.0398613 0.251
0.0398775 0.250937
0.0398938 0.250875
0.03991 0.250875
0.0399263 0.250812
0.0399425 0.25075
0.0399588 0.25075
0.039975 0.250688
0.0399913 0.250688
0.0400075 0.250625
0.0400238 0.250563
0.04004 0.250563
0.0400563 0.2505
0.0400725 0.250437
0.0400888 0.250437
0.040105 0.250375
0.0401213 0.250375
0.0401375 0.250312
0.0401538 0.25025
0.04017 0.25025
0.0401863 0.250188
0.0402025 0.250125
0.0402188 0.250125
0.040235 0.250063
0.0402513 0.25
0.0402675 0.25
0.0402838 0.249938
0.0403 0.249938
0.0403163 0.249875
0.0403325 0.249812
0.0403488 0.249812
0.040365 0.24975
0.0403813 0.249688
0.0403975 0.249688
0.0404138 0.249625
0.04043 0.249562
0.0404463 0.249562
0.0404625 0.2495
0.0404788 0.249438
0.040495 0.249438
0.0405113 0.249375
0.0405275 0.249312
0.0405438 0.249312
0.04056 0.24925
0.0405763 0.24925
0.0405925 0.249188
0.0406088 0.249125
0.040625 0.249125
0.0406413 0.249062
0.0406575 0.249
0.0406738 0.249
0.04069 0.248938
0.0407063 0.248875
0.0407225 0.248875
0.0407388 0.248812
0.040755 0.24875
0.0407713 0.24875
0.0407875 0.248688
0.0408038 0.248625
0.04082 0.248625
0.0408363 0.248562
0.0408525 0.2485
0.0408688 0.2485
0.040885 0.248438
0.0409013 0.248375
0.0409175 0.248375
0.0409338 0.248312
0.04095 0.24825
0.0409663 0.24825
0.0409825 0.248188
0.0409988 0.248125
0.041015 0.248125
0.0410313 0.248062
0.0410475 0.248
0.0410638 0.248
0.04108 0.247938
0.0410963 0.247875
0.0411125 0.247875
0.0411288 0.247813
0.041145 0.24775
0.0411613 0.24775
0.0411775 0.247688
0.0411938 0.247625
0.04121 0.247625
0.0412263 0.247563
0.0412425 0.2475
0.0412588 0.2475
0.041275 0.247438
0.0412913 0.247375
0.0413075 0.247375
0.0413238 0.247313
0.04134 0.24725
0.0413563 0.24725
0.0413725 0.247188
0.0413888 0.247125
0.041405 0.247125
0.0414213 0.247063
0.0414375 0.247
0.0414538 0.247
0.04147 0.246938
0.0414863 0.246875
0.0415025 0.246875
0.0415188 0.246813
0.041535 0.24675
0.0415513 0.24675
0.0415675 0.246688
0.0415838 0.246625
0.0416 0.246625
0.0416163 0.246563
0.0416325 0.2465
0.0416488 0.246438
0.041665 0.246438
0.0416813 0.246375
0.0416975 0.246313
0.0417138 0.246313
0.04173 0.24625
0.0417463 0.246188
0.0417625 0.246188
0.0417788 0.246125
0.041795 0.246063
0.0418113 0.246063
0.0418275 0.246
0.0418438 0.245938
0.04186 0.245875
0.0418763 0.245875
0.0418925 0.245813
0.0419088 0.24575
0.041925 0.24575
0.0419413 0.245688
0.0419575 0.245625
0.0419738 0.245625
0.04199 0.245563
0.0420063 0.2455
0.0420225 0.245438
0.0420388 0.245438
0.042055 0.245375
0.0420713 0.245313
0.0420875 0.245313
0.0421038 0.24525
0.04212 0.245188
0.0421363 0.245188
0.0421525 0.245125
0.0421688 0.245063
0.042185 0.245
0.0422013 0.245
0.0422175 0.244938
0.0422338 0.244875
0.04225 0.244875
0.0422663 0.244813
0.0422825 0.24475
0.0422988 0.244688
0.042315 0.244688
0.0423313 0.244625
0.0423475 0.244563
0.0423638 0.244563
0.04238 0.2445
0.0423963 0.244438
0.0424125 0.244375
0.0424288 0.244375
0.042445 0.244313
0.0424613 0.24425
0.0424775 0.24425
0.0424938 0.244188
0.04251 0.244125
0.0425263 0.244063
0.0425425 0.244063
0.0425588 0.244
0.042575 0.243938
0.0425913 0.243938
0.0426075 0.243875
0.0426238 0.243813
0.04264 0.24375
0.0426563 0.24375
0.0426725 0.243688
0.0426888 0.243625
0.042705 0.243625
0.0427213 0.243563
0.0427375 0.2435
0.0427538 0.243438
0.04277 0.243438
0.0427863 0.243375
0.0428025 0.243313
0.0428188 0.24325
0.042835 0.24325
0.0428513 0.243188
0.0428675 0.243125
0.0428838 0.243125
0.0429 0.243063
0.0429163 0.243
0.0429325 0.242938
0.0429488 0.242938
0.042965 0.242875
0.0429813 0.242813
0.0429975 0.24275
0.0430138 0.24275
0.04303 0.242688
0.0430463 0.242625
0.0430625 0.242563
0.0430788 0.242563
0.043095 0.2425
0.0431113 0.242438
0.0431275 0.242438
0.0431438 0.242375
0.04316 0.242313
0.0431763 0.24225
0.0431925 0.24225
0.0432088 0.242188
0.043225 0.242125
0.0432413 0.242063
0.0432575 0.242063
0.0432738 0.242
0.04329 0.241937
0.0433063 0.241875
0.0433225 0.241875
0.0433388 0.241813
0.043355 0.24175
0.0433713 0.241687
0.0433875 0.241687
0.0434038 0.241625
0.04342 0.241563
0.0434363 0.2415
0.0434525 0.2415
0.0434688 0.241437
0.043485 0.241375
0.0435013 0.241313
0.0435175 0.241313
0.0435338 0.24125
0.04355 0.241187
0.0435663 0.241125
0.0435825 0.241125
0.0435988 0.241063
0.043615 0.241
0.0436313 0.240937
0.0436475 0.240937
0.0436638 0.240875
0.04368 0.240813
0.0436963 0.24075
0.0437125 0.24075
0.0437288 0.240687
0.043745 0.240625
0.0437613 0.240563
0.0437775 0.2405
0.0437938 0.2405
0.04381 0.240437
0.0438263 0.240375
0.0438425 0.240313
0.0438588 0.240313
0.043875 0.24025
0.0438913 0.240187
0.0439075 0.240125
0.0439238 0.240125
0.04394 0.240063
0.0439563 0.24
0.0439725 0.239937
0.0439888 0.239937
0.044005 0.239875
0.0440213 0.239813
0.0440375 0.23975
0.0440538 0.239687
0.04407 0.239687
0.0440863 0.239625
0.0441025 0.239563
0.0441188 0.2395
0.044135 0.2395
0.0441513 0.239437
0.0441675 0.239375
0.0441838 0.239313
0.0442 0.239313
0.0442163 0.23925
0.0442325 0.239187
0.0442488 0.239125
0.044265 0.239063
0.0442813 0.239063
0.0442975 0.239
0.0443138 0.238937
0.04433 0.238875
0.0443463 0.238875
0.0443625 0.238813
0.0443788 0.23875
0.044395 0.238687
0.0444113 0.238625
0.0444275 0.238625
0.0444438 0.238563
0.04446 0.2385
0.0444763 0.238437
0.0444925 0.238375
0.0445088 0.238375
0.044525 0.238313
0.0445413 0.23825
0.0445575 0.238187
0.0445738 0.238125
0.04459 0.238125
0.0446063 0.238063
0.0446225 0.238
0.0446388 0.237937
0.044655 0.237937
0.0446713 0.237875
0.0446875 0.237813
0.0447038 0.23775
0.04472 0.237687
0.0447363 0.237687
0.0447525 0.237625
0.0447688 0.237563
0.044785 0.2375
0.0448013 0.237437
0.0448175 0.237437
0.0448338 0.237375
0.04485 0.237313
0.0448663 0.23725
0.0448825 0.237187
0.0448988 0.237187
0.044915 0.237125
0.0449313 0.237063
0.0449475 0.237
0.0449638 0.236937
0.04498 0.236937
0.0449963 0.236875
0.0450125 0.236813
0.0450288 0.23675
0.045045 0.236687
0.0450613 0.236687
0.0450775 0.236625
0.0450938 0.236563
0.04511 0.2365
0.0451263 0.236437
0.0451425 0.236437
0.0451588 0.236375
0.045175 0.236313
0.0451913 0.23625
0.0452075 0.236187
0.0452238 0.236125
0.04524 0.236125
0.0452563 0.236063
0.0452725 0.236
0.0452888 0.235937
0.045305 0.235875
0.0453213 0.235875
0.0453375 0.235813
0.0453538 0.23575
0.04537 0.235687
0.0453863 0.235625
0.0454025 0.235625
0.0454188 0.235563
0.045435 0.2355
0.0454513 0.235437
0.0454675 0.235375
0.0454838 0.235313
0.0455 0.235313
0.0455163 0.23525
0.0455325 0.235187
0.0455488 0.235125
0.045565 0.235063
0.0455813 0.235063
0.0455975 0.235
0.0456138 0.234937
0.04563 0.234875
0.0456463 0.234813
0.0456625 0.23475
0.0456788 0.23475
0.045695 0.234687
0.0457113 0.234625
0.0457275 0.234563
0.0457438 0.2345
0.04576 0.234437
0.0457763 0.234437
0.0457925 0.234375
0.0458088 0.234313
0.045825 0.23425
0.0458413 0.234187
0.0458575 0.234125
0.0458738 0.234125
0.04589 0.234063
0.0459063 0.234
0.0459225 0.233937
0.0459388 0.233875
0.045955 0.233813
0.0459713 0.233813
0.0459875 0.23375
0.0460038 0.233687
0.04602 0.233625
0.0460363 0.233563
0.0460525 0.2335
0.0460688 0.2335
0.046085 0.233437
0.0461013 0.233375
0.0461175 0.233313
0.0461338 0.23325
0.04615 0.233187
0.0461663 0.233125
0.0461825 0.233125
0.0461988 0.233063
0.046215 0.233
0.0462313 0.232937
0.0462475 0.232875
0.0462638 0.232813
0.04628 0.232813
0.0462963 0.23275
0.0463125 0.232687
0.0463288 0.232625
0.046345 0.232563
0.0463613 0.2325
0.0463775 0.232437
0.0463938 0.232437
0.04641 0.232375
0.0464263 0.232313
0.0464425 0.23225
0.0464588 0.232187
0.046475 0.232125
0.0464913 0.232063
0.0465075 0.232063
0.0465238 0.232
0.04654 0.231938
0.0465563 0.231875
0.0465725 0.231813
0.0465888 0.23175
0.046605 0.231688
0.0466213 0.231688
0.0466375 0.231625
0.0466538 0.231563
0.04667 0.2315
0.0466863 0.231438
0.0467025 0.231375
0.0467188 0.231313
0.046735 0.231313
0.0467513 0.23125
0.0467675 0.231188
0.0467838 0.231125
0.0468 0.231063
0.0468163 0.231
0.0468325 0.230938
0.0468488 0.230875
0.046865 0.230875
0.0468813 0.230813
0.0468975 0.23075
0.0469138 0.230688
0.04693 0.230625
0.0469463 0.230563
0.0469625 0.2305
0.0469788 0.2305
0.046995 0.230438
0.0470113 0.230375
0.0470275 0.230313
0.0470438 0.23025
0.04706 0.230188
0.0470763 0.230125
0.0470925 0.230063
0.0471088 0.230063
0.047125 0.23
0.0471413 0.229938
0.0471575 0.229875
0.0471738 0.229813
0.04719 0.22975
0.0472063 0.229688
0.0472225 0.229625
0.0472388 0.229563
0.047255 0.229563
0.0472713 0.2295
0.0472875 0.229438
0.0473038 0.229375
0.04732 0.229313
0.0473363 0.22925
0.0473525 0.229188
0.0473688 0.229125
0.047385 0.229125
0.0474013 0.229063
0.0474175 0.229
0.0474338 0.228938
0.04745 0.228875
0.0474663 0.228813
0.0474825 0.22875
0.0474988 0.228688
0.047515 0.228625
0.0475313 0.228625
0.0475475 0.228563
0.0475638 0.2285
0.04758 0.228438
0.0475963 0.228375
0.0476125 0.228313
0.0476288 0.22825
0.047645 0.228188
0.0476613 0.228125
0.0476775 0.228063
0.0476938 0.228063
0.04771 0.228
0.0477263 0.227938
0.0477425 0.227875
0.0477588 0.227813
0.047775 0.22775
0.0477913 0.227688
0.0478075 0.227625
0.0478238 0.227563
0.04784 0.2275
0.0478563 0.2275
0.0478725 0.227438
0.0478888 0.227375
0.047905 0.227313
0.0479213 0.22725
0.0479375 0.227188
0.0479538 0.227125
0.04797 0.227063
0.0479863 0.227
0.0480025 0.226938
0.0480188 0.226938
0.048035 0.226875
0.0480513 0.226813
0.0480675 0.22675
0.0480838 0.226688
0.0481 0.226625
0.0481163 0.226562
0.0481325 0.2265
0.0481488 0.226438
0.048165 0.226375
0.0481813 0.226312
0.0481975 0.22625
0.0482138 0.22625
0.04823 0.226188
0.0482463 0.226125
0.0482625 0.226062
0.0482788 0.226
0.048295 0.225938
0.0483113 0.225875
0.0483275 0.225812
0.0483438 0.22575
0.04836 0.225688
0.0483763 0.225625
0.0483925 0.225562
0.0484088 0.225562
0.048425 0.2255
0.0484413 0.225438
0.0484575 0.225375
0.0484738 0.225312
0.04849 0.22525
0.0485063 0.225188
0.0485225 0.225125
0.0485388 0.225062
0.048555 0.225
0.0485713 0.224938
0.0485875 0.224875
0.0486038 0.224812
0.04862 0.224812
0.0486363 0.22475
0.0486525 0.224688
0.0486688 0.224625
0.048685 0.224562
0.0487013 0.2245
0.0487175 0.224438
0.0487338 0.224375
0.04875 0.224312
0.0487663 0.22425
0.0487825 0.224188
0.0487988 0.224125
0.048815 0.224062
0.0488313 0.224
0.0488475 0.223938
0.0488638 0.223938
0.04888 0.223875
0.0488963 0.223812
0.0489125 0.22375
0.0489288 0.223688
0.048945 0.223625
0.0489613 0.223562
0.0489775 0.2235
0.0489938 0.223438
0.04901 0.223375
0.0490263 0.223312
0.0490425 0.22325
0.0490588 0.223188
0.049075 0.223125
0.0490913 0.223062
0.0491075 0.223
0.0491238 0.222938
0.04914 0.222875
0.0491563 0.222875
0.0491725 0.222812
0.0491888 0.22275
0.049205 0.222688
0.0492213 0.222625
0.0492375 0.222562
0.0492538 0.2225
0.04927 0.222438
0.0492863 0.222375
0.0493025 0.222312
0.0493188 0.22225
0.049335 0.222188
0.0493513 0.222125
0.0493675 0.222062
0.0493838 0.222
0.0494 0.221938
0.0494163 0.221875
0.0494325 0.221812
0.0494488 0.22175
0.049465 0.221688
0.0494813 0.221625
0.0494975 0.221625
0.0495138 0.221562
0.04953 0.2215
0.0495463 0.221438
0.0495625 0.221375
0.0495788 0.221312
0.049595 0.22125
0.0496113 0.221188
0.0496275 0.221125
0.0496438 0.221062
0.04966 0.221
0.0496763 0.220938
0.0496925 0.220875
0.0497088 0.220812
0.049725 0.22075
0.0497413 0.220688
0.0497575 0.220625
0.0497738 0.220562
0.04979 0.2205
0.0498063 0.220438
0.0498225 0.220375
0.0498388 0.220312
0.049855 0.22025
0.0498713 0.220188
0.0498875 0.220125
0.0499038 0.220062
0.04992 0.22
0.0499363 0.219938
0.0499525 0.219875
0.0499688 0.219812
0.049985 0.21975
0.0500013 0.219688
0.0500175 0.219625
0.0500338 0.219625
0.05005 0.219562
0.0500663 0.2195
0.0500825 0.219438
0.0500988 0.219375
0.050115 0.219312
0.0501313 0.21925
0.0501475 0.219188
0.0501638 0.219125
0.05018 0.219062
0.0501963 0.219
0.0502125 0.218938
0.0502288 0.218875
0.050245 0.218812
0.0502613 0.21875
0.0502775 0.218688
0.0502938 0.218625
0.05031 0.218562
0.0503263 0.2185
0.0503425 0.218438
0.0503588 0.218375
0.050375 0.218312
0.0503913 0.21825
0.0504075 0.218188
0.0504238 0.218125
0.05044 0.218062
0.0504563 0.218
0.0504725 0.217938
0.0504888 0.217875
0.050505 0.217812
0.0505213 0.21775
0.0505375 0.217688
0.0505538 0.217625
0.05057 0.217562
0.0505863 0.2175
0.0506025 0.217438
0.0506188 0.217375
0.050635 0.217312
0.0506513 0.21725
0.0506675 0.217188
0.0506838 0.217125
0.0507 0.217062
0.0507163 0.217
0.0507325 0.216938
0.0507488 0.216875
0.050765 0.216812
0.0507813 0.21675
0.0507975 0.216688
0.0508138 0.216625
0.05083 0.216562
0.0508463 0.2165
0.0508625 0.216438
0.0508788 0.216375
0.050895 0.216312
0.0509113 0.21625
0.0509275 0.216188
0.0509438 0.216125
0.05096 0.216062
0.0509763 0.216
0.0509925 0.215938
0.0510088 0.215875
0.051025 0.215813
0.0510413 0.21575
0.0510575 0.215688
0.0510738 0.215625
0.05109 0.215563
0.0511063 0.2155
0.0511225 0.215438
0.0511388 0.215375
0.051155 0.215313
0.0511713 0.21525
0.0511875 0.215188
0.0512038 0.215125
0.05122 0.215063
0.0512363 0.215
0.0512525 0.214875
0.0512688 0.214813
0.051285 0.21475
0.0513013 0.214688
0.0513175 0.214625
0.0513338 0.214563
0.05135 0.2145
0.0513663 0.214438
0.0513825 0.214375
0.0513988 0.214313
0.051415 0.21425
0.0514313 0.214188
0.0514475 0.214125
0.0514638 0.214063
0.05148 0.214
0.0514963 0.213938
0.0515125 0.213875
0.0515288 0.213813
0.051545 0.21375
0.0515613 0.213688
0.0515775 0.213625
0.0515938 0.213563
0.05161 0.2135
0.0516263 0.213438
0.0516425 0.213375
0.0516588 0.213313
0.051675 0.21325
0.0516913 0.213188
0.0517075 0.213125
0.0517238 0.213063
0.05174 0.213
0.0517563 0.212938
0.0517725 0.212875
0.0517888 0.21275
0.051805 0.212688
0.0518213 0.212625
0.0518375 0.212563
0.0518538 0.2125
0.05187 0.212438
0.0518863 0.212375
0.0519025 0.212313
0.0519188 0.21225
0.051935 0.212188
0.0519513 0.212125
0.0519675 0.212063
0.0519838 0.212
0.052 0.211938
0.0520163 0.211875
0.0520325 0.211813
0.0520488 0.21175
0.052065 0.211688
0.0520813 0.211625
0.0520975 0.211563
0.0521138 0.2115
0.05213 0.211375
0.0521463 0.211313
0.0521625 0.21125
0.0521788 0.211188
0.052195 0.211125
0.0522113 0.211063
0.0522275 0.211
0.0522438 0.210938
0.05226 0.210875
0.0522763 0.210813
0.0522925 0.21075
0.0523088 0.210687
0.052325 0.210625
0.0523413 0.210563
0.0523575 0.2105
0.0523738 0.210437
0.05239 0.210375
0.0524063 0.210313
0.0524225 0.210187
0.0524388 0.210125
0.052455 0.210063
0.0524713 0.21
0.0524875 0.209937
0.0525038 0.209875
0.05252 0.209813
0.0525363 0.20975
0.0525525 0.209687
0.0525688 0.209625
0.052585 0.209563
0.0526013 0.2095
0.0526175 0.209437
0.0526338 0.209375
0.05265 0.209313
0.0526663 0.209187
0.0526825 0.209125
0.0526988 0.209063
0.052715 0.209
0.0527313 0.208937
0.0527475 0.208875
0.0527638 0.208813
0.05278 0.20875
0.0527963 0.208687
0.0528125 0.208625
0.0528288 0.208563
0.052845 0.2085
0.0528613 0.208437
0.0528775 0.208313
0.0528938 0.20825
0.05291 0.208187
0.0529263 0.208125
0.0529425 0.208063
0.0529588 0.208
0.052975 0.207937
0.0529913 0.207875
0.0530075 0.207813
0.0530238 0.20775
0.05304 0.207687
0.0530563 0.207625
0.0530725 0.2075
0.0530888 0.207437
0.053105 0.207375
0.0531213 0.207313
0.0531375 0.20725
0.0531538 0.207187
0.05317 0.207125
0.0531863 0.207063
0.0532025 0.207
0.0532188 0.206937
0.053235 0.206875
0.0532513 0.20675
0.0532675 0.206687
0.0532838 0.206625
0.0533 0.206563
0.0533163 0.2065
0.0533325 0.206437
0.0533488 0.206375
0.053365 0.206313
0.0533813 0.20625
0.0533975 0.206187
0.0534138 0.206125
0.05343 0.206
0.0534463 0.205937
0.0534625 0.205875
0.0534788 0.205813
0.053495 0.20575
0.0535113 0.205687
0.0535275 0.205625
0.0535438 0.205563
0.05356 0.2055
0.0535763 0.205437
0.0535925 0.205313
0.0536088 0.20525
0.053625 0.205187
0.0536413 0.205125
0.0536575 0.205063
0.0536738 0.205
0.05369 0.204937
0.0537063 0.204875
0.0537225 0.204813
0.0537388 0.204687
0.053755 0.204625
0.0537713 0.204563
0.0537875 0.2045
0.0538038 0.204437
0.05382 0.204375
0.0538363 0.204313
0.0538525 0.20425
0.0538688 0.204187
0.053885 0.204063
0.0539013 0.204
0.0539175 0.203937
0.0539338 0.203875
0.05395 0.203813
0.0539663 0.20375
0.0539825 0.203687
0.0539988 0.203625
0.054015 0.2035
0.0540313 0.203437
0.0540475 0.203375
0.0540638 0.203313
0.05408 0.20325
0.0540963 0.203187
0.0541125 0.203125
0.0541288 0.203063
0.054145 0.202937
0.0541613 0.202875
0.0541775 0.202813
0.0541938 0.20275
0.05421 0.202687
0.0542263 0.202625
0.0542425 0.202563
0.0542588 0.2025
0.054275 0.202375
0.0542913 0.202313
0.0543075 0.20225
0.0543238 0.202187
0.05434 0.202125
0.0543563 0.202063
0.0543725 0.202
0.0543888 0.201937
0.054405 0.201813
0.0544213 0.20175
0.0544375 0.201687
0.0544538 0.201625
0.05447 0.201563
0.0544863 0.2015
0.0545025 0.201437
0.0545188 0.201313
0.054535 0.20125
0.0545513 0.201187
0.0545675 0.201125
0.0545838 0.201063
0.0546 0.201
0.0546163 0.200937
0.0546325 0.200813
0.0546488 0.20075
0.054665 0.200687
0.0546813 0.200625
0.0546975 0.200563
0.0547138 0.2005
0.05473 0.200437
0.0547463 0.200313
0.0547625 0.20025
0.0547788 0.200187
0.054795 0.200125
0.0548113 0.200063
0.0548275 0.2
0.0548438 0.199938
0.05486 0.199813
0.0548763 0.19975
0.0548925 0.199688
0.0549088 0.199625
0.054925 0.199563
0.0549413 0.1995
0.0549575 0.199438
0.0549738 0.199313
0.05499 0.19925
0.0550063 0.199188
0.0550225 0.199125
0.0550388 0.199063
0.055055 0.199
0.0550713 0.198875
0.0550875 0.198813
0.0551038 0.19875
0.05512 0.198688
0.0551363 0.198625
0.0551525 0.198563
0.0551688 0.198438
0.055185 0.198375
0.0552013 0.198313
0.0552175 0.19825
0.0552338 0.198188
0.05525 0.198125
0.0552663 0.198
0.0552825 0.197938
0.0552988 0.197875
0.055315 0.197813
0.0553313 0.19775
0.0553475 0.197688
0.0553638 0.197563
0.05538 0.1975
0.0553963 0.197438
0.0554125 0.197375
0.0554288 0.197313
0.055445 0.19725
0.0554613 0.197125
0.0554775 0.197063
0.0554938 0.197
0.05551 0.196938
0.0555263 0.196875
0.0555425 0.196813
0.0555588 0.196688
0.055575 0.196625
0.0555913 0.196563
0.0556075 0.1965
0.0556238 0.196438
0.05564 0.196313
0.0556563 0.19625
0.0556725 0.196188
0.0556888 0.196125
0.055705 0.196063
0.0557213 0.196
0.0557375 0.195875
0.0557538 0.195813
0.05577 0.19575
0.0557863 0.195688
0.0558025 0.195625
0.0558188 0.1955
0.055835 0.195438
0.0558513 0.195375
0.0558675 0.195312
0.0558838 0.19525
0.0559 0.195188
0.0559163 0.195062
0.0559325 0.195
0.0559488 0.194938
0.055965 0.194875
0.0559813 0.194812
0.0559975 0.194688
0.0560138 0.194625
0.05603 0.194562
0.0560463 0.1945
0.0560625 0.194438
0.0560788 0.194312
0.056095 0.19425
0.0561113 0.194188
0.0561275 0.194125
0.0561438 0.194062
0.05616 0.193938
0.0561763 0.193875
0.0561925 0.193812
0.0562088 0.19375
0.056225 0.193688
0.0562413 0.193562
0.0562575 0.1935
0.0562738 0.193438
0.05629 0.193375
0.0563063 0.193312
0.0563225 0.193188
0.0563388 0.193125
0.056355 0.193062
0.0563713 0.193
0.0563875 0.192938
0.0564038 0.192812
0.05642 0.19275
0.0564363 0.192688
0.0564525 0.192625
0.0564688 0.192562
0.056485 0.192438
0.0565013 0.192375
0.0565175 0.192312
0.0565338 0.19225
0.05655 0.192125
0.0565663 0.192062
0.0565825 0.192
0.0565988 0.191938
0.056615 0.191875
0.0566313 0.19175
0.0566475 0.191688
0.0566638 0.191625
0.05668 0.191562
0.0566963 0.1915
0.0567125 0.191375
0.0567288 0.191312
0.056745 0.19125
0.0567613 0.191188
0.0567775 0.191062
0.0567938 0.191
0.05681 0.190938
0.0568263 0.190875
0.0568425 0.190812
0.0568588 0.190688
0.056875 0.190625
0.0568913 0.190562
0.0569075 0.1905
0.0569238 0.190375
0.05694 0.190312
0.0569563 0.19025
0.0569725 0.190188
0.0569888 0.190062
0.057005 0.19
0.0570213 0.189938
0.0570375 0.189875
0.0570538 0.189812
0.05707 0.189688
0.0570863 0.189625
0.0571025 0.189562
0.0571188 0.1895
0.057135 0.189375
0.0571513 0.189312
0.0571675 0.18925
0.0571838 0.189188
0.0572 0.189062
0.0572163 0.189
0.0572325 0.188938
0.0572488 0.188875
0.057265 0.18875
0.0572813 0.188688
0.0572975 0.188625
0.0573138 0.188562
0.05733 0.1885
0.0573463 0.188375
0.0573625 0.188312
0.0573788 0.18825
0.057395 0.188188
0.0574113 0.188062
0.0574275 0.188
0.0574438 0.187938
0.05746 0.187875
0.0574763 0.18775
0.0574925 0.187688
0.0575088 0.187625
0.057525 0.187562
0.0575413 0.187438
0.0575575 0.187375
0.0575738 0.187312
0.05759 0.18725
0.0576063 0.187125
0.0576225 0.187062
0.0576388 0.187
0.057655 0.186938
0.0576713 0.186812
0.0576875 0.18675
0.0577038 0.186688
0.05772 0.186625
0.0577363 0.1865
0.0577525 0.186438
0.0577688 0.186375
0.057785 0.18625
0.0578013 0.186188
0.0578175 0.186125
0.0578338 0.186062
0.05785 0.185938
0.0578663 0.185875
0.0578825 0.185812
0.0578988 0.18575
0.057915 0.185625
0.0579313 0.185562
0.0579475 0.1855
0.0579638 0.185438
0.05798 0.185312
0.0579963 0.18525
0.0580125 0.185188
0.0580288 0.185062
0.058045 0.185
0.0580613 0.184938
0.0580775 0.184875
0.0580938 0.18475
0.05811 0.184688
0.0581263 0.184625
0.0581425 0.184562
0.0581588 0.184438
0.058175 0.184375
0.0581913 0.184312
0.0582075 0.184188
0.0582238 0.184125
0.05824 0.184062
0.0582563 0.184
0.0582725 0.183875
0.0582888 0.183813
0.058305 0.18375
0.0583213 0.183688
0.0583375 0.183563
0.0583538 0.1835
0.05837 0.183438
0.0583863 0.183313
0.0584025 0.18325
0.0584188 0.183188
0.058435 0.183125
0.0584513 0.183
0.0584675 0.182938
0.0584838 0.182875
0.0585 0.18275
0.0585163 0.182688
0.0585325 0.182625
0.0585488 0.182563
0.058565 0.182438
0.0585813 0.182375
0.0585975 0.182313
0.0586138 0.182188
0.05863 0.182125
0.0586463 0.182063
0.0586625 0.182
0.0586788 0.181875
0.058695 0.181813
0.0587113 0.18175
0.0587275 0.181625
0.0587438 0.181563
0.05876 0.1815
0.0587763 0.181375
0.0587925 0.181313
0.0588088 0.18125
0.058825 0.181188
0.0588413 0.181063
0.0588575 0.181
0.0588738 0.180938
0.05889 0.180813
0.0589063 0.18075
0.0589225 0.180688
0.0589388 0.180563
0.058955 0.1805
0.0589713 0.180438
0.0589875 0.180313
0.0590038 0.18025
0.05902 0.180188
0.0590363 0.180125
0.0590525 0.18
0.0590688 0.179938
0.059085 0.179875
0.0591013 0.17975
0.0591175 0.179688
0.0591338 0.179625
0.05915 0.1795
0.0591663 0.179437
0.0591825 0.179375
0.0591988 0.17925
0.059215 0.179187
0.0592313 0.179125
0.0592475 0.179
0.0592638 0.178937
0.05928 0.178875
0.0592963 0.178813
0.0593125 0.178687
0.0593288 0.178625
0.059345 0.178563
0.0593613 0.178437
0.0593775 0.178375
0.0593938 0.178313
0.05941 0.178187
0.0594263 0.178125
0.0594425 0.178063
0.0594588 0.177937
0.059475 0.177875
0.0594913 0.177813
0.0595075 0.177687
0.0595238 0.177625
0.05954 0.177563
0.0595563 0.177437
0.0595725 0.177375
0.0595888 0.177313
0.059605 0.177187
0.0596213 0.177125
0.0596375 0.177063
0.0596538 0.176937
0.05967 0.176875
0.0596863 0.176813
0.0597025 0.176687
0.0597188 0.176625
0.059735 0.176563
0.0597513 0.176437
0.0597675 0.176375
0.0597838 0.176313
0.0598 0.176187
0.0598163 0.176125
0.0598325 0.176063
0.0598488 0.175937
0.059865 0.175875
0.0598813 0.175813
0.0598975 0.175687
0.0599138 0.175625
0.05993 0.175563
0.0599463 0.175437
0.0599625 0.175375
0.0599788 0.175313
0.059995 0.175187
0.0600113 0.175125
0.0600275 0.175063
0.0600438 0.174937
0.06006 0.174875
0.0600763 0.17475
0.0600925 0.174687
0.0601088 0.174625
0.060125 0.1745
0.0601413 0.174437
0.0601575 0.174375
0.0601738 0.17425
0.06019 0.174187
0.0602063 0.174125
0.0602225 0.174
0.0602388 0.173937
0.060255 0.173875
0.0602713 0.17375
0.0602875 0.173687
0.0603038 0.173625
0.06032 0.1735
0.0603363 0.173437
0.0603525 0.173313
0.0603688 0.17325
0.060385 0.173187
0.0604013 0.173063
0.0604175 0.173
0.0604338 0.172937
0.06045 0.172813
0.0604663 0.17275
0.0604825 0.172687
0.0604988 0.172563
0.060515 0.1725
0.0605313 0.172375
0.0605475 0.172313
0.0605638 0.17225
0.06058 0.172125
0.0605963 0.172063
0.0606125 0.172
0.0606288 0.171875
0.060645 0.171813
0.0606613 0.171687
0.0606775 0.171625
0.0606938 0.171563
0.06071 0.171437
0.0607263 0.171375
0.0607425 0.171313
0.0607588 0.171187
0.060775 0.171125
0.0607913 0.171
0.0608075 0.170937
0.0608238 0.170875
0.06084 0.17075
0.0608563 0.170687
0.0608725 0.170625
0.0608888 0.1705
0.060905 0.170437
0.0609213 0.170313
0.0609375 0.17025
0.0609538 0.170187
0.06097 0.170063
0.0609863 0.17
0.0610025 0.169875
0.0610188 0.169813
0.061035 0.16975
0.0610513 0.169625
0.0610675 0.169563
0.0610838 0.1695
0.0611 0.169375
0.0611163 0.169313
0.0611325 0.169187
0.0611488 0.169125
0.061165 0.169063
0.0611813 0.168937
0.0611975 0.168875
0.0612138 0.16875
0.06123 0.168687
0.0612463 0.168625
0.0612625 0.1685
0.0612788 0.168437
0.061295 0.168313
0.0613113 0.16825
0.0613275 0.168187
0.0613438 0.168063
0.06136 0.168
0.0613763 0.167875
0.0613925 0.167813
0.0614088 0.16775
0.061425 0.167625
0.0614413 0.167563
0.0614575 0.167438
0.0614738 0.167375
0.06149 0.167313
0.0615063 0.167188
0.0615225 0.167125
0.0615388 0.167
0.061555 0.166938
0.0615713 0.166813
0.0615875 0.16675
0.0616038 0.166688
0.06162 0.166563
0.0616363 0.1665
0.0616525 0.166375
0.0616688 0.166313
0.061685 0.16625
0.0617013 0.166125
0.0617175 0.166063
0.0617338 0.165938
0.06175 0.165875
0.0617663 0.165813
0.0617825 0.165688
0.0617988 0.165625
0.061815 0.1655
0.0618313 0.165438
0.0618475 0.165313
0.0618638 0.16525
0.06188 0.165188
0.0618963 0.165063
0.0619125 0.165
0.0619288 0.164875
0.061945 0.164813
0.0619613 0.164688
0.0619775 0.164625
0.0619938 0.164563
0.06201 0.164438
0.0620263 0.164375
0.0620425 0.16425
0.0620588 0.164188
0.062075 0.164062
0.0620913 0.164
0.0621075 0.163938
0.0621238 0.163812
0.06214 0.16375
0.0621563 0.163625
0.0621725 0.163562
0.0621888 0.163438
0.062205 0.163375
0.0622213 0.163312
0.0622375 0.163188
0.0622538 0.163125
0.06227 0.163
0.0622863 0.162938
0.0623025 0.162812
0.0623188 0.16275
0.062335 0.162625
0.0623513 0.162562
0.0623675 0.1625
0.0623838 0.162375
0.0624 0.162312
0.0624163 0.162188
0.0624325 0.162125
0.0624488 0.162
0.062465 0.161938
0.0624813 0.161812
0.0624975 0.16175
0.0625138 0.161625
0.06253 0.161562
0.0625463 0.1615
0.0625625 0.161375
0.0625788 0.161312
0.062595 0.161188
0.0626113 0.161125
0.0626275 0.161
0.0626438 0.160938
0.06266 0.160812
0.0626763 0.16075
0.0626925 0.160688
0.0627088 0.160562
0.062725 0.1605
0.0627413 0.160375
0.0627575 0.160312
0.0627738 0.160188
0.06279 0.160125
0.0628063 0.16
0.0628225 0.159938
0.0628388 0.159812
0.062855 0.15975
0.0628713 0.159625
0.0628875 0.159562
0.0629038 0.159438
0.06292 0.159375
0.0629363 0.159312
0.0629525 0.159188
0.0629688 0.159125
0.062985 0.159
0.0630013 0.158938
0.0630175 0.158812
0.0630338 0.15875
0.06305 0.158625
0.0630663 0.158562
0.0630825 0.158438
0.0630988 0.158375
0.063115 0.15825
0.0631313 0.158188
0.0631475 0.158062
0.0631638 0.158
0.06318 0.157875
0.0631963 0.157812
0.0632125 0.157688
0.0632288 0.157625
0.063245 0.157562
0.0632613 0.157438
0.0632775 0.157375
0.0632938 0.15725
0.06331 0.157188
0.0633263 0.157062
0.0633425 0.157
0.0633588 0.156875
0.063375 0.156812
0.0633913 0.156688
0.0634075 0.156625
0.0634238 0.1565
0.06344 0.156438
0.0634563 0.156312
0.0634725 0.15625
0.0634888 0.156125
0.063505 0.156062
0.0635213 0.155938
0.0635375 0.155875
0.0635538 0.15575
0.06357 0.155688
0.0635863 0.155562
0.0636025 0.1555
0.0636188 0.155375
0.063635 0.155312
0.0636513 0.155188
0.0636675 0.155125
0.0636838 0.155
0.0637 0.154938
0.0637163 0.154812
0.0637325 0.15475
0.0637488 0.154625
0.063765 0.154562
0.0637813 0.154438
0.0637975 0.154375
0.0638138 0.15425
0.06383 0.154188
0.0638463 0.154062
0.0638625 0.154
0.0638788 0.153875
0.063895 0.153812
0.0639113 0.153688
0.0639275 0.153625
0.0639438 0.1535
0.06396 0.153438
0.0639763 0.153312
0.0639925 0.15325
0.0640088 0.153125
0.064025 0.153062
0.0640413 0.152938
0.0640575 0.152875
0.0640738 0.15275
0.06409 0.152625
0.0641063 0.152562
0.0641225 0.152438
0.0641388 0.152375
0.064155 0.15225
0.0641713 0.152188
0.0641875 0.152062
0.0642038 0.152
0.06422 0.151875
0.0642363 0.151813
0.0642525 0.151688
0.0642688 0.151625
0.064285 0.1515
0.0643013 0.151438
0.0643175 0.151313
0.0643338 0.15125
0.06435 0.151125
0.0643663 0.151063
0.0643825 0.150938
0.0643988 0.150813
0.064415 0.15075
0.0644313 0.150625
0.0644475 0.150563
0.0644638 0.150438
0.06448 0.150375
0.0644963 0.15025
0.0645125 0.150188
0.0645288 0.150063
0.064545 0.15
0.0645613 0.149875
0.0645775 0.149813
0.0645938 0.149688
0.06461 0.149563
0.0646263 0.1495
0.0646425 0.149375
0.0646588 0.149313
0.064675 0.149188
0.0646913 0.149125
0.0647075 0.149
0.0647238 0.148938
0.06474 0.148813
0.0647563 0.14875
0.0647725 0.148625
0.0647888 0.1485
0.064805 0.148438
0.0648213 0.148313
0.0648375 0.14825
0.0648538 0.148125
0.06487 0.148063
0.0648863 0.147937
0.0649025 0.147875
0.0649188 0.14775
0.064935 0.147625
0.0649513 0.147563
0.0649675 0.147437
0.0649838 0.147375
0.065 0.14725
0.0650163 0.147187
0.0650325 0.147063
0.0650488 0.147
0.065065 0.146875
0.0650813 0.14675
0.0650975 0.146687
0.0651138 0.146563
0.06513 0.1465
0.0651463 0.146375
0.0651625 0.146313
0.0651788 0.146187
0.065195 0.146063
0.0652113 0.146
0.0652275 0.145875
0.0652438 0.145813
0.06526 0.145687
0.0652763 0.145625
0.0652925 0.1455
0.0653088 0.145375
0.065325 0.145313
0.0653413 0.145187
0.0653575 0.145125
0.0653738 0.145
0.06539 0.144937
0.0654063 0.144813
0.0654225 0.144687
0.0654388 0.144625
0.065455 0.1445
0.0654713 0.144437
0.0654875 0.144313
0.0655038 0.144187
0.06552 0.144125
0.0655363 0.144
0.0655525 0.143937
0.0655688 0.143813
0.065585 0.14375
0.0656013 0.143625
0.0656175 0.1435
0.0656338 0.143437
0.06565 0.143313
0.0656663 0.14325
0.0656825 0.143125
0.0656988 0.143
0.065715 0.142937
0.0657313 0.142813
0.0657475 0.14275
0.0657638 0.142625
0.06578 0.1425
0.0657963 0.142437
0.0658125 0.142313
0.0658288 0.14225
0.065845 0.142125
0.0658613 0.142
0.0658775 0.141937
0.0658938 0.141813
0.06591 0.14175
0.0659263 0.141625
0.0659425 0.1415
0.0659588 0.141437
0.065975 0.141313
0.0659913 0.14125
0.0660075 0.141125
0.0660238 0.141
0.06604 0.140937
0.0660563 0.140813
0.0660725 0.14075
0.0660888 0.140625
0.066105 0.1405
0.0661213 0.140437
0.0661375 0.140313
0.0661538 0.140187
0.06617 0.140125
0.0661863 0.14
0.0662025 0.139937
0.0662188 0.139813
0.066235 0.139687
0.0662513 0.139625
0.0662675 0.1395
0.0662838 0.139437
0.0663 0.139313
0.0663163 0.139187
0.0663325 0.139125
0.0663488 0.139
0.066365 0.138875
0.0663813 0.138813
0.0663975 0.138687
0.0664138 0.138625
0.06643 0.1385
0.0664463 0.138375
0.0664625 0.138313
0.0664788 0.138187
0.066495 0.138063
0.0665113 0.138
0.0665275 0.137875
0.0665438 0.13775
0.06656 0.137687
0.0665763 0.137563
0.0665925 0.1375
0.0666088 0.137375
0.066625 0.13725
0.0666413 0.137187
0.0666575 0.137063
0.0666738 0.136937
0.06669 0.136875
0.0667063 0.13675
0.0667225 0.136625
0.0667388 0.136563
0.066755 0.136437
0.0667713 0.136313
0.0667875 0.13625
0.0668038 0.136125
0.06682 0.136063
0.0668363 0.135938
0.0668525 0.135813
0.0668688 0.13575
0.066885 0.135625
0.0669013 0.1355
0.0669175 0.135438
0.0669338 0.135313
0.06695 0.135188
0.0669663 0.135125
0.0669825 0.135
0.0669988 0.134875
0.067015 0.134813
0.0670313 0.134688
0.0670475 0.134563
0.0670638 0.1345
0.06708 0.134375
0.0670963 0.13425
0.0671125 0.134188
0.0671288 0.134063
0.067145 0.133938
0.0671613 0.133875
0.0671775 0.13375
0.0671938 0.133625
0.06721 0.133563
0.0672263 0.133438
0.0672425 0.133313
0.0672588 0.13325
0.067275 0.133125
0.0672913 0.133
0.0673075 0.132938
0.0673238 0.132812
0.06734 0.132688
0.0673563 0.132625
0.0673725 0.1325
0.0673888 0.132375
0.067405 0.132312
0.0674213 0.132188
0.0674375 0.132062
0.0674538 0.132
0.06747 0.131875
0.0674863 0.13175
0.0675025 0.131688
0.0675188 0.131562
0.067535 0.131438
0.0675513 0.131375
0.0675675 0.13125
0.0675838 0.131125
0.0676 0.131
0.0676163 0.130938
0.0676325 0.130812
0.0676488 0.130688
0.067665 0.130625
0.0676813 0.1305
0.0676975 0.130375
0.0677138 0.130312
0.06773 0.130188
0.0677463 0.130062
0.0677625 0.13
0.0677788 0.129875
0.067795 0.12975
0.0678113 0.129625
0.0678275 0.129562
0.0678438 0.129438
0.06786 0.129312
0.0678763 0.12925
0.0678925 0.129125
0.0679088 0.129
0.067925 0.128938
0.0679413 0.128812
0.0679575 0.128688
0.0679738 0.128562
0.06799 0.1285
0.0680063 0.128375
0.0680225 0.12825
0.0680388 0.128188
0.068055 0.128062
0.0680713 0.127938
0.0680875 0.127812
0.0681038 0.12775
0.06812 0.127625
0.0681363 0.1275
0.0681525 0.127438
0.0681688 0.127312
0.068185 0.127188
0.0682013 0.127062
0.0682175 0.127
0.0682338 0.126875
0.06825 0.12675
0.0682663 0.126625
0.0682825 0.126562
0.0682988 0.126438
0.068315 0.126312
0.0683313 0.12625
0.0683475 0.126125
0.0683638 0.126
0.06838 0.125875
0.0683963 0.125812
0.0684125 0.125688
0.0684288 0.125562
0.068445 0.125438
0.0684613 0.125375
0.0684775 0.12525
0.0684938 0.125125
0.06851 0.125062
0.0685263 0.124938
0.0685425 0.124813
0.0685588 0.124688
0.068575 0.124625
0.0685913 0.1245
0.0686075 0.124375
0.0686238 0.12425
0.06864 0.124188
0.0686563 0.124063
0.0686725 0.123938
0.0686888 0.123813
0.068705 0.12375
0.0687213 0.123625
0.0687375 0.1235
0.0687538 0.123375
0.06877 0.123313
0.0687863 0.123188
0.0688025 0.123063
0.0688188 0.122938
0.068835 0.122875
0.0688513 0.12275
0.0688675 0.122625
0.0688838 0.1225
0.0689 0.122438
0.0689163 0.122313
0.0689325 0.122188
0.0689488 0.122063
0.068965 0.121938
0.0689813 0.121875
0.0689975 0.12175
0.0690138 0.121625
0.06903 0.1215
0.0690463 0.121438
0.0690625 0.121313
0.0690788 0.121188
0.069095 0.121063
0.0691113 0.121
0.0691275 0.120875
0.0691438 0.12075
0.06916 0.120625
0.0691763 0.1205
0.0691925 0.120438
0.0692088 0.120313
0.069225 0.120188
0.0692413 0.120063
0.0692575 0.12
0.0692738 0.119875
0.06929 0.11975
0.0693063 0.119625
0.0693225 0.1195
0.0693388 0.119438
0.069355 0.119313
0.0693713 0.119188
0.0693875 0.119063
0.0694038 0.118938
0.06942 0.118875
0.0694363 0.11875
0.0694525 0.118625
0.0694688 0.1185
0.069485 0.118438
0.0695013 0.118313
0.0695175 0.118188
0.0695338 0.118063
0.06955 0.117938
0.0695663 0.117875
0.0695825 0.11775
0.0695988 0.117625
0.069615 0.1175
0.0696313 0.117375
0.0696475 0.117313
0.0696638 0.117188
0.06968 0.117062
0.0696963 0.116937
0.0697125 0.116812
0.0697288 0.116687
0.069745 0.116625
0.0697613 0.1165
0.0697775 0.116375
0.0697938 0.11625
0.06981 0.116125
0.0698263 0.116062
0.0698425 0.115937
0.0698588 0.115812
0.069875 0.115687
0.0698913 0.115562
0.0699075 0.1155
0.0699238 0.115375
0.06994 0.11525
0.0699563 0.115125
0.0699725 0.115
0.0699888 0.114875
0.070005 0.114812
0.0700213 0.114687
0.0700375 0.114562
0.0700538 0.114437
0.07007 0.114312
0.0700863 0.114187
0.0701025 0.114125
0.0701188 0.114
0.070135 0.113875
0.0701513 0.11375
0.0701675 0.113625
0.0701838 0.1135
0.0702 0.113437
0.0702163 0.113312
0.0702325 0.113187
0.0702488 0.113062
0.070265 0.112937
0.0702813 0.112812
0.0702975 0.11275
0.0703138 0.112625
0.07033 0.1125
0.0703463 0.112375
0.0703625 0.11225
0.0703788 0.112125
0.070395 0.112
0.0704113 0.111938
0.0704275 0.111813
0.0704438 0.111688
0.07046 0.111563
0.0704763 0.111438
0.0704925 0.111313
0.0705088 0.111188
0.070525 0.111125
0.0705413 0.111
0.0705575 0.110875
0.0705738 0.11075
0.07059 0.110625
0.0706063 0.1105
0.0706225 0.110375
0.0706388 0.11025
0.070655 0.110188
0.0706713 0.110063
0.0706875 0.109938
0.0707038 0.109813
0.07072 0.109688
0.0707363 0.109563
0.0707525 0.109438
0.0707688 0.109313
0.070785 0.10925
0.0708013 0.109125
0.0708175 0.109
0.0708338 0.108875
0.07085 0.10875
0.0708663 0.108625
0.0708825 0.1085
0.0708988 0.108375
0.070915 0.108313
0.0709313 0.108188
0.0709475 0.108063
0.0709638 0.107938
0.07098 0.107813
0.0709963 0.107688
0.0710125 0.107563
0.0710288 0.107438
0.071045 0.107313
0.0710613 0.10725
0.0710775 0.107125
0.0710938 0.107
0.07111 0.106875
0.0711263 0.10675
0.0711425 0.106625
0.0711588 0.1065
0.071175 0.106375
0.0711913 0.10625
0.0712075 0.106125
0.0712238 0.106
0.07124 0.105938
0.0712563 0.105813
0.0712725 0.105688
0.0712888 0.105563
0.071305 0.105438
0.0713213 0.105313
0.0713375 0.105188
0.0713538 0.105063
0.07137 0.104938
0.0713863 0.104813
0.0714025 0.104688
0.0714188 0.104563
0.071435 0.1045
0.0714513 0.104375
0.0714675 0.10425
0.0714838 0.104125
0.0715 0.104
0.0715163 0.103875
0.0715325 0.10375
0.0715488 0.103625
0.071565 0.1035
0.0715813 0.103375
0.0715975 0.10325
0.0716138 0.103125
0.07163 0.103
0.0716463 0.102875
0.0716625 0.10275
0.0716788 0.102625
0.071695 0.102563
0.0717113 0.102438
0.0717275 0.102313
0.0717438 0.102188
0.07176 0.102063
0.0717763 0.101938
0.0717925 0.101813
0.0718088 0.101688
0.071825 0.101562
0.0718413 0.101437
0.0718575 0.101312
0.0718738 0.101187
0.07189 0.101062
0.0719063 0.100937
0.0719225 0.100812
0.0719388 0.100687
0.071955 0.100562
0.0719713 0.100437
0.0719875 0.100312
0.0720038 0.100187
0.07202 0.100062
0.0720363 0.0999375
0.0720525 0.0998125
0.0720688 0.0996875
0.072085 0.0995625
0.0721013 0.0994375
0.0721175 0.0993125
0.0721338 0.0991875
0.07215 0.0990625
0.0721663 0.099
0.0721825 0.0988125
0.0721988 0.09875
0.072215 0.098625
0.0722313 0.0985
0.0722475 0.098375
0.0722638 0.09825
0.07228 0.098125
0.0722963 0.098
0.0723125 0.097875
0.0723288 0.09775
0.072345 0.097625
0.0723613 0.0975
0.0723775 0.097375
0.0723938 0.09725
0.07241 0.097125
0.0724263 0.097
0.0724425 0.096875
0.0724588 0.09675
0.072475 0.096625
0.0724913 0.0964375
0.0725075 0.0963125
0.0725238 0.0961875
0.07254 0.0960625
0.0725563 0.0959375
0.0725725 0.0958125
0.0725888 0.0956875
0.072605 0.0955625
0.0726213 0.0954375
0.0726375 0.0953125
0.0726538 0.0951875
0.07267 0.0950625
0.0726863 0.0949375
0.0727025 0.0948125
0.0727188 0.0946875
0.072735 0.0945625
0.0727513 0.0944375
0.0727675 0.0943125
0.0727838 0.0941875
0.0728 0.0940625
0.0728163 0.0939375
0.0728325 0.0938125
0.0728488 0.0936875
0.072865 0.0935625
0.0728813 0.0934375
0.0728975 0.0933125
0.0729138 0.0931875
0.07293 0.0930625
0.0729463 0.092875
0.0729625 0.09275
0.0729788 0.092625
0.072995 0.0925
0.0730113 0.092375
0.0730275 0.09225
0.0730438 0.092125
0.07306 0.092
0.0730763 0.091875
0.0730925 0.09175
0.0731088 0.091625
0.073125 0.0915
0.0731413 0.091375
0.0731575 0.09125
0.0731738 0.091125
0.07319 0.0909375
0.0732063 0.0908125
0.0732225 0.0906875
0.0732388 0.0905625
0.073255 0.0904375
0.0732713 0.0903125
0.0732875 0.0901875
0.0733038 0.0900625
0.07332 0.0899375
0.0733363 0.0898125
0.0733525 0.0896875
0.0733688 0.0895
0.073385 0.089375
0.0734013 0.08925
0.0734175 0.089125
0.0734338 0.089
0.07345 0.088875
0.0734663 0.08875
0.0734825 0.088625
0.0734988 0.0885
0.073515 0.0883125
0.0735313 0.0881875
0.0735475 0.0880625
0.0735638 0.0879375
0.07358 0.0878125
0.0735963 0.0876875
0.0736125 0.0875625
0.0736288 0.0874375
0.073645 0.08725
0.0736613 0.087125
0.0736775 0.087
0.0736938 0.086875
0.07371 0.08675
0.0737263 0.086625
0.0737425 0.0865
0.0737588 0.0863125
0.073775 0.0861875
0.0737913 0.0860625
0.0738075 0.0859375
0.0738238 0.0858125
0.07384 0.0856875
0.0738563 0.0855625
0.0738725 0.085375
0.0738888 0.08525
0.073905 0.085125
0.0739213 0.085
0.0739375 0.084875
0.0739538 0.08475
0.07397 0.0845625
0.0739863 0.0844375
0.0740025 0.0843125
0.0740188 0.0841875
0.074035 0.0840625
0.0740513 0.0839375
0.0740675 0.08375
0.0740838 0.083625
0.0741 0.0835
0.0741163 0.083375
0.0741325 0.08325
0.0741488 0.0830625
0.074165 0.0829375
0.0741813 0.0828125
0.0741975 0.0826875
0.0742138 0.0825625
0.07423 0.082375
0.0742463 0.08225
0.0742625 0.082125
0.0742788 0.082
0.074295 0.081875
0.0743113 0.0816875
0.0743275 0.0815625
0.0743438 0.0814375
0.07436 0.0813125
0.0743763 0.081125
0.0743925 0.081
0.0744088 0.080875
0.074425 0.08075
0.0744413 0.080625
0.0744575 0.0804375
0.0744738 0.0803125
0.07449 0.0801875
0.0745063 0.0800625
0.0745225 0.079875
0.0745388 0.07975
0.074555 0.079625
0.0745713 0.0795
0.0745875 0.0793125
0.0746038 0.0791875
0.07462 0.0790625
0.0746363 0.0789375
0.0746525 0.07875
0.0746688 0.078625
0.074685 0.0785
0.0747013 0.0783125
0.0747175 0.0781875
0.0747338 0.0780625
0.07475 0.0779375
0.0747663 0.07775
0.0747825 0.077625
0.0747988 0.0775
0.074815 0.0773125
0.0748313 0.0771875
0.0748475 0.0770625
0.0748638 0.0769375
0.07488 0.07675
0.0748963 0.076625
0.0749125 0.0765
0.0749288 0.0763125
0.074945 0.0761875
0.0749613 0.0760625
0.0749775 0.075875
0.0749938 0.07575
0.07501 0.075625
0.0750263 0.0754375
0.0750425 0.0753125
0.0750588 0.0751875
0.075075 0.075
0.0750913 0.074875
0.0751075 0.07475
0.0751238 0.0745625
0.07514 0.0744375
0.0751563 0.0743125
0.0751725 0.074125
0.0751888 0.074
0.075205 0.073875
0.0752213 0.0736875
0.0752375 0.0735625
0.0752538 0.0734375
0.07527 0.07325
0.0752863 0.073125
0.0753025 0.0729375
0.0753188 0.0728125
0.075335 0.0726875
0.0753513 0.0725
0.0753675 0.072375
0.0753838 0.07225
0.0754 0.0720625
0.0754163 0.0719375
0.0754325 0.07175
0.0754488 0.071625
0.075465 0.0715
0.0754813 0.0713125
0.0754975 0.0711875
0.0755138 0.071
0.07553 0.070875
0.0755463 0.0706875
0.0755625 0.0705625
0.0755788 0.0704375
0.075595 0.07025
0.0756113 0.070125
0.0756275 0.0699375
0.0756438 0.0698125
0.07566 0.069625
0.0756763 0.0695
0.0756925 0.0693125
0.0757088 0.0691875
0.075725 0.0690625
0.0757413 0.068875
0.0757575 0.06875
0.0757738 0.0685625
0.07579 0.0684375
0.0758063 0.06825
0.0758225 0.068125
0.0758388 0.0679375
0.075855 0.0678125
0.0758713 0.067625
0.0758875 0.0675
0.0759038 0.0673125
0.07592 0.0671875
0.0759363 0.067
0.0759525 0.066875
0.0759688 0.0666875
0.075985 0.0665625
0.0760013 0.066375
0.0760175 0.06625
0.0760338 0.0660625
0.07605 0.065875
0.0760663 0.06575
0.0760825 0.0655625
0.0760988 0.0654375
0.076115 0.06525
0.0761313 0.065125
0.0761475 0.0649375
0.0761638 0.0648125
0.07618 0.064625
0.0761963 0.0644375
0.0762125 0.0643125
0.0762288 0.064125
0.076245 0.064
0.0762613 0.0638125
0.0762775 0.063625
0.0762938 0.0635
0.07631 0.0633125
0.0763263 0.0631875
0.0763425 0.063
0.0763588 0.0628125
0.076375 0.0626875
0.0763913 0.0625
0.0764075 0.0623125
0.0764238 0.0621875
0.07644 0.062
0.0764563 0.0618125
0.0764725 0.0616875
0.0764888 0.0615
0.076505 0.0613125
0.0765213 0.0611875
0.0765375 0.061
0.0765538 0.0608125
0.07657 0.0606875
0.0765863 0.0605
0.0766025 0.0603125
0.0766188 0.0601875
0.076635 0.06
0.0766513 0.0598125
0.0766675 0.059625
0.0766838 0.0595
0.0767 0.0593125
0.0767163 0.059125
0.0767325 0.0589375
0.0767488 0.0588125
0.076765 0.058625
0.0767813 0.0584375
0.0767975 0.05825
0.0768138 0.0580625
0.07683 0.0579375
0.0768463 0.05775
0.0768625 0.0575625
0.0768788 0.057375
0.076895 0.0571875
0.0769113 0.0570625
0.0769275 0.056875
0.0769438 0.0566875
0.07696 0.0565
0.0769763 0.0563125
0.0769925 0.056125
0.0770088 0.056
0.077025 0.0558125
0.0770413 0.055625
0.0770575 0.0554375
0.0770738 0.05525
0.07709 0.0550625
0.0771063 0.054875
0.0771225 0.0546875
0.0771388 0.0545
0.077155 0.0543125
0.0771713 0.054125
0.0771875 0.0539375
0.0772038 0.0538125
0.07722 0.053625
0.0772363 0.0534375
0.0772525 0.05325
0.0772688 0.0530625
0.077285 0.052875
0.0773013 0.0526875
0.0773175 0.0525
0.0773338 0.0523125
0.07735 0.052125
0.0773663 0.051875
0.0773825 0.0516875
0.0773988 0.0515
0.077415 0.0513125
0.0774313 0.051125
0.0774475 0.0509375
0.0774638 0.05075
0.07748 0.0505625
0.0774963 0.050375
0.0775125 0.0501875
0.0775288 0.0499375
0.077545 0.04975
0.0775613 0.0495625
0.0775775 0.049375
0.0775938 0.0491875
0.07761 0.049
0.0776263 0.04875
0.0776425 0.0485625
0.0776588 0.048375
0.077675 0.0481875
0.0776913 0.0479375
0.0777075 0.04775
0.0777238 0.0475625
0.07774 0.047375
0.0777563 0.047125
0.0777725 0.0469375
0.0777888 0.04675
0.077805 0.0465
0.0778213 0.0463125
0.0778375 0.046125
0.0778538 0.045875
0.07787 0.0456875
0.0778863 0.0454375
0.0779025 0.04525
0.0779188 0.045
0.077935 0.0448125
0.0779513 0.0445625
0.0779675 0.044375
0.0779838 0.044125
0.078 0.0439375
0.0780163 0.0436875
0.0780325 0.0435
0.0780488 0.04325
0.078065 0.0430625
0.0780813 0.0428125
0.0780975 0.0425625
0.0781138 0.042375
0.07813 0.042125
0.0781463 0.041875
0.0781625 0.0416875
0.0781788 0.0414375
0.078195 0.0411875
0.0782113 0.0409375
0.0782275 0.04075
0.0782438 0.0405
0.07826 0.04025
0.0782763 0.04
0.0782925 0.03975
0.0783088 0.0395
0.078325 0.03925
0.0783413 0.039
0.0783575 0.03875
0.0783738 0.0385
0.07839 0.03825
0.0784063 0.038
0.0784225 0.03775
0.0784388 0.0375
0.078455 0.03725
0.0784713 0.037
0.0784875 0.03675
0.0785038 0.0364375
0.07852 0.0361875
0.0785363 0.0359375
0.0785525 0.035625
0.0785688 0.035375
0.078585 0.035125
0.0786013 0.0348125
0.0786175 0.0345625
0.0786338 0.03425
0.07865 0.034
0.0786663 0.0336875
0.0786825 0.033375
0.0786988 0.033125
0.078715 0.0328125
0.0787313 0.0325
0.0787475 0.0321875
0.0787638 0.031875
0.07878 0.0315625
0.0787963 0.03125
0.0788125 0.0309375
0.0788288 0.030625
0.078845 0.0303125
0.0788613 0.03
0.0788775 0.029625
0.0788938 0.0293125
0.07891 0.0289375
0.0789263 0.028625
0.0789425 0.02825
0.0789588 0.027875
0.078975 0.0275625
0.0789913 0.0271875
0.0790075 0.0268125
0.0790238 0.0264375
0.07904 0.026
0.0790563 0.025625
0.0790725 0.0251875
0.0790888 0.0248125
0.079105 0.024375
0.0791213 0.0239375
0.0791375 0.0235
0.0791538 0.0230625
0.07917 0.0225625
0.0791863 0.022125
0.0792025 0.021625
0.0792188 0.021125
0.079235 0.0205625
0.0792513 0.0200625
0.0792675 0.0195
0.0792838 0.018875
0.0793 0.0183125
0.0793163 0.017625
0.0793325 0.017
0.0793488 0.01625
0.079365 0.0155
0.0793813 0.0146875
0.0793975 0.0138125
0.0794138 0.012875
0.07943 0.0118125
0.0794463 0.010625
0.0794625 0.0091875
0.0794788 0.007375
0.079495 0.00475
0.0795113 0
0.0795275 0
0.0795438 0
0.07956 0
0.0795763 0
0.0795925 0
0.0796088 0
0.079625 0
0.0796413 0
0.0796575 0
0.0796738 0
0.07969 0
0.0797063 0
0.0797225 0
0.0797388 0
0.079755 0
0.0797713 0
0.0797875 0
0.0798038 0
0.07982 0
0.0798363 0
0.0798525 0
0.0798688 0
0.079885 0
0.0799013 0
0.0799175 0
0.0799338 0
0.07995 0
0.0799663 0
0.0799825 0
0.0799988 0
0.080015 0
0.0800313 0
0.0800475 0
0.0800638 0
0.08008 0
0.0800963 0
0.0801125 0
0.0801288 0
0.080145 0
0.0801613 0
0.0801775 0
0.0801938 0
0.08021 0
0.0802263 0
0.0802425 0
0.0802588 0
0.080275 0
0.0802913 0
0.0803075 0
0.0803238 0
0.08034 0
0.0803563 0
0.0803725 0
0.0803888 0
0.080405 0
0.0804213 0
0.0804375 0
0.0804538 0
0.08047 0
0.0804863 0
0.0805025 0
0.0805188 0
0.080535 0
0.0805513 0
0.0805675 0
0.0805838 0
0.0806 0
0.0806163 0
0.0806325 0
0.0806488 0
0.080665 0
0.0806813 0
0.0806975 0
0.0807138 0
0.08073 0
0.0807463 0
0.0807625 0
0.0807788 0
0.080795 0
0.0808113 0
0.0808275 0
0.0808438 0
0.08086 0
0.0808763 0
0.0808925 0
0.0809088 0
0.080925 0
0.0809413 0
0.0809575 0
0.0809738 0
0.08099 0
0.0810063 0
0.0810225 0
0.0810388 0
0.081055 0
0.0810713 0
0.0810875 0
0.0811038 0
0.08112 0
0.0811363 0
0.0811525 0
0.0811688 0
0.081185 0
0.0812013 0
0.0812175 0
0.0812338 0
0.08125 0
0.0812663 0
0.0812825 0
0.0812988 0
0.081315 0
0.0813313 0
0.0813475 0
0.0813638 0
0.08138 0
0.0813963 0
0.0814125 0
0.0814288 0
0.081445 0
0.0814613 0
0.0814775 0
0.0814938 0
0.08151 0
0.0815263 0
0.0815425 0
0.0815588 0
0.081575 0
0.0815913 0
0.0816075 0
0.0816238 0
0.08164 0
0.0816563 0
0.0816725 0
0.0816888 0
0.081705 0
0.0817213 0
0.0817375 0
0.0817538 0
0.08177 0
0.0817863 0
0.0818025 0
0.0818188 0
0.081835 0
0.0818513 0
0.0818675 0
0.0818838 0
0.0819 0
0.0819163 0
0.0819325 0
0.0819488 0
0.081965 0
0.0819813 0
0.0819975 0
0.0820138 0
0.08203 0
0.0820463 0
0.0820625 0
0.0820788 0
0.082095 0
0.0821113 0
0.0821275 0
0.0821438 0
0.08216 0
0.0821763 0
0.0821925 0
0.0822088 0
0.082225 0
0.0822413 0
0.0822575 0
0.0822738 0
0.08229 0
0.0823063 0
0.0823225 0
0.0823388 0
0.082355 0
0.0823713 0
0.0823875 0
0.0824038 0
0.08242 0
0.0824363 0
0.0824525 0
0.0824688 0
0.082485 0
0.0825013 0
0.0825175 0
0.0825338 0
0.08255 0
0.0825663 0
0.0825825 0
0.0825988 0
0.082615 0
0.0826313 0
0.0826475 0
0.0826638 0
0.08268 0
0.0826963 0
0.0827125 0
0.0827288 0
0.082745 0
0.0827613 0
0.0827775 0
0.0827938 0
0.08281 0
0.0828263 0
0.0828425 0
0.0828588 0
0.082875 0
0.0828913 0
0.0829075 0
0.0829238 0
0.08294 0
0.0829563 0
0.0829725 0
0.0829888 0
0.083005 0
0.0830213 0
0.0830375 0
0.0830538 0
0.08307 0
0.0830863 0
0.0831025 0
0.0831188 0
0.083135 0
0.0831513 0
0.0831675 0
0.0831838 0
0.0832 0
0.0832163 0
0.0832325 0
0.0832488 0
0.083265 0
0.0832813 0
0.0832975 0
0.0833138 0
0.08333 0
0.0833463 0
0.0833625 0
0.0833788 0
0.083395 0
0.0834113 0
0.0834275 0
0.0834438 0
0.08346 0
0.0834763 0
0.0834925 0
0.0835088 0
0.083525 0
0.0835413 0
0.0835575 0
0.0835738 0
0.08359 0
0.0836063 0
0.0836225 0
0.0836388 0
0.083655 0
0.0836713 0
0.0836875 0
0.0837038 0
0.08372 0
0.0837363 0
