0 0.093875
3.25e-05 0.0985
6.5e-05 0.101875
9.75e-05 0.10475
0.00013 0.10725
0.0001625 0.1095
0.000195 0.111625
0.0002275 0.1135
0.00026 0.115375
0.0002925 0.117
0.000325 0.118625
0.0003575 0.120125
0.00039 0.121625
0.0004225 0.123
0.000455 0.12425
0.0004875 0.125625
0.00052 0.126875
0.0005525 0.128
0.000585 0.129125
0.0006175 0.13025
0.00065 0.131375
0.0006825 0.1325
0.000715 0.1335
0.0007475 0.1345
0.00078 0.1355
0.0008125 0.136375
0.000845 0.137375
0.0008775 0.13825
0.00091 0.139125
0.0009425 0.14
0.000975 0.140875
0.0010075 0.14175
0.00104 0.1425
0.0010725 0.143375
0.001105 0.144125
0.0011375 0.144875
0.00117 0.14575
0.0012025 0.1465
0.001235 0.14725
0.0012675 0.148
0.0013 0.148625
0.0013325 0.149375
0.001365 0.150125
0.0013975 0.15075
0.00143 0.1515
0.0014625 0.152125
0.001495 0.15275
0.0015275 0.1535
0.00156 0.154125
0.0015925 0.15475
0.001625 0.155375
0.0016575 0.156
0.00169 0.156625
0.0017225 0.157125
0.001755 0.15775
0.0017875 0.158375
0.00182 0.158875
0.0018525 0.1595
0.001885 0.160125
0.0019175 0.160625
0.00195 0.161125
0.0019825 0.16175
0.002015 0.16225
0.0020475 0.16275
0.00208 0.163375
0.0021125 0.163875
0.002145 0.164375
0.0021775 0.164875
0.00221 0.165375
0.0022425 0.165875
0.002275 0.166375
0.0023075 0.166875
0.00234 0.167375
0.0023725 0.167875
0.002405 0.168375
0.0024375 0.16875
0.00247 0.16925
0.0025025 0.16975
0.002535 0.170125
0.0025675 0.170625
0.0026 0.171125
0.0026325 0.1715
0.002665 0.172
0.0026975 0.172375
0.00273 0.172875
0.0027625 0.17325
0.002795 0.17375
0.0028275 0.174125
0.00286 0.1745
0.0028925 0.175
0.002925 0.175375
0.0029575 0.17575
0.00299 0.17625
0.0030225 0.176625
0.003055 0.177
0.0030875 0.177375
0.00312 0.17775
0.0031525 0.178125
0.003185 0.1785
0.0032175 0.179
0.00325 0.179375
0.0032825 0.17975
0.003315 0.180125
0.0033475 0.1805
0.00338 0.180875
0.0034125 0.181125
0.003445 0.1815
0.0034775 0.181875
0.00351 0.18225
0.0035425 0.182625
0.003575 0.183
0.0036075 0.183375
0.00364 0.183625
0.0036725 0.184
0.003705 0.184375
0.0037375 0.184625
0.00377 0.185
0.0038025 0.185375
0.003835 0.185625
0.0038675 0.186
0.0039 0.186375
0.0039325 0.186625
0.003965 0.187
0.0039975 0.18725
0.00403 0.187625
0.0040625 0.188
0.004095 0.18825
0.0041275 0.1885
0.00416 0.188875
0.0041925 0.189125
0.004225 0.1895
0.0042575 0.18975
0.00429 0.190125
0.0043225 0.190375
0.004355 0.190625
0.0043875 0.191
0.00442 0.19125
0.0044525 0.1915
0.004485 0.191875
0.0045175 0.192125
0.00455 0.192375
0.0045825 0.19275
0.004615 0.193
0.0046475 0.19325
0.00468 0.1935
0.0047125 0.19375
0.004745 0.194125
0.0047775 0.194375
0.00481 0.194625
0.0048425 0.194875
0.004875 0.195125
0.0049075 0.195375
0.00494 0.19575
0.0049725 0.196
0.005005 0.19625
0.0050375 0.1965
0.00507 0.19675
0.0051025 0.197
0.005135 0.19725
0.0051675 0.1975
0.0052 0.19775
0.0052325 0.198
0.005265 0.19825
0.0052975 0.1985
0.00533 0.19875
0.0053625 0.199
0.005395 0.19925
0.0054275 0.1995
0.00546 0.199625
0.0054925 0.199875
0.005525 0.200125
0.0055575 0.200375
0.00559 0.200625
0.0056225 0.200875
0.005655 0.201125
0.0056875 0.20125
0.00572 0.2015
0.0057525 0.20175
0.005785 0.202
0.0058175 0.20225
0.00585 0.202375
0.0058825 0.202625
0.005915 0.202875
0.0059475 0.203125
0.00598 0.20325
0.0060125 0.2035
0.006045 0.20375
0.0060775 0.203875
0.00611 0.204125
0.0061425 0.204375
0.006175 0.2045
0.0062075 0.20475
0.00624 0.205
0.0062725 0.205125
0.006305 0.205375
0.0063375 0.205625
0.00637 0.20575
0.0064025 0.206
0.006435 0.206125
0.0064675 0.206375
0.0065 0.206625
0.0065325 0.20675
0.006565 0.207
0.0065975 0.207125
0.00663 0.207375
0.0066625 0.2075
0.006695 0.20775
0.0067275 0.207875
0.00676 0.208125
0.0067925 0.20825
0.006825 0.2085
0.0068575 0.208625
0.00689 0.208875
0.0069225 0.209
0.006955 0.20925
0.0069875 0.209375
0.00702 0.2095
0.0070525 0.20975
0.007085 0.209875
0.0071175 0.210125
0.00715 0.21025
0.0071825 0.210375
0.007215 0.210625
0.0072475 0.21075
0.00728 0.210875
0.0073125 0.211125
0.007345 0.21125
0.0073775 0.2115
0.00741 0.211625
0.0074425 0.21175
0.007475 0.211875
0.0075075 0.212125
0.00754 0.21225
0.0075725 0.212375
0.007605 0.212625
0.0076375 0.21275
0.00767 0.212875
0.0077025 0.213
0.007735 0.21325
0.0077675 0.213375
0.0078 0.2135
0.0078325 0.213625
0.007865 0.213875
0.0078975 0.214
0.00793 0.214125
0.0079625 0.21425
0.007995 0.214375
0.0080275 0.214625
0.00806 0.21475
0.0080925 0.214875
0.008125 0.215
0.0081575 0.215125
0.00819 0.21525
0.0082225 0.2155
0.008255 0.215625
0.0082875 0.21575
0.00832 0.215875
0.0083525 0.216
0.008385 0.216125
0.0084175 0.21625
0.00845 0.216375
0.0084825 0.216625
0.008515 0.21675
0.0085475 0.216875
0.00858 0.217
0.0086125 0.217125
0.008645 0.21725
0.0086775 0.217375
0.00871 0.2175
0.0087425 0.217625
0.008775 0.21775
0.0088075 0.217875
0.00884 0.218
0.0088725 0.218125
0.008905 0.21825
0.0089375 0.218375
0.00897 0.2185
0.0090025 0.218625
0.009035 0.21875
0.0090675 0.218875
0.0091 0.219
0.0091325 0.219125
0.009165 0.21925
0.0091975 0.219375
0.00923 0.2195
0.0092625 0.219625
0.009295 0.21975
0.0093275 0.219875
0.00936 0.22
0.0093925 0.220125
0.009425 0.220125
0.0094575 0.22025
0.00949 0.220375
0.0095225 0.2205
0.009555 0.220625
0.0095875 0.22075
0.00962 0.220875
0.0096525 0.221
0.009685 0.221125
0.0097175 0.221125
0.00975 0.22125
0.0097825 0.221375
0.009815 0.2215
0.0098475 0.221625
0.00988 0.22175
0.0099125 0.22175
0.009945 0.221875
0.0099775 0.222
0.01001 0.222125
0.0100425 0.22225
0.010075 0.222375
0.0101075 0.222375
0.01014 0.2225
0.0101725 0.222625
0.010205 0.22275
0.0102375 0.22275
0.01027 0.222875
0.0103025 0.223
0.010335 0.223125
0.0103675 0.22325
0.0104 0.22325
0.0104325 0.223375
0.010465 0.2235
0.0104975 0.223625
0.01053 0.223625
0.0105625 0.22375
0.010595 0.223875
0.0106275 0.223875
0.01066 0.224
0.0106925 0.224125
0.010725 0.22425
0.0107575 0.22425
0.01079 0.224375
0.0108225 0.2245
0.010855 0.2245
0.0108875 0.224625
0.01092 0.22475
0.0109525 0.22475
0.010985 0.224875
0.0110175 0.225
0.01105 0.225
0.0110825 0.225125
0.011115 0.22525
0.0111475 0.22525
0.01118 0.225375
0.0112125 0.2255
0.011245 0.2255
0.0112775 0.225625
0.01131 0.225625
0.0113425 0.22575
0.011375 0.225875
0.0114075 0.225875
0.01144 0.226
0.0114725 0.226
0.011505 0.226125
0.0115375 0.22625
0.01157 0.22625
0.0116025 0.226375
0.011635 0.226375
0.0116675 0.2265
0.0117 0.2265
0.0117325 0.226625
0.011765 0.22675
0.0117975 0.22675
0.01183 0.226875
0.0118625 0.226875
0.011895 0.227
0.0119275 0.227
0.01196 0.227125
0.0119925 0.227125
0.012025 0.22725
0.0120575 0.22725
0.01209 0.227375
0.0121225 0.227375
0.012155 0.2275
0.0121875 0.2275
0.01222 0.227625
0.0122525 0.227625
0.012285 0.22775
0.0123175 0.22775
0.01235 0.227875
0.0123825 0.227875
0.012415 0.228
0.0124475 0.228
0.01248 0.228125
0.0125125 0.228125
0.012545 0.22825
0.0125775 0.22825
0.01261 0.228375
0.0126425 0.228375
0.012675 0.2285
0.0127075 0.2285
0.01274 0.2285
0.0127725 0.228625
0.012805 0.228625
0.0128375 0.22875
0.01287 0.22875
0.0129025 0.228875
0.012935 0.228875
0.0129675 0.228875
0.013 0.229
0.0130325 0.229
0.013065 0.229125
0.0130975 0.229125
0.01313 0.229125
0.0131625 0.22925
0.013195 0.22925
0.0132275 0.22925
0.01326 0.229375
0.0132925 0.229375
0.013325 0.2295
0.0133575 0.2295
0.01339 0.2295
0.0134225 0.229625
0.013455 0.229625
0.0134875 0.229625
0.01352 0.22975
0.0135525 0.22975
0.013585 0.22975
0.0136175 0.229875
0.01365 0.229875
0.0136825 0.229875
0.013715 0.23
0.0137475 0.23
0.01378 0.23
0.0138125 0.230125
0.013845 0.230125
0.0138775 0.230125
0.01391 0.23025
0.0139425 0.23025
0.013975 0.23025
0.0140075 0.23025
0.01404 0.230375
0.0140725 0.230375
0.014105 0.230375
0.0141375 0.2305
0.01417 0.2305
0.0142025 0.2305
0.014235 0.2305
0.0142675 0.230625
0.0143 0.230625
0.0143325 0.230625
0.014365 0.230625
0.0143975 0.23075
0.01443 0.23075
0.0144625 0.23075
0.014495 0.23075
0.0145275 0.230875
0.01456 0.230875
0.0145925 0.230875
0.014625 0.230875
0.0146575 0.231
0.01469 0.231
0.0147225 0.231
0.014755 0.231
0.0147875 0.231125
0.01482 0.231125
0.0148525 0.231125
0.014885 0.231125
0.0149175 0.231125
0.01495 0.23125
0.0149825 0.23125
0.015015 0.23125
0.0150475 0.23125
0.01508 0.23125
0.0151125 0.231375
0.015145 0.231375
0.0151775 0.231375
0.01521 0.231375
0.0152425 0.231375
0.015275 0.231375
0.0153075 0.2315
0.01534 0.2315
0.0153725 0.2315
0.015405 0.2315
0.0154375 0.2315
0.01547 0.2315
0.0155025 0.2315
0.015535 0.231625
0.0155675 0.231625
0.0156 0.231625
0.0156325 0.231625
0.015665 0.231625
0.0156975 0.231625
0.01573 0.231625
0.0157625 0.23175
0.015795 0.23175
0.0158275 0.23175
0.01586 0.23175
0.0158925 0.23175
0.015925 0.23175
0.0159575 0.23175
0.01599 0.23175
0.0160225 0.23175
0.016055 0.231875
0.0160875 0.231875
0.01612 0.231875
0.0161525 0.231875
0.016185 0.231875
0.0162175 0.231875
0.01625 0.231875
0.0162825 0.231875
0.016315 0.231875
0.0163475 0.231875
0.01638 0.231875
0.0164125 0.231875
0.016445 0.232
0.0164775 0.232
0.01651 0.232
0.0165425 0.232
0.016575 0.232
0.0166075 0.232
0.01664 0.232
0.0166725 0.232
0.016705 0.232
0.0167375 0.232
0.01677 0.232
0.0168025 0.232
0.016835 0.232
0.0168675 0.232
0.0169 0.232
0.0169325 0.232
0.016965 0.232
0.0169975 0.232
0.01703 0.232
0.0170625 0.232
0.017095 0.232
0.0171275 0.232
0.01716 0.232
0.0171925 0.232125
0.017225 0.232125
0.0172575 0.232125
0.01729 0.232125
0.0173225 0.232125
0.017355 0.232125
0.0173875 0.232125
0.01742 0.232097
0.0174525 0.232055
0.017485 0.232046
0.0175175 0.232037
0.01755 0.232027
0.0175825 0.232017
0.017615 0.232007
0.0176475 0.232
0.01768 0.232
0.0177125 0.232
0.017745 0.232
0.0177775 0.232
0.01781 0.232
0.0178425 0.232
0.017875 0.232
0.0179075 0.232
0.01794 0.232
0.0179725 0.231875
0.018005 0.231875
0.0180375 0.231875
0.01807 0.231875
0.0181025 0.231875
0.018135 0.231875
0.0181675 0.231875
0.0182 0.231875
0.0182325 0.231875
0.018265 0.23175
0.0182975 0.23175
0.01833 0.23175
0.0183625 0.23175
0.018395 0.23175
0.0184275 0.23175
0.01846 0.23175
0.0184925 0.231625
0.018525 0.231625
0.0185575 0.231625
0.01859 0.231625
0.0186225 0.231625
0.018655 0.231625
0.0186875 0.231625
0.01872 0.2315
0.0187525 0.2315
0.018785 0.2315
0.0188175 0.2315
0.01885 0.2315
0.0188825 0.231375
0.018915 0.231375
0.0189475 0.231375
0.01898 0.231375
0.0190125 0.231375
0.019045 0.231375
0.0190775 0.23125
0.01911 0.23125
0.0191425 0.23125
0.019175 0.23125
0.0192075 0.23125
0.01924 0.231125
0.0192725 0.231125
0.019305 0.231125
0.0193375 0.231125
0.01937 0.231
0.0194025 0.231
0.019435 0.231
0.0194675 0.231
0.0195 0.231
0.0195325 0.230875
0.019565 0.230875
0.0195975 0.230875
0.01963 0.230875
0.0196625 0.23075
0.019695 0.23075
0.0197275 0.23075
0.01976 0.23075
0.0197925 0.230625
0.019825 0.230625
0.0198575 0.230625
0.01989 0.230625
0.0199225 0.2305
0.019955 0.2305
0.0199875 0.2305
0.02002 0.2305
0.0200525 0.230375
0.020085 0.230375
0.0201175 0.230375
0.02015 0.23025
0.0201825 0.23025
0.020215 0.23025
0.0202475 0.23025
0.02028 0.230125
0.0203125 0.230125
0.020345 0.230125
0.0203775 0.23
0.02041 0.23
0.0204425 0.23
0.020475 0.23
0.0205075 0.229875
0.02054 0.229875
0.0205725 0.229875
0.020605 0.22975
0.0206375 0.22975
0.02067 0.22975
0.0207025 0.229625
0.020735 0.229625
0.0207675 0.229625
0.0208 0.2295
0.0208325 0.2295
0.020865 0.2295
0.0208975 0.229375
0.02093 0.229375
0.0209625 0.229375
0.020995 0.22925
0.0210275 0.22925
0.02106 0.22925
0.0210925 0.229125
0.021125 0.229125
0.0211575 0.229125
0.02119 0.229
0.0212225 0.229
0.021255 0.228875
0.0212875 0.228875
0.02132 0.228875
0.0213525 0.22875
0.021385 0.22875
0.0214175 0.22875
0.02145 0.228625
0.0214825 0.228625
0.021515 0.2285
0.0215475 0.2285
0.02158 0.2285
0.0216125 0.228375
0.021645 0.228375
0.0216775 0.22825
0.02171 0.22825
0.0217425 0.22825
0.021775 0.228125
0.0218075 0.228125
0.02184 0.228
0.0218725 0.228
0.021905 0.228
0.0219375 0.227875
0.02197 0.227875
0.0220025 0.22775
0.022035 0.22775
0.0220675 0.22775
0.0221 0.227625
0.0221325 0.227625
0.022165 0.2275
0.0221975 0.2275
0.02223 0.227375
0.0222625 0.227375
0.022295 0.227375
0.0223275 0.22725
0.02236 0.22725
0.0223925 0.227125
0.022425 0.227125
0.0224575 0.227
0.02249 0.227
0.0225225 0.226875
0.022555 0.226875
0.0225875 0.22675
0.02262 0.22675
0.0226525 0.22675
0.022685 0.226625
0.0227175 0.226625
0.02275 0.2265
0.0227825 0.2265
0.022815 0.226375
0.0228475 0.226375
0.02288 0.22625
0.0229125 0.22625
0.022945 0.226125
0.0229775 0.226125
0.02301 0.226
0.0230425 0.226
0.023075 0.225875
0.0231075 0.225875
0.02314 0.22575
0.0231725 0.22575
0.023205 0.225625
0.0232375 0.225625
0.02327 0.2255
0.0233025 0.2255
0.023335 0.225375
0.0233675 0.225375
0.0234 0.22525
0.0234325 0.22525
0.023465 0.225125
0.0234975 0.225125
0.02353 0.225
0.0235625 0.224875
0.023595 0.224875
0.0236275 0.22475
0.02366 0.22475
0.0236925 0.224625
0.023725 0.224625
0.0237575 0.2245
0.02379 0.2245
0.0238225 0.224375
0.023855 0.224375
0.0238875 0.22425
0.02392 0.224125
0.0239525 0.224125
0.023985 0.224
0.0240175 0.224
0.02405 0.223875
0.0240825 0.223875
0.024115 0.22375
0.0241475 0.22375
0.02418 0.223625
0.0242125 0.2235
0.024245 0.2235
0.0242775 0.223375
0.02431 0.223375
0.0243425 0.22325
0.024375 0.223125
0.0244075 0.223125
0.02444 0.223
0.0244725 0.223
0.024505 0.222875
0.0245375 0.22275
0.02457 0.22275
0.0246025 0.222625
0.024635 0.222625
0.0246675 0.2225
0.0247 0.222375
0.0247325 0.222375
0.024765 0.22225
0.0247975 0.22225
0.02483 0.222125
0.0248625 0.222
0.024895 0.222
0.0249275 0.221875
0.02496 0.22175
0.0249925 0.22175
0.025025 0.221625
0.0250575 0.221625
0.02509 0.2215
0.0251225 0.221375
0.025155 0.221375
0.0251875 0.22125
0.02522 0.221125
0.0252525 0.221125
0.025285 0.221
0.0253175 0.220875
0.02535 0.220875
0.0253825 0.22075
0.025415 0.220625
0.0254475 0.220625
0.02548 0.2205
0.0255125 0.220375
0.025545 0.220375
0.0255775 0.22025
0.02561 0.220125
0.0256425 0.220125
0.025675 0.22
0.0257075 0.219875
0.02574 0.219875
0.0257725 0.21975
0.025805 0.219625
0.0258375 0.2195
0.02587 0.2195
0.0259025 0.219375
0.025935 0.21925
0.0259675 0.21925
0.026 0.219125
0.0260325 0.219
0.026065 0.219
0.0260975 0.218875
0.02613 0.21875
0.0261625 0.218625
0.026195 0.218625
0.0262275 0.2185
0.02626 0.218375
0.0262925 0.218375
0.026325 0.21825
0.0263575 0.218125
0.02639 0.218
0.0264225 0.218
0.026455 0.217875
0.0264875 0.21775
0.02652 0.217625
0.0265525 0.217625
0.026585 0.2175
0.0266175 0.217375
0.02665 0.21725
0.0266825 0.21725
0.026715 0.217125
0.0267475 0.217
0.02678 0.216875
0.0268125 0.216875
0.026845 0.21675
0.0268775 0.216625
0.02691 0.2165
0.0269425 0.2165
0.026975 0.216375
0.0270075 0.21625
0.02704 0.216125
0.0270725 0.216125
0.027105 0.216
0.0271375 0.215875
0.02717 0.21575
0.0272025 0.215625
0.027235 0.215625
0.0272675 0.2155
0.0273 0.215375
0.0273325 0.21525
0.027365 0.215125
0.0273975 0.215125
0.02743 0.215
0.0274625 0.214875
0.027495 0.21475
0.0275275 0.214625
0.02756 0.214625
0.0275925 0.2145
0.027625 0.214375
0.0276575 0.21425
0.02769 0.214125
0.0277225 0.214
0.027755 0.214
0.0277875 0.213875
0.02782 0.21375
0.0278525 0.213625
0.027885 0.2135
0.0279175 0.213375
0.02795 0.213375
0.0279825 0.21325
0.028015 0.213125
0.0280475 0.213
0.02808 0.212875
0.0281125 0.21275
0.028145 0.21275
0.0281775 0.212625
0.02821 0.2125
0.0282425 0.212375
0.028275 0.21225
0.0283075 0.212125
0.02834 0.212
0.0283725 0.211875
0.028405 0.211875
0.0284375 0.21175
0.02847 0.211625
0.0285025 0.2115
0.028535 0.211375
0.0285675 0.21125
0.0286 0.211125
0.0286325 0.211
0.028665 0.211
0.0286975 0.210875
0.02873 0.21075
0.0287625 0.210625
0.028795 0.2105
0.0288275 0.210375
0.02886 0.21025
0.0288925 0.210125
0.028925 0.21
0.0289575 0.209875
0.02899 0.209875
0.0290225 0.20975
0.029055 0.209625
0.0290875 0.2095
0.02912 0.209375
0.0291525 0.20925
0.029185 0.209125
0.0292175 0.209
0.02925 0.208875
0.0292825 0.20875
0.029315 0.208625
0.0293475 0.2085
0.02938 0.208375
0.0294125 0.20825
0.029445 0.208125
0.0294775 0.208125
0.02951 0.208
0.0295425 0.207875
0.029575 0.20775
0.0296075 0.207625
0.02964 0.2075
0.0296725 0.207375
0.029705 0.20725
0.0297375 0.207125
0.02977 0.207
0.0298025 0.206875
0.029835 0.20675
0.0298675 0.206625
0.0299 0.2065
0.0299325 0.206375
0.029965 0.20625
0.0299975 0.206125
0.03003 0.206
0.0300625 0.205875
0.030095 0.20575
0.0301275 0.205625
0.03016 0.2055
0.0301925 0.205375
0.030225 0.20525
0.0302575 0.205125
0.03029 0.205
0.0303225 0.204875
0.030355 0.20475
0.0303875 0.204625
0.03042 0.2045
0.0304525 0.204375
0.030485 0.20425
0.0305175 0.204125
0.03055 0.204
0.0305825 0.203875
0.030615 0.20375
0.0306475 0.203625
0.03068 0.2035
0.0307125 0.203375
0.030745 0.20325
0.0307775 0.203125
0.03081 0.203
0.0308425 0.202875
0.030875 0.202625
0.0309075 0.2025
0.03094 0.202375
0.0309725 0.20225
0.031005 0.202125
0.0310375 0.202
0.03107 0.201875
0.0311025 0.20175
0.031135 0.201625
0.0311675 0.2015
0.0312 0.201375
0.0312325 0.20125
0.031265 0.201125
0.0312975 0.201
0.03133 0.20075
0.0313625 0.200625
0.031395 0.2005
0.0314275 0.200375
0.03146 0.20025
0.0314925 0.200125
0.031525 0.2
0.0315575 0.199875
0.03159 0.19975
0.0316225 0.199625
0.031655 0.1995
0.0316875 0.19925
0.03172 0.199125
0.0317525 0.199
0.031785 0.198875
0.0318175 0.19875
0.03185 0.198625
0.0318825 0.1985
0.031915 0.198375
0.0319475 0.198125
0.03198 0.198
0.0320125 0.197875
0.032045 0.19775
0.0320775 0.197625
0.03211 0.1975
0.0321425 0.197375
0.032175 0.197125
0.0322075 0.197
0.03224 0.196875
0.0322725 0.19675
0.032305 0.196625
0.0323375 0.1965
0.03237 0.19625
0.0324025 0.196125
0.032435 0.196
0.0324675 0.195875
0.0325 0.19575
0.0325325 0.195625
0.032565 0.195375
0.0325975 0.19525
0.03263 0.195125
0.0326625 0.195
0.032695 0.194875
0.0327275 0.194625
0.03276 0.1945
0.0327925 0.194375
0.032825 0.19425
0.0328575 0.194125
0.03289 0.193875
0.0329225 0.19375
0.032955 0.193625
0.0329875 0.1935
0.03302 0.193375
0.0330525 0.193125
0.033085 0.193
0.0331175 0.192875
0.03315 0.19275
0.0331825 0.192625
0.033215 0.192375
0.0332475 0.19225
0.03328 0.192125
0.0333125 0.192
0.033345 0.19175
0.0333775 0.191625
0.03341 0.1915
0.0334425 0.191375
0.033475 0.191125
0.0335075 0.191
0.03354 0.190875
0.0335725 0.19075
0.033605 0.1905
0.0336375 0.190375
0.03367 0.19025
0.0337025 0.19
0.033735 0.189875
0.0337675 0.18975
0.0338 0.189625
0.0338325 0.189375
0.033865 0.18925
0.0338975 0.189125
0.03393 0.189
0.0339625 0.18875
0.033995 0.188625
0.0340275 0.1885
0.03406 0.18825
0.0340925 0.188125
0.034125 0.188
0.0341575 0.18775
0.03419 0.187625
0.0342225 0.1875
0.034255 0.18725
0.0342875 0.187125
0.03432 0.187
0.0343525 0.18675
0.034385 0.186625
0.0344175 0.1865
0.03445 0.18625
0.0344825 0.186125
0.034515 0.186
0.0345475 0.18575
0.03458 0.185625
0.0346125 0.1855
0.034645 0.18525
0.0346775 0.185125
0.03471 0.185
0.0347425 0.18475
0.034775 0.184625
0.0348075 0.1845
0.03484 0.18425
0.0348725 0.184125
0.034905 0.184
0.0349375 0.18375
0.03497 0.183625
0.0350025 0.183375
0.035035 0.18325
0.0350675 0.183125
0.0351 0.182875
0.0351325 0.18275
0.035165 0.1825
0.0351975 0.182375
0.03523 0.18225
0.0352625 0.182
0.035295 0.181875
0.0353275 0.181625
0.03536 0.1815
0.0353925 0.181375
0.035425 0.181125
0.0354575 0.181
0.03549 0.18075
0.0355225 0.180625
0.035555 0.180375
0.0355875 0.18025
0.03562 0.180125
0.0356525 0.179875
0.035685 0.17975
0.0357175 0.1795
0.03575 0.179375
0.0357825 0.179125
0.035815 0.179
0.0358475 0.17875
0.03588 0.178625
0.0359125 0.178375
0.035945 0.17825
0.0359775 0.178125
0.03601 0.177875
0.0360425 0.17775
0.036075 0.1775
0.0361075 0.177375
0.03614 0.177125
0.0361725 0.177
0.036205 0.17675
0.0362375 0.176625
0.03627 0.176375
0.0363025 0.17625
0.036335 0.176
0.0363675 0.175875
0.0364 0.175625
0.0364325 0.1755
0.036465 0.17525
0.0364975 0.175125
0.03653 0.174875
0.0365625 0.17475
0.036595 0.1745
0.0366275 0.17425
0.03666 0.174125
0.0366925 0.173875
0.036725 0.17375
0.0367575 0.1735
0.03679 0.173375
0.0368225 0.173125
0.036855 0.173
0.0368875 0.17275
0.03692 0.172625
0.0369525 0.172375
0.036985 0.172125
0.0370175 0.172
0.03705 0.17175
0.0370825 0.171625
0.037115 0.171375
0.0371475 0.17125
0.03718 0.171
0.0372125 0.17075
0.037245 0.170625
0.0372775 0.170375
0.03731 0.17025
0.0373425 0.17
0.037375 0.16975
0.0374075 0.169625
0.03744 0.169375
0.0374725 0.16925
0.037505 0.169
0.0375375 0.16875
0.03757 0.168625
0.0376025 0.168375
0.037635 0.168125
0.0376675 0.168
0.0377 0.16775
0.0377325 0.1675
0.037765 0.167375
0.0377975 0.167125
0.03783 0.167
0.0378625 0.16675
0.037895 0.1665
0.0379275 0.166375
0.03796 0.166125
0.0379925 0.165875
0.038025 0.16575
0.0380575 0.1655
0.03809 0.16525
0.0381225 0.165
0.038155 0.164875
0.0381875 0.164625
0.03822 0.164375
0.0382525 0.16425
0.038285 0.164
0.0383175 0.16375
0.03835 0.163625
0.0383825 0.163375
0.038415 0.163125
0.0384475 0.162875
0.03848 0.16275
0.0385125 0.1625
0.038545 0.16225
0.0385775 0.162
0.03861 0.161875
0.0386425 0.161625
0.038675 0.161375
0.0387075 0.16125
0.03874 0.161
0.0387725 0.16075
0.038805 0.1605
0.0388375 0.16025
0.03887 0.160125
0.0389025 0.159875
0.038935 0.159625
0.0389675 0.159375
0.039 0.15925
0.0390325 0.159
0.039065 0.15875
0.0390975 0.1585
0.03913 0.15825
0.0391625 0.158125
0.039195 0.157875
0.0392275 0.157625
0.03926 0.157375
0.0392925 0.157125
0.039325 0.157
0.0393575 0.15675
0.03939 0.1565
0.0394225 0.15625
0.039455 0.156
0.0394875 0.15575
0.03952 0.155625
0.0395525 0.155375
0.039585 0.155125
0.0396175 0.154875
0.03965 0.154625
0.0396825 0.154375
0.039715 0.154125
0.0397475 0.153875
0.03978 0.15375
0.0398125 0.1535
0.039845 0.15325
0.0398775 0.153
0.03991 0.15275
0.0399425 0.1525
0.039975 0.15225
0.0400075 0.152
0.04004 0.15175
0.0400725 0.151625
0.040105 0.151375
0.0401375 0.151125
0.04017 0.150875
0.0402025 0.150625
0.040235 0.150375
0.0402675 0.150125
0.0403 0.149875
0.0403325 0.149625
0.040365 0.149375
0.0403975 0.149125
0.04043 0.148875
0.0404625 0.148625
0.040495 0.148375
0.0405275 0.148125
0.04056 0.147875
0.0405925 0.147625
0.040625 0.147375
0.0406575 0.147125
0.04069 0.146875
0.0407225 0.146625
0.040755 0.146375
0.0407875 0.146125
0.04082 0.145875
0.0408525 0.145625
0.040885 0.145375
0.0409175 0.145125
0.04095 0.144875
0.0409825 0.144625
0.041015 0.144375
0.0410475 0.144125
0.04108 0.143875
0.0411125 0.143625
0.041145 0.143375
0.0411775 0.143125
0.04121 0.142875
0.0412425 0.142625
0.041275 0.142375
0.0413075 0.142
0.04134 0.14175
0.0413725 0.1415
0.041405 0.14125
0.0414375 0.141
0.04147 0.14075
0.0415025 0.1405
0.041535 0.14025
0.0415675 0.14
0.0416 0.139625
0.0416325 0.139375
0.041665 0.139125
0.0416975 0.138875
0.04173 0.138625
0.0417625 0.138375
0.041795 0.138125
0.0418275 0.13775
0.04186 0.1375
0.0418925 0.13725
0.041925 0.137
0.0419575 0.13675
0.04199 0.136375
0.0420225 0.136125
0.042055 0.135875
0.0420875 0.135625
0.04212 0.135375
0.0421525 0.135
0.042185 0.13475
0.0422175 0.1345
0.04225 0.13425
0.0422825 0.133875
0.042315 0.133625
0.0423475 0.133375
0.04238 0.133125
0.0424125 0.13275
0.042445 0.1325
0.0424775 0.13225
0.04251 0.132
0.0425425 0.131625
0.042575 0.131375
0.0426075 0.131125
0.04264 0.13075
0.0426725 0.1305
0.042705 0.13025
0.0427375 0.129875
0.04277 0.129625
0.0428025 0.129375
0.042835 0.129
0.0428675 0.12875
0.0429 0.1285
0.0429325 0.128125
0.042965 0.127875
0.0429975 0.127625
0.04303 0.12725
0.0430625 0.127
0.043095 0.12675
0.0431275 0.126375
0.04316 0.126125
0.0431925 0.12575
0.043225 0.1255
0.0432575 0.12525
0.04329 0.124875
0.0433225 0.124625
0.043355 0.12425
0.0433875 0.124
0.04342 0.123625
0.0434525 0.123375
0.043485 0.123
0.0435175 0.12275
0.04355 0.122375
0.0435825 0.122125
0.043615 0.121875
0.0436475 0.1215
0.04368 0.12125
0.0437125 0.120875
0.043745 0.1205
0.0437775 0.12025
0.04381 0.119875
0.0438425 0.119625
0.043875 0.11925
0.0439075 0.119
0.04394 0.118625
0.0439725 0.118375
0.044005 0.118
0.0440375 0.11775
0.04407 0.117375
0.0441025 0.117
0.044135 0.11675
0.0441675 0.116375
0.0442 0.116
0.0442325 0.11575
0.044265 0.115375
0.0442975 0.115125
0.04433 0.11475
0.0443625 0.114375
0.044395 0.114125
0.0444275 0.11375
0.04446 0.113375
0.0444925 0.113125
0.044525 0.11275
0.0445575 0.112375
0.04459 0.112125
0.0446225 0.11175
0.044655 0.111375
0.0446875 0.111
0.04472 0.11075
0.0447525 0.110375
0.044785 0.11
0.0448175 0.109625
0.04485 0.109375
0.0448825 0.109
0.044915 0.108625
0.0449475 0.10825
0.04498 0.107875
0.0450125 0.107625
0.045045 0.10725
0.0450775 0.106875
0.04511 0.1065
0.0451425 0.106125
0.045175 0.10575
0.0452075 0.105375
0.04524 0.105125
0.0452725 0.10475
0.045305 0.104375
0.0453375 0.104
0.04537 0.103625
0.0454025 0.10325
0.045435 0.102875
0.0454675 0.1025
0.0455 0.102125
0.0455325 0.10175
0.045565 0.101375
0.0455975 0.101
0.04563 0.100625
0.0456625 0.10025
0.045695 0.099875
0.0457275 0.0995
0.04576 0.099125
0.0457925 0.09875
0.045825 0.098375
0.0458575 0.098
0.04589 0.097625
0.0459225 0.09725
0.045955 0.096875
0.0459875 0.0965
0.04602 0.096125
0.0460525 0.095625
0.046085 0.09525
0.0461175 0.094875
0.04615 0.0945
0.0461825 0.094125
0.046215 0.09375
0.0462475 0.09325
0.04628 0.092875
0.0463125 0.0925
0.046345 0.092125
0.0463775 0.091625
0.04641 0.09125
0.0464425 0.090875
0.046475 0.0905
0.0465075 0.09
0.04654 0.089625
0.0465725 0.08925
0.046605 0.08875
0.0466375 0.088375
0.04667 0.088
0.0467025 0.0875
0.046735 0.087125
0.0467675 0.08675
0.0468 0.08625
0.0468325 0.085875
0.046865 0.085375
0.0468975 0.085
0.04693 0.0845
0.0469625 0.084125
0.046995 0.083625
0.0470275 0.08325
0.04706 0.08275
0.0470925 0.082375
0.047125 0.081875
0.0471575 0.0815
0.04719 0.081
0.0472225 0.0805
0.047255 0.080125
0.0472875 0.079625
0.04732 0.07925
0.0473525 0.07875
0.047385 0.07825
0.0474175 0.07775
0.04745 0.077375
0.0474825 0.076875
0.047515 0.076375
0.0475475 0.075875
0.04758 0.0755
0.0476125 0.075
0.047645 0.0745
0.0476775 0.074
0.04771 0.0735
0.0477425 0.073
0.047775 0.072625
0.0478075 0.072125
0.04784 0.071625
0.0478725 0.071125
0.047905 0.070625
0.0479375 0.070125
0.04797 0.069625
0.0480025 0.069125
0.048035 0.068625
0.0480675 0.068
0.0481 0.0675
0.0481325 0.067
0.048165 0.0665
0.0481975 0.066
0.04823 0.0655
0.0482625 0.064875
0.048295 0.064375
0.0483275 0.063875
0.04836 0.06325
0.0483925 0.06275
0.048425 0.06225
0.0484575 0.061625
0.04849 0.061125
0.0485225 0.0605
0.048555 0.06
0.0485875 0.059375
0.04862 0.058875
0.0486525 0.05825
0.048685 0.05775
0.0487175 0.057125
0.04875 0.0565
0.0487825 0.055875
0.048815 0.055375
0.0488475 0.05475
0.04888 0.054125
0.0489125 0.0535
0.048945 0.052875
0.0489775 0.05225
0.04901 0.051625
0.0490425 0.051
0.049075 0.050375
0.0491075 0.04975
0.04914 0.049
0.0491725 0.048375
0.049205 0.04775
0.0492375 0.047
0.04927 0.046375
0.0493025 0.045625
0.049335 0.045
0.0493675 0.04425
0.0494 0.0435
0.0494325 0.042875
0.049465 0.042125
0.0494975 0.041375
0.04953 0.040625
0.0495625 0.03975
0.049595 0.039
0.0496275 0.03825
0.04966 0.037375
0.0496925 0.0365
0.049725 0.03575
0.0497575 0.034875
0.04979 0.034
0.0498225 0.033
0.049855 0.032125
0.0498875 0.031125
0.04992 0.030125
0.0499525 0.029125
0.049985 0.028125
0.0500175 0.027
0.05005 0.025875
0.0500825 0.024625
0.050115 0.023375
0.0501475 0.022
0.05018 0.020625
0.0502125 0.019
0.050245 0.01725
0.0502775 0.015375
0.05031 0.013125
0.0503425 0.01025
0.050375 0.006
0.0504075 0
0.05044 0
0.0504725 0
0.050505 0
0.0505375 0
0.05057 0
0.0506025 0
0.050635 0
0.0506675 0
0.0507 0
0.0507325 0
0.050765 0
0.0507975 0
0.05083 0
0.0508625 0
0.050895 0
0.0509275 0
0.05096 0
0.0509925 0
0.051025 0
0.0510575 0
0.05109 0
0.0511225 0
0.051155 0
0.0511875 0
0.05122 0
0.0512525 0
0.051285 0
0.0513175 0
0.05135 0
0.0513825 0
0.051415 0
0.0514475 0
0.05148 0
0.0515125 0
0.051545 0
0.0515775 0
0.05161 0
0.0516425 0
0.051675 0
0.0517075 0
0.05174 0
0.0517725 0
0.051805 0
